   7.6514402392661207e+00   2.1643710476387481e+00   1.0000000000000000e+00
   1.9231152803074414e-01   6.8516167771091041e+00   1.0000000000000000e+00
   1.0171645199524493e+00   8.0094001938077781e+00   1.0000000000000000e+00
   9.9492462557729446e+00   8.9596143737887823e-02   1.0000000000000000e+00
   9.8690510678648415e+00   3.7675967123957332e+00   1.0000000000000000e+00
   1.1138752988037148e+00   8.9478335506727422e+00   1.0000000000000000e+00
   3.4978878524634882e-01   7.7177279547628004e+00   1.0000000000000000e+00
   1.9547447843579857e+00   9.5573896970168910e+00   1.0000000000000000e+00
   3.0305606706882005e+00   8.5236378543538809e+00   1.0000000000000000e+00
   3.3853806837514613e+00   9.4654758005391688e+00   1.0000000000000000e+00
   8.8314172253327925e+00   2.4080569378438730e+00   1.0000000000000000e+00
   8.2064983261045388e-02   6.7342099941338551e+00   1.0000000000000000e+00
   2.8572231654717664e+00   8.6471861747566017e+00   1.0000000000000000e+00
   7.5357954416750017e+00   2.5255090162669913e+00   1.0000000000000000e+00
   7.5731125838726268e+00   1.3042594825073572e+00   1.0000000000000000e+00
   1.9636238402593098e+00   7.1230578731314083e+00   1.0000000000000000e+00
   3.0794672873248330e-01   7.8280161858016486e+00   1.0000000000000000e+00
   9.6862065039099097e+00   8.9038298057350751e-01   1.0000000000000000e+00
   9.5863169023653878e+00   2.4817715201612645e+00   1.0000000000000000e+00
   2.0812419881936881e+00   7.8395746780134976e+00   1.0000000000000000e+00
   7.4114357314989459e+00   1.3623229445809926e+00   1.0000000000000000e+00
   1.9881744862890849e-01   6.3452697087848815e+00   1.0000000000000000e+00
   9.1262298039728336e+00   6.9138627031425259e-01   1.0000000000000000e+00
   9.0543172710961279e+00   1.2296379106350419e+00   1.0000000000000000e+00
   9.5855762232023238e+00   7.8697561815000983e-01   1.0000000000000000e+00
   9.3931180822473017e+00   3.5953441649116211e+00   1.0000000000000000e+00
   7.7815240811586044e+00   1.3894283373304728e+00   1.0000000000000000e+00
   7.5306517795835592e+00   7.5358696190143015e-01   1.0000000000000000e+00
   1.7315598981178604e+00   8.1152050498576358e+00   1.0000000000000000e+00
   7.0010221263080403e+00   2.6516547028248794e-01   1.0000000000000000e+00
   3.0633373097655237e+00   8.6243712957225132e+00   1.0000000000000000e+00
   2.1735427122296924e-01   8.1149642883361359e+00   1.0000000000000000e+00
   3.0088861812109302e+00   8.4006864787145847e+00   1.0000000000000000e+00
   2.9142456618947810e+00   9.9751485123757284e+00   1.0000000000000000e+00
   2.7191615187474438e+00   8.8924508908124587e+00   1.0000000000000000e+00
   9.0228204490912289e-01   8.1458695721451111e+00   1.0000000000000000e+00
   1.4575685574465380e+00   7.9539249404627466e+00   1.0000000000000000e+00
   2.6518566039396010e+00   9.3785532908227403e+00   1.0000000000000000e+00
   9.6771505713578083e+00   3.2424079780584112e+00   1.0000000000000000e+00
   6.9370110977111521e+00   6.2959531981973016e-01   1.0000000000000000e+00
   7.5651361188851229e+00   1.8642890585215444e+00   1.0000000000000000e+00
   7.7176935779610725e+00   1.3654559986675729e+00   1.0000000000000000e+00
   7.5473498730205515e+00   2.5420338726908653e+00   1.0000000000000000e+00
   1.3094005451426416e+00   7.3162330179580470e+00   1.0000000000000000e+00
   7.9272763250386298e+00   5.0134268450125807e-01   1.0000000000000000e+00
   8.7449276849121347e+00   9.4931498190447994e-01   1.0000000000000000e+00
   7.8558226829950417e+00   1.5234572947087699e+00   1.0000000000000000e+00
   8.3450370246934611e+00   9.1391334596454543e-01   1.0000000000000000e+00
   9.9020012867556932e+00   1.1417215131572145e+00   1.0000000000000000e+00
   3.0048695754788102e+00   9.4907994281760875e+00   1.0000000000000000e+00
   5.9779931607163994e-01   8.5815807105614734e+00   1.0000000000000000e+00
   9.5380131626133053e+00   2.3644658616299976e+00   1.0000000000000000e+00
   7.6524218549390985e+00   9.8109052691874310e-01   1.0000000000000000e+00
   2.1647451182332569e+00   9.4876404558301015e+00   1.0000000000000000e+00
   3.0419153524037155e+00   9.2405988364355611e+00   1.0000000000000000e+00
   2.0581126200323374e+00   8.0238651704787607e+00   1.0000000000000000e+00
   9.9672464495649162e+00   8.3637939030514197e-02   1.0000000000000000e+00
   2.2883127740721032e+00   7.5163270868067329e+00   1.0000000000000000e+00
   7.9680434517333287e+00   2.5005005569333463e+00   1.0000000000000000e+00
   1.8980207483382960e+00   7.4126418570685670e+00   1.0000000000000000e+00
   1.7460115455097958e+00   8.5683056123106187e+00   1.0000000000000000e+00
   1.3472083045601491e+00   7.5553372993023196e+00   1.0000000000000000e+00
   1.1862227673487036e+00   8.7223655514703111e+00   1.0000000000000000e+00
   9.4976136540060931e+00   2.6814656847802421e+00   1.0000000000000000e+00
   3.0459550564887028e+00   8.7731327313057523e+00   1.0000000000000000e+00
   1.0190409594851402e+00   8.6745608541653922e+00   1.0000000000000000e+00
   4.2396846858272719e-01   8.2710018271463550e+00   1.0000000000000000e+00
   1.1350173937602948e+00   9.6052857287995401e+00   1.0000000000000000e+00
   8.3686022268847680e+00   1.9602115836999146e+00   1.0000000000000000e+00
   9.2508359594470981e+00   2.7245364973689457e+00   1.0000000000000000e+00
   9.8705666498993985e+00   2.7148530944680695e+00   1.0000000000000000e+00
   8.2836640124910552e+00   2.2094245420186667e+00   1.0000000000000000e+00
   6.2647223899910953e-02   8.7975204431388594e+00   1.0000000000000000e+00
   7.5680184000163191e+00   2.1510802839865315e+00   1.0000000000000000e+00
   9.6933516901329728e+00   1.8857096364980896e-01   1.0000000000000000e+00
   7.9331151273583558e+00   1.5100931589826150e+00   1.0000000000000000e+00
   1.6934801052053150e+00   9.1366601569109882e+00   1.0000000000000000e+00
   3.3246836980448693e+00   9.5779641507106099e+00   1.0000000000000000e+00
   7.4693073358136575e-01   9.7194583319429935e+00   1.0000000000000000e+00
   6.7628521445685150e+00   1.3862425377773735e+00   1.0000000000000000e+00
   8.4337059688494627e+00   2.0474689570308180e-01   1.0000000000000000e+00
   2.3233331759705389e+00   7.4999473280059075e+00   1.0000000000000000e+00
   7.1305718448962434e+00   1.3445639735257930e+00   1.0000000000000000e+00
   1.3227892775477756e-01   8.8930112692178316e+00   1.0000000000000000e+00
   7.9471249745489860e+00   2.0214487871896649e+00   1.0000000000000000e+00
   9.9323824096016740e+00   2.2531504248211407e+00   1.0000000000000000e+00
   1.0829355414881692e+00   9.8100200073857273e+00   1.0000000000000000e+00
   2.2442361318331661e+00   9.1447285687967863e+00   1.0000000000000000e+00
   1.4436735016759850e+00   8.6290709241814909e+00   1.0000000000000000e+00
   7.5255811100974332e+00   1.5059814176176767e+00   1.0000000000000000e+00
   2.2950575400723769e+00   9.2185084828524673e+00   1.0000000000000000e+00
   6.1578354873772057e-01   8.9371614520889668e+00   1.0000000000000000e+00
   9.2567198129023893e+00   2.8113850736971191e+00   1.0000000000000000e+00
   8.3190802651470612e+00   2.6886153140181799e+00   1.0000000000000000e+00
   8.0438515664904315e+00   1.6186613589467158e-01   1.0000000000000000e+00
   6.9803245676723558e+00   7.5430685977399436e-01   1.0000000000000000e+00
   1.6656474623091599e+00   7.4791986704246280e+00   1.0000000000000000e+00
   3.1916226218777801e+00   8.7306549047603603e+00   1.0000000000000000e+00
   9.7519234547415046e+00   1.3394055407940164e+00   1.0000000000000000e+00
   1.2962437616002220e+00   8.2658834613124270e+00   1.0000000000000000e+00
   1.8112480126812658e-01   7.3436067937779796e+00   1.0000000000000000e+00
   5.1556302262592113e-01   7.4045940031248847e+00   1.0000000000000000e+00
   3.6844503709246466e+00   9.7652986846576830e+00   1.0000000000000000e+00
   2.7955130829876862e+00   9.4299705742590856e+00   1.0000000000000000e+00
   8.5871560039752879e+00   2.8290001231778539e+00   1.0000000000000000e+00
   7.1919364547848099e+00   2.1231865363635882e+00   1.0000000000000000e+00
   9.5479533534582046e+00   3.7284855434065012e-01   1.0000000000000000e+00
   6.4323236034904161e+00   4.4231860589310723e-01   1.0000000000000000e+00
   3.2098805609883438e+00   8.9381485349028580e+00   1.0000000000000000e+00
   1.3066902097687760e+00   8.4627504120561188e+00   1.0000000000000000e+00
   1.5430525866736866e+00   7.9941210217548511e+00   1.0000000000000000e+00
   8.9176993641268858e+00   2.0638394289783788e+00   1.0000000000000000e+00
   1.0983888116808027e+00   7.6976117967897082e+00   1.0000000000000000e+00
   2.9961561458646280e+00   9.6081717895256809e+00   1.0000000000000000e+00
   2.7669445771710532e+00   8.2396284233497958e+00   1.0000000000000000e+00
   6.7499774571120508e+00   6.2563828745963446e-01   1.0000000000000000e+00
   7.6529431641722221e+00   2.2616507864431155e+00   1.0000000000000000e+00
   1.1698047643646192e+00   9.9485349377340597e+00   1.0000000000000000e+00
   8.3102535486035638e+00   8.4064449139552244e-01   1.0000000000000000e+00
   7.9954504545773855e+00   7.0891814072689185e-01   1.0000000000000000e+00
   3.2209564922001777e-01   6.6887674862711286e+00   1.0000000000000000e+00
   1.4779470831205266e+00   8.0684365544269845e+00   1.0000000000000000e+00
   9.3185800781878325e-01   9.8472877523492421e+00   1.0000000000000000e+00
   7.1893209491559995e+00   2.0456194024743732e+00   1.0000000000000000e+00
   8.5507829954952097e-01   6.8000362590895636e+00   1.0000000000000000e+00
   3.5285825154669426e+00   9.1812315106662119e+00   1.0000000000000000e+00
   1.8979817142684074e+00   8.7611457210010926e+00   1.0000000000000000e+00
   7.5275135840983332e+00   2.1544384116644166e-01   1.0000000000000000e+00
   8.1969099208566227e+00   1.9385446861418443e+00   1.0000000000000000e+00
   9.2265567511965436e+00   1.3365314210419010e+00   1.0000000000000000e+00
   1.9453830713644560e+00   7.7845369658418937e+00   1.0000000000000000e+00
   7.3884132417759076e+00   1.9167166609222919e+00   1.0000000000000000e+00
   9.9643533832559896e+00   2.8389416715523019e+00   1.0000000000000000e+00
   1.3493642898361580e+00   9.0531485206580573e+00   1.0000000000000000e+00
   1.4900714050090125e+00   7.0352983536696412e+00   1.0000000000000000e+00
   9.5156983502713768e+00   2.6661675365661552e+00   1.0000000000000000e+00
   7.1474713181913154e+00   8.2155595091993550e-01   1.0000000000000000e+00
   6.9415789801843153e-01   8.6120689304260249e+00   1.0000000000000000e+00
   8.5255517587692786e-01   7.6413021890389672e+00   1.0000000000000000e+00
   9.6146934534546489e+00   1.6675523512691692e+00   1.0000000000000000e+00
   8.5627024298255119e+00   2.6470421536571367e+00   1.0000000000000000e+00
   2.0829985550946271e+00   8.3942484972703859e+00   1.0000000000000000e+00
   3.2006300583610869e+00   9.1362867860173935e+00   1.0000000000000000e+00
   6.8468462387977898e+00   2.7094927267416913e-01   1.0000000000000000e+00
   1.4479550664182750e+00   8.7344148197677285e+00   1.0000000000000000e+00
   7.0249721241211045e+00   1.9311962151750683e-01   1.0000000000000000e+00
   3.2514719374633660e+00   9.5330211207464064e+00   1.0000000000000000e+00
   2.2311816310902621e-01   8.7202375184426266e+00   1.0000000000000000e+00
   5.2376654376596221e-01   8.5311545395961144e+00   1.0000000000000000e+00
   3.0359766154077206e-01   6.8995593544666729e+00   1.0000000000000000e+00
   9.7540907510641954e+00   8.2047465360736149e-02   1.0000000000000000e+00
   7.3107938988834720e+00   1.4404636290546668e-01   1.0000000000000000e+00
   3.0021733769848225e+00   8.8204658417515382e+00   1.0000000000000000e+00
   8.0861487574415527e+00   2.4766443254069506e+00   1.0000000000000000e+00
   9.0442221657303641e+00   1.9317890663377058e+00   1.0000000000000000e+00
   9.1386927890245211e+00   2.6998445761939083e+00   1.0000000000000000e+00
   9.9956922829382329e+00   1.1272912972607796e+00   1.0000000000000000e+00
   6.1125900543796186e-01   9.1129905846032209e+00   1.0000000000000000e+00
   7.8292686186162115e+00   3.7182017033746462e-01   1.0000000000000000e+00
   1.2466522978433370e+00   7.7209270219506205e+00   1.0000000000000000e+00
   1.8014108046058153e+00   7.8543768086040933e+00   1.0000000000000000e+00
   2.2496321189967370e+00   9.0847068722917470e+00   1.0000000000000000e+00
   9.1794965481200173e+00   5.3450098529958079e-01   1.0000000000000000e+00
   1.6120220220196435e+00   8.9985297714541694e+00   1.0000000000000000e+00
   7.8735282086601259e+00   1.7947629104155693e+00   1.0000000000000000e+00
   6.8372186313530134e+00   4.6531318221609719e-01   1.0000000000000000e+00
   1.2912339600555245e+00   6.7339247332620893e+00   1.0000000000000000e+00
   1.4007295826575117e+00   9.6234888888948529e+00   1.0000000000000000e+00
   9.1529275328467445e+00   2.9272982507134859e+00   1.0000000000000000e+00
   1.0454105459719032e+00   8.6113061977221932e+00   1.0000000000000000e+00
   2.2309526003731284e+00   9.1314796708321104e+00   1.0000000000000000e+00
   6.6359412393527606e-01   6.4442822524235579e+00   1.0000000000000000e+00
   6.6427679374770667e+00   3.8639526656103262e-01   1.0000000000000000e+00
   7.6541236827081960e+00   2.3575781809946905e-02   1.0000000000000000e+00
   2.0891077432516427e+00   8.9782467324222477e+00   1.0000000000000000e+00
   2.1019647706757905e-01   7.7225293106291506e+00   1.0000000000000000e+00
   1.5818664730878895e+00   9.6617502737237242e+00   1.0000000000000000e+00
   1.4038272121356199e+00   9.8233387082330044e+00   1.0000000000000000e+00
   1.2856849632860634e+00   9.5797281707710731e+00   1.0000000000000000e+00
   2.7888318413042934e+00   9.5222515787851822e+00   1.0000000000000000e+00
   8.5523387860636824e+00   1.4085448728975025e+00   1.0000000000000000e+00
   7.0565286263352771e+00   5.8024267279748520e-01   1.0000000000000000e+00
   7.1957992082658597e+00   1.0038047695685093e+00   1.0000000000000000e+00
   9.9228685094552489e+00   2.8391915537747781e+00   1.0000000000000000e+00
   9.9463698185360201e+00   3.6438547237983556e+00   1.0000000000000000e+00
   2.5504117828163206e+00   8.5181434937768898e+00   1.0000000000000000e+00
   8.5507602081779250e+00   2.3204681513246439e+00   1.0000000000000000e+00
   7.6127658030156944e+00   1.8849203129702430e+00   1.0000000000000000e+00
   2.5042381199157870e+00   8.0666094919504694e+00   1.0000000000000000e+00
   8.4042204241295977e+00   2.3840253546529224e+00   1.0000000000000000e+00
   9.4825457779109747e+00   1.5235496053769437e+00   1.0000000000000000e+00
   1.5052147406046390e+00   7.6209031798025997e+00   1.0000000000000000e+00
   8.0678321979885954e+00   2.6186527761011247e+00   1.0000000000000000e+00
   8.5508617369050413e+00   5.9633616784406374e-01   1.0000000000000000e+00
   5.9867540996520696e-01   6.3816373203347521e+00   1.0000000000000000e+00
   9.6701771639368665e+00   1.0231535351725596e+00   1.0000000000000000e+00
   9.1396060630210130e+00   1.4364607489852355e+00   1.0000000000000000e+00
   9.3132486277918609e+00   3.2148356077439120e+00   1.0000000000000000e+00
   7.7185926541789645e+00   2.7664011870194471e+00   1.0000000000000000e+00
   2.7675449176917679e+00   8.6140175045021792e+00   1.0000000000000000e+00
   1.1902794613048040e+00   6.0773827495219068e+00   2.0000000000000000e+00
   5.8896228677259028e+00   3.2443766529470586e+00   2.0000000000000000e+00
   6.8994351809466279e+00   3.0353825031711814e+00   2.0000000000000000e+00
   2.9393096135677754e+00   5.5419579599646038e+00   2.0000000000000000e+00
   5.6376527284695497e+00   3.2499359797676330e+00   2.0000000000000000e+00
   5.4777199837631052e+00   1.4351836978964716e+00   2.0000000000000000e+00
   7.9996192274082869e+00   4.0785623753510389e+00   2.0000000000000000e+00
   5.8958204187935550e+00   2.7511846956504584e+00   2.0000000000000000e+00
   3.6721697227023995e+00   7.1506349114344294e+00   2.0000000000000000e+00
   5.2393666408807373e+00   4.4709273336454469e-01   2.0000000000000000e+00
   6.8297725189396132e+00   2.5106964651899566e+00   2.0000000000000000e+00
   4.1313918887561316e+00   7.2921462650456137e+00   2.0000000000000000e+00
   6.5609805927272644e+00   1.1809211359197247e+00   2.0000000000000000e+00
   6.8843071815298913e+00   4.0217812639589612e+00   2.0000000000000000e+00
   2.1912898489766732e+00   6.1993161665691812e+00   2.0000000000000000e+00
   5.9829671168836445e+00   2.5447061753722355e+00   2.0000000000000000e+00
   4.2125524161247014e+00   9.1752399172403933e+00   2.0000000000000000e+00
   3.9450898664323719e-01   5.7744216754260957e+00   2.0000000000000000e+00
   3.7222861154602249e+00   8.0859931655077890e+00   2.0000000000000000e+00
   7.0155929877894421e+00   3.4559017492269040e+00   2.0000000000000000e+00
   6.7676088535658057e+00   1.6035673324031763e+00   2.0000000000000000e+00
   2.2188684066551079e+00   5.3536715050894124e+00   2.0000000000000000e+00
   7.5053935858151366e+00   3.8762310274937519e+00   2.0000000000000000e+00
   4.0542885989356234e+00   8.6678034101801504e+00   2.0000000000000000e+00
   8.9310884655480880e+00   3.6861319787782820e+00   2.0000000000000000e+00
   6.4466157335126173e+00   2.7627384364326844e+00   2.0000000000000000e+00
   3.8736291560757365e+00   6.7489503303021525e+00   2.0000000000000000e+00
   3.6891793567981681e+00   8.5650079336903353e+00   2.0000000000000000e+00
   7.8149118986000579e+00   4.1332923284768555e+00   2.0000000000000000e+00
   6.2338942468370675e+00   1.1392823229203741e+00   2.0000000000000000e+00
   8.6054937975735477e+00   4.6578612161500219e+00   2.0000000000000000e+00
   1.5016070064861020e+00   5.2765256589523641e+00   2.0000000000000000e+00
   7.6936554587614996e+00   3.5016232389189939e+00   2.0000000000000000e+00
   7.2352658206447229e+00   2.6548537506090222e+00   2.0000000000000000e+00
   6.0945825953291264e+00   5.2559906251800848e-01   2.0000000000000000e+00
   7.5173911105866944e+00   2.6625092861404753e+00   2.0000000000000000e+00
   8.8875578851856596e-01   6.1959013031904355e+00   2.0000000000000000e+00
   2.8607670988040268e+00   5.6663592614490081e+00   2.0000000000000000e+00
   7.4210205279989907e+00   3.4379926924133519e+00   2.0000000000000000e+00
   3.4998599017486596e+00   8.3151081155498225e+00   2.0000000000000000e+00
   9.0582078671096014e+00   4.1736761011854453e+00   2.0000000000000000e+00
   4.3430600583436165e+00   6.3788017613129977e+00   2.0000000000000000e+00
   9.9325762129365014e+00   4.3444173176784862e+00   2.0000000000000000e+00
   6.2144722097981564e+00   2.1456154865540045e+00   2.0000000000000000e+00
   9.5209759891826788e+00   4.7784240027470029e+00   2.0000000000000000e+00
   3.9733627705514096e+00   6.6675747154733100e+00   2.0000000000000000e+00
   4.6079878074537151e+00   9.0872542965171714e+00   2.0000000000000000e+00
   3.5366006006379447e+00   6.9156701244699885e+00   2.0000000000000000e+00
   6.6381183556410281e+00   3.3059230561311805e+00   2.0000000000000000e+00
   3.4188244453805625e+00   6.7307918302239926e+00   2.0000000000000000e+00
   2.3574497011788931e+00   7.0039182569496568e+00   2.0000000000000000e+00
   5.9552826936453283e+00   1.1849592150762656e+00   2.0000000000000000e+00
   7.7390720531199584e+00   3.4540653409589837e+00   2.0000000000000000e+00
   2.8946443066556271e+00   6.4150060256997037e+00   2.0000000000000000e+00
   6.5593890311569645e+00   3.3842900787605670e+00   2.0000000000000000e+00
   7.4778930142665008e+00   2.5848918568577739e+00   2.0000000000000000e+00
   1.6399015581277343e+00   6.5078812556831256e+00   2.0000000000000000e+00
   6.7215194408219627e+00   3.7221558280529541e+00   2.0000000000000000e+00
   9.0175319866790797e+00   4.4575529348138190e+00   2.0000000000000000e+00
   9.9194118637816260e+00   4.0164743897041513e+00   2.0000000000000000e+00
   3.7810915934438496e+00   9.5593412734551304e+00   2.0000000000000000e+00
   7.4364087880914242e+00   3.1277462567062333e+00   2.0000000000000000e+00
   3.0927323104189641e+00   7.2176207620735049e+00   2.0000000000000000e+00
   9.6894610338638518e+00   4.4459509091129039e+00   2.0000000000000000e+00
   3.8700574364138509e+00   8.3589224113816289e+00   2.0000000000000000e+00
   3.7504667611200815e+00   6.4291153782404633e+00   2.0000000000000000e+00
   7.3251150515922490e+00   2.6772342449136719e+00   2.0000000000000000e+00
   6.0006112579386617e+00   7.8452269018817966e-01   2.0000000000000000e+00
   2.8025110493162684e+00   7.0255221088136803e+00   2.0000000000000000e+00
   1.3708205893405945e+00   5.9659552046678863e+00   2.0000000000000000e+00
   4.3612097978028590e+00   8.9662791831943185e+00   2.0000000000000000e+00
   3.5698406687130744e+00   7.3904382917098985e+00   2.0000000000000000e+00
   3.2556866174580881e+00   6.7691981973825222e+00   2.0000000000000000e+00
   1.6247559623355778e+00   6.3182766046657104e+00   2.0000000000000000e+00
   3.3920887448700654e+00   6.8590640188100700e+00   2.0000000000000000e+00
   1.3866381455915211e+00   5.4034571426875662e+00   2.0000000000000000e+00
   3.8990588396905435e+00   9.5677532886488379e+00   2.0000000000000000e+00
   4.1130623284643031e+00   8.9188403761645709e+00   2.0000000000000000e+00
   6.3904337323279812e+00   2.0749696098443193e+00   2.0000000000000000e+00
   9.5340186317751430e-01   5.4999995890500406e+00   2.0000000000000000e+00
   3.9121571637656860e+00   9.0050584341623807e+00   2.0000000000000000e+00
   5.4800064579257679e-01   5.7614809985028002e+00   2.0000000000000000e+00
   6.6010122795114290e+00   3.6169497774855852e+00   2.0000000000000000e+00
   7.1687341534685780e+00   2.7180493228937443e+00   2.0000000000000000e+00
   1.6940261573930893e+00   5.2935841542818522e+00   2.0000000000000000e+00
   7.2638981868317076e+00   4.1599230005897239e+00   2.0000000000000000e+00
   2.0669872770635833e+00   5.4674108563862012e+00   2.0000000000000000e+00
   5.8553830243086002e+00   4.6005427775775098e-01   2.0000000000000000e+00
   2.5578035844245406e+00   6.8712414015659817e+00   2.0000000000000000e+00
   2.1715653098688237e+00   6.2819225501710712e+00   2.0000000000000000e+00
   6.6827849992711972e+00   2.6213002969364885e+00   2.0000000000000000e+00
   8.0218783491506915e+00   3.7905860543666146e+00   2.0000000000000000e+00
   3.1716243710083214e+00   7.8220209866080035e+00   2.0000000000000000e+00
   4.6283407535422691e+00   7.7852654057559265e+00   2.0000000000000000e+00
   9.6054167744306422e+00   4.4209220193709955e+00   2.0000000000000000e+00
   7.1767375959655544e+00   3.9990347419441505e+00   2.0000000000000000e+00
   6.7768559909345258e+00   3.7861325003941513e+00   2.0000000000000000e+00
   3.3434684317120569e+00   7.8433111614876854e+00   2.0000000000000000e+00
   1.5155778911175266e+00   5.7998437275498897e+00   2.0000000000000000e+00
   5.6964160117644589e+00   1.2327445263059200e+00   2.0000000000000000e+00
   3.3938793363433897e+00   7.5896466753763994e+00   2.0000000000000000e+00
   2.1209330644754276e+00   6.6243286563562425e+00   2.0000000000000000e+00
   7.5747040445249159e+00   3.0235189848651087e+00   2.0000000000000000e+00
   1.9166495236091974e+00   5.6730590496064632e+00   2.0000000000000000e+00
   6.5180988237489546e+00   2.7306339735651850e+00   2.0000000000000000e+00
   9.7536171640580482e-01   5.5558853378696273e+00   2.0000000000000000e+00
   2.8728111479639162e-01   5.9717346133089588e+00   2.0000000000000000e+00
   6.6276704378858593e+00   3.7774779074106801e+00   2.0000000000000000e+00
   2.1544370253814926e+00   6.2840137618317371e+00   2.0000000000000000e+00
   6.3813798884112662e+00   2.5179497148980090e+00   2.0000000000000000e+00
   7.7485960853137414e-01   5.9833850437377549e+00   2.0000000000000000e+00
   3.0337416286173067e+00   7.9276608904304533e+00   2.0000000000000000e+00
   9.3438716703664841e+00   3.8719488049181363e+00   2.0000000000000000e+00
   4.3642590302338204e+00   9.8936066290069142e+00   2.0000000000000000e+00
   3.9054947926413321e+00   6.5727352842300562e+00   2.0000000000000000e+00
   3.4865136376302797e+00   6.0780359664020960e+00   2.0000000000000000e+00
   6.4863454944006547e+00   4.1491315900041128e+00   2.0000000000000000e+00
   3.7684862173485820e+00   8.1139130944852287e+00   2.0000000000000000e+00
   5.1998826157521272e-01   5.5653593327561781e+00   2.0000000000000000e+00
   4.1337948827496334e+00   9.0456870222029977e+00   2.0000000000000000e+00
   7.6293989835334086e+00   2.7571842210845752e+00   2.0000000000000000e+00
   4.6887639692213661e+00   8.8392211888487715e+00   2.0000000000000000e+00
   3.1516023525149404e+00   6.6311942880653421e+00   2.0000000000000000e+00
   6.5983423235556842e+00   3.6268141491430841e+00   2.0000000000000000e+00
   5.8644408373553114e+00   3.5571653704083142e+00   2.0000000000000000e+00
   5.3276855048469729e+00   1.2727518025218842e+00   2.0000000000000000e+00
   2.9872675515283453e+00   7.3166706131285970e+00   2.0000000000000000e+00
   1.8511423521323844e+00   6.7399735925891928e+00   2.0000000000000000e+00
   3.2025897967400487e+00   7.0822767079530058e+00   2.0000000000000000e+00
   2.6212899943737646e+00   5.6862854755092718e+00   2.0000000000000000e+00
   8.1352900685372358e+00   4.2584792311576614e+00   2.0000000000000000e+00
   6.1880675438501740e+00   9.5712349805915364e-02   2.0000000000000000e+00
   4.6994132429325717e+00   9.6987767393842894e+00   2.0000000000000000e+00
   6.9364300441769604e+00   4.4207860929795082e+00   2.0000000000000000e+00
   2.5290727880812547e-01   5.3269697092722188e+00   2.0000000000000000e+00
   5.5343579552952260e+00   9.9623149260291810e-01   2.0000000000000000e+00
   8.0298705399406423e-01   6.0468716981668056e+00   2.0000000000000000e+00
   3.8764792978948592e+00   8.4580609196526790e+00   2.0000000000000000e+00
   7.5019917062001760e+00   3.7265203961881923e+00   2.0000000000000000e+00
   1.9180385371596842e+00   5.9459413331120592e+00   2.0000000000000000e+00
   1.0992386400620213e+00   6.3068957280739486e+00   2.0000000000000000e+00
   8.3654914309741457e+00   3.2678686445624452e+00   2.0000000000000000e+00
   2.5001458659817666e+00   6.5381891012695545e+00   2.0000000000000000e+00
   7.2576921488956900e+00   2.6630022051842097e+00   2.0000000000000000e+00
   7.5766795992048781e+00   4.5715418133364487e+00   2.0000000000000000e+00
   1.4594743884175132e+00   6.6753427819662523e+00   2.0000000000000000e+00
   6.4091519896386320e+00   4.1404281735223059e+00   2.0000000000000000e+00
   6.1273073018592159e+00   2.4286006703249940e+00   2.0000000000000000e+00
   3.4208730040399749e+00   6.5793254082636343e+00   2.0000000000000000e+00
   6.6798480748524334e+00   2.7323180963753249e+00   2.0000000000000000e+00
   3.5560066966169570e+00   9.1065781667005332e+00   2.0000000000000000e+00
   3.1669968638451795e+00   7.5705319047114381e+00   2.0000000000000000e+00
   7.7673297429765320e+00   4.2935549382778522e+00   2.0000000000000000e+00
   7.7591718744111580e+00   4.0869701256212014e+00   2.0000000000000000e+00
   5.7902613145155453e+00   2.9920531561443586e-01   2.0000000000000000e+00
   8.7924142633379869e+00   3.6209313159022227e+00   2.0000000000000000e+00
   5.8663228865908881e+00   2.1812329207269587e+00   2.0000000000000000e+00
   5.9229696666841622e+00   4.6160715827455401e-01   2.0000000000000000e+00
   6.1858050768720165e+00   1.1147702386487213e-01   2.0000000000000000e+00
   3.8431192523837532e-01   6.0148884449310689e+00   2.0000000000000000e+00
   8.5114308949259865e-01   6.2087784639333607e+00   2.0000000000000000e+00
   4.3350173157418563e+00   8.2284830563047624e+00   2.0000000000000000e+00
   1.6043092220265620e+00   6.4988020930524826e+00   2.0000000000000000e+00
   8.0508557756503087e+00   4.4648884466952836e+00   2.0000000000000000e+00
   6.1301089709147423e+00   9.8573135555474312e-01   2.0000000000000000e+00
   2.2696847702202039e-01   5.3741870143056660e+00   2.0000000000000000e+00
   1.3933205886468258e+00   6.0226271872718655e+00   2.0000000000000000e+00
   7.2653482622592254e+00   3.2912360692079967e+00   2.0000000000000000e+00
   4.3717682975266818e+00   8.1550696571082586e+00   2.0000000000000000e+00
   2.9159852937405164e+00   7.7520645686959337e+00   2.0000000000000000e+00
   7.5622112672764210e+00   4.4785844782726194e+00   2.0000000000000000e+00
   3.4896142996651358e+00   5.8815284885805070e+00   2.0000000000000000e+00
   6.7248241800789099e+00   2.0187735760649019e+00   2.0000000000000000e+00
   7.1664192928229422e+00   3.2259420997515398e+00   2.0000000000000000e+00
   2.8190836400055872e+00   5.6203432187349156e+00   2.0000000000000000e+00
   2.9846262797651999e+00   7.2945295685076585e+00   2.0000000000000000e+00
   6.9497918267235392e-01   6.2534818699150874e+00   2.0000000000000000e+00
   4.5837032474591464e+00   9.1519710378642607e+00   2.0000000000000000e+00
   5.7970023404853190e+00   6.0678725093240127e-01   2.0000000000000000e+00
   2.7204173962721190e+00   5.8627897012458554e+00   2.0000000000000000e+00
   1.1814597752384481e+00   6.0109273535604482e+00   2.0000000000000000e+00
   6.7607663907721935e+00   2.8792143404929060e+00   2.0000000000000000e+00
   5.4801018916507460e-01   6.0062251256987631e+00   2.0000000000000000e+00
   8.0358272154814170e-01   6.0344783487045097e+00   2.0000000000000000e+00
   3.2613002065180141e-01   5.2883914954933173e+00   2.0000000000000000e+00
   9.9734800363169853e+00   4.5522625014326010e+00   2.0000000000000000e+00
   6.5491791557400543e+00   3.9461112561271983e+00   2.0000000000000000e+00
   5.8677367845002637e+00   1.7256714574322718e+00   2.0000000000000000e+00
   5.8523491394292506e+00   1.6176817779502706e+00   2.0000000000000000e+00
   6.5561462913757769e+00   4.1715640750282539e+00   2.0000000000000000e+00
   7.1062057100074298e+00   3.6514679247793236e+00   2.0000000000000000e+00
   6.9301139920935837e+00   4.2081637270892926e+00   2.0000000000000000e+00
   1.1045059067578678e+00   5.3466552231983737e+00   2.0000000000000000e+00
   9.4361430082177158e+00   4.4754202346683067e+00   2.0000000000000000e+00
   9.7101581248070108e+00   4.6229655234334395e+00   2.0000000000000000e+00
   6.9556730072729120e+00   3.2368898603545739e+00   2.0000000000000000e+00
   2.8941431042045829e+00   7.3809108890562181e+00   2.0000000000000000e+00
   4.4215351173329509e+00   8.3044470245542339e+00   2.0000000000000000e+00
   5.4567903511752593e+00   3.5198356517438190e-01   2.0000000000000000e+00
   6.5243733469380185e+00   1.5008167896425095e+00   2.0000000000000000e+00
   8.1462631045342579e+00   3.6778471982094088e+00   2.0000000000000000e+00
   5.7106678390140795e+00   4.7703160820910417e-01   2.0000000000000000e+00
   6.0488790218630601e+00   3.1511597608384179e+00   2.0000000000000000e+00
   8.9651505177730275e+00   4.3896743384374233e+00   2.0000000000000000e+00
   3.9407257710313504e-01   5.4571789300063678e+00   2.0000000000000000e+00
   5.5402472961007634e+00   6.1885090927889297e-01   2.0000000000000000e+00
   5.6965949589537015e+00   2.6993454699224948e+00   2.0000000000000000e+00
   4.4462524837822626e+00   9.1483008747503192e+00   2.0000000000000000e+00
   2.8981651378482187e-01   6.0989840562924424e+00   2.0000000000000000e+00
   5.4680058605723261e+00   1.3047377597930343e+00   2.0000000000000000e+00
   2.5549839518788007e+00   7.4242586792843692e+00   2.0000000000000000e+00
   2.2063271006124263e+00   5.9938033540655100e+00   2.0000000000000000e+00
   4.4387600876666955e+00   9.0422419592686225e+00   2.0000000000000000e+00
   8.5996850592764531e+00   3.6112672018663003e+00   2.0000000000000000e+00
   8.9363736821656801e+00   4.6827792091693654e+00   2.0000000000000000e+00
   3.0653326490410961e+00   4.2751618579706472e+00   3.0000000000000000e+00
   9.7081022737384011e+00   5.2460920612751121e+00   3.0000000000000000e+00
   3.8323990068065203e+00   4.2297600967132478e+00   3.0000000000000000e+00
   8.6876528161402700e+00   4.7899296561907736e+00   3.0000000000000000e+00
   4.6899731468561177e+00   1.5665531582115555e+00   3.0000000000000000e+00
   5.5782111156406948e+00   7.0541203806001942e+00   3.0000000000000000e+00
   8.7419011178759316e+00   4.9512423695330483e+00   3.0000000000000000e+00
   4.1980273863733872e+00   5.1766058271129198e+00   3.0000000000000000e+00
   5.2691296608799529e+00   4.6027824377430147e+00   3.0000000000000000e+00
   5.4384512879865534e+00   8.2254178354284946e+00   3.0000000000000000e+00
   4.2952008605711223e+00   5.1785084136736454e+00   3.0000000000000000e+00
   7.4747767419034661e+00   5.1016116092882662e+00   3.0000000000000000e+00
   5.9175085633612312e+00   4.1723908885132399e+00   3.0000000000000000e+00
   3.9015833437216987e+00   4.4042346906349685e+00   3.0000000000000000e+00
   2.7120447999648913e+00   5.3107430939065789e+00   3.0000000000000000e+00
   4.5273513969807482e+00   5.7369334617407794e+00   3.0000000000000000e+00
   5.6959110392837600e+00   4.2148531336074573e+00   3.0000000000000000e+00
   4.4706144663264338e+00   5.2640310082274100e+00   3.0000000000000000e+00
   5.6810640116297026e+00   7.0077500919322535e+00   3.0000000000000000e+00
   5.1412731135939849e+00   6.5415249019705364e+00   3.0000000000000000e+00
   5.0624761768792501e+00   9.9550658286475571e+00   3.0000000000000000e+00
   5.1593615779256643e+00   3.5359968627543470e+00   3.0000000000000000e+00
   4.5788532752930582e+00   6.9390396119667228e+00   3.0000000000000000e+00
   5.0311933693908282e+00   6.0701532243187479e+00   3.0000000000000000e+00
   4.7832765700531157e+00   1.0029338020080414e+00   3.0000000000000000e+00
   5.3734248412583954e+00   7.4618870574134242e+00   3.0000000000000000e+00
   5.2339801292679278e+00   9.3043995911881900e+00   3.0000000000000000e+00
   6.6501557338647332e+00   5.4520251538813289e+00   3.0000000000000000e+00
   8.2451185994979745e+00   5.1007219687310297e+00   3.0000000000000000e+00
   4.7039187687098618e+00   1.2779829393779940e+00   3.0000000000000000e+00
   4.8859753116064750e+00   1.0635806265043279e+00   3.0000000000000000e+00
   4.3856381504485160e+00   3.2763486303333900e+00   3.0000000000000000e+00
   5.8399205112120125e+00   6.3772769092788559e+00   3.0000000000000000e+00
   3.4084076440149169e+00   5.2509780491407074e+00   3.0000000000000000e+00
   6.0461950999333078e+00   5.8584290290568202e+00   3.0000000000000000e+00
   6.6472623398123289e+00   5.3359027585569550e+00   3.0000000000000000e+00
   5.8843135719529505e+00   5.5040646495680337e+00   3.0000000000000000e+00
   3.5648116169476465e+00   4.8833505695106263e+00   3.0000000000000000e+00
   6.8489496377008408e+00   5.2167577036651593e+00   3.0000000000000000e+00
   5.0234526197023941e+00   6.3717581266213035e+00   3.0000000000000000e+00
   4.2527576629133321e+00   5.6185521724290126e+00   3.0000000000000000e+00
   8.1868284492326957e+00   5.3728854085460487e+00   3.0000000000000000e+00
   5.1134463560362144e+00   9.9069108701167474e-01   3.0000000000000000e+00
   5.3739214611933495e+00   6.8146534308236797e+00   3.0000000000000000e+00
   5.1897061481312541e+00   9.9385834696013564e+00   3.0000000000000000e+00
   8.5695212860888024e+00   5.3560351691115482e+00   3.0000000000000000e+00
   4.1287548045925888e+00   3.3823437461533712e+00   3.0000000000000000e+00
   3.7621787664011741e+00   4.4233676872489394e+00   3.0000000000000000e+00
   5.8119600191209786e+00   4.9731719344939833e+00   3.0000000000000000e+00
   5.5575440798602562e+00   3.8643790477553175e+00   3.0000000000000000e+00
   4.3759700072629828e+00   5.2676802081909448e+00   3.0000000000000000e+00
   5.2005564588490394e+00   6.7895782802155242e+00   3.0000000000000000e+00
   4.7534931657766135e+00   7.1345477751441022e+00   3.0000000000000000e+00
   4.2008946601013051e+00   5.7786014088270292e+00   3.0000000000000000e+00
   1.4751171703802402e+00   4.7430740269933427e+00   3.0000000000000000e+00
   5.2041835318510525e+00   6.7929519788632309e+00   3.0000000000000000e+00
   4.9237108191794219e+00   7.7632770305381071e-01   3.0000000000000000e+00
   3.9111229030253503e+00   5.7398832595281313e+00   3.0000000000000000e+00
   5.0316449302393824e+00   8.2089725412072028e+00   3.0000000000000000e+00
   2.7896280673806206e+00   4.4899126001867531e+00   3.0000000000000000e+00
   4.6400202493346976e+00   1.7444426340658636e+00   3.0000000000000000e+00
   5.0602386674004425e+00   2.9067406891409076e-01   3.0000000000000000e+00
   4.8876541890202327e+00   6.1038941702449385e+00   3.0000000000000000e+00
   5.2723717014422089e+00   7.3188566067949132e+00   3.0000000000000000e+00
   4.5073897770998617e+00   5.1355435274063819e+00   3.0000000000000000e+00
   4.7163529795881480e+00   7.3546569413778347e+00   3.0000000000000000e+00
   5.5401930719934489e+00   3.7935515279856604e+00   3.0000000000000000e+00
   4.4251802655322514e+00   2.7417008666232090e+00   3.0000000000000000e+00
   5.8907752760184549e+00   6.5071069874757113e+00   3.0000000000000000e+00
   2.5112710981215915e+00   4.9288865115013465e+00   3.0000000000000000e+00
   4.8521106602951525e+00   4.8454074087727781e+00   3.0000000000000000e+00
   4.4412237716041307e+00   2.6063283988246742e+00   3.0000000000000000e+00
   3.5554747435093570e+00   5.1096933332388348e+00   3.0000000000000000e+00
   5.8312822791419352e+00   5.0338914385725095e+00   3.0000000000000000e+00
   9.0591513089863813e+00   5.2953004454812937e+00   3.0000000000000000e+00
   3.8660051938844839e+00   4.6841384211275212e+00   3.0000000000000000e+00
   4.3341051591166515e+00   5.6543089639170869e+00   3.0000000000000000e+00
   4.9300117573551328e+00   7.0274616958693601e+00   3.0000000000000000e+00
   4.7067276929355648e+00   7.0404662083069862e+00   3.0000000000000000e+00
   4.8559767268044514e+00   2.6275204370280325e+00   3.0000000000000000e+00
   4.3800266440424673e-02   4.7446369000502422e+00   3.0000000000000000e+00
   2.5677585138418468e+00   5.3155842301827700e+00   3.0000000000000000e+00
   2.9983679770870761e+00   5.1883803995740045e+00   3.0000000000000000e+00
   4.7057085049330212e+00   4.3987870716346542e+00   3.0000000000000000e+00
   4.5080570981496750e+00   4.9631492800224351e+00   3.0000000000000000e+00
   3.4371303378543381e+00   4.1606052940959817e+00   3.0000000000000000e+00
   5.1059656332648204e+00   2.0827573162044368e+00   3.0000000000000000e+00
   5.0796654982925844e+00   3.0004666555472381e+00   3.0000000000000000e+00
   4.8146497630215288e+00   4.0486093619053909e+00   3.0000000000000000e+00
   9.9934140323304499e-02   4.8811906316211857e+00   3.0000000000000000e+00
   6.2194799619730325e+00   5.4595546834189470e+00   3.0000000000000000e+00
   5.0592559813861815e+00   5.8340213545227302e+00   3.0000000000000000e+00
   4.5803572227679652e+00   2.1485182320248875e+00   3.0000000000000000e+00
   3.2998088364226352e+00   4.8738868536073818e+00   3.0000000000000000e+00
   4.0710295061164601e+00   3.8710595204560807e+00   3.0000000000000000e+00
   4.5549550349246006e+00   3.7967753458484110e+00   3.0000000000000000e+00
   2.0823557382122604e+00   4.6617570243052757e+00   3.0000000000000000e+00
   5.4640235559043884e+00   7.6043017820661598e+00   3.0000000000000000e+00
   2.6501125750675203e-01   4.8842026898213309e+00   3.0000000000000000e+00
   4.3559762564803730e+00   4.9525850640139328e+00   3.0000000000000000e+00
   4.8259401651654388e+00   8.7423190527909256e+00   3.0000000000000000e+00
   6.4500968814549706e+00   5.1623768157979280e+00   3.0000000000000000e+00
   5.3278527552968882e+00   4.6849263370678651e+00   3.0000000000000000e+00
   8.0243699261262353e+00   4.8288279522259403e+00   3.0000000000000000e+00
   4.2122229821350086e+00   3.9139122311909356e+00   3.0000000000000000e+00
   4.8995953976816935e+00   2.6731970883878740e+00   3.0000000000000000e+00
   4.7225322018745821e+00   6.1360318315253117e+00   3.0000000000000000e+00
   3.9546038738840150e+00   3.9297455508533128e+00   3.0000000000000000e+00
   4.5103011314579611e+00   4.5367271583865332e+00   3.0000000000000000e+00
   5.4902020785748995e+00   6.4727926447139916e+00   3.0000000000000000e+00
   5.0795245997696465e+00   6.8059693542681243e+00   3.0000000000000000e+00
   5.3536519696224429e+00   7.1097963773593236e+00   3.0000000000000000e+00
   3.0444045814362442e+00   5.0925764122591852e+00   3.0000000000000000e+00
   5.6477558262640901e+00   4.4744591870785602e+00   3.0000000000000000e+00
   5.9979318028358550e+00   6.5176146564094619e+00   3.0000000000000000e+00
   1.0895608149109515e+00   4.8603871228559008e+00   3.0000000000000000e+00
   5.6011979305924706e+00   3.9187341100046869e+00   3.0000000000000000e+00
   8.7447878088743325e-01   5.1911684535580154e+00   3.0000000000000000e+00
   4.6902109708401127e+00   1.2752796162566327e+00   3.0000000000000000e+00
   5.8597295807783292e+00   4.4306865305108447e+00   3.0000000000000000e+00
   5.1036993187224322e+00   9.9687863832448524e+00   3.0000000000000000e+00
   2.4420764781125150e+00   4.9047517944185257e+00   3.0000000000000000e+00
   4.8608850830846082e+00   4.8447628871004467e+00   3.0000000000000000e+00
   6.9107533499739793e+00   4.9531703694241482e+00   3.0000000000000000e+00
   4.6151915558179990e+00   5.0577148286739169e+00   3.0000000000000000e+00
   5.0948719637461295e+00   2.8653017848290965e+00   3.0000000000000000e+00
   3.2687182584903720e+00   5.1231567881795073e+00   3.0000000000000000e+00
   5.8525360383360203e-02   5.0930947752073008e+00   3.0000000000000000e+00
   8.8441020189805535e+00   5.2498366443942777e+00   3.0000000000000000e+00
   4.9850564520288358e+00   8.4746975266551594e+00   3.0000000000000000e+00
   4.5495046935673722e+00   3.5992618387730921e+00   3.0000000000000000e+00
   3.0352983859000382e+00   4.7069251653577542e+00   3.0000000000000000e+00
   4.5444105301375890e+00   1.9384163141950239e+00   3.0000000000000000e+00
   3.5718239871772428e+00   4.1205621854388639e+00   3.0000000000000000e+00
   1.6262451565802227e+00   5.0746059005555537e+00   3.0000000000000000e+00
   6.2333751202789376e+00   5.0995720056877367e+00   3.0000000000000000e+00
   1.5183596624603357e+00   4.5998695686893765e+00   3.0000000000000000e+00
   5.8107873524262192e+00   5.2560033161596067e+00   3.0000000000000000e+00
   4.8183081355414128e+00   8.8849913784947461e+00   3.0000000000000000e+00
   4.3436485304894612e+00   2.8871978477169846e+00   3.0000000000000000e+00
   5.2107886796525413e+00   7.6683887922576899e+00   3.0000000000000000e+00
   1.4216705486568171e-01   5.1086224303620442e+00   3.0000000000000000e+00
   4.9643355505189408e+00   2.0471930440261756e+00   3.0000000000000000e+00
   4.4859340635013654e+00   3.4568248844921525e+00   3.0000000000000000e+00
   6.0926012682264998e+00   4.6508509735426804e+00   3.0000000000000000e+00
   4.4235453316147773e+00   3.7445355776792013e+00   3.0000000000000000e+00
   1.6930803323308918e+00   5.0646900706332945e+00   3.0000000000000000e+00
   4.8207707751333109e+00   9.9880743288687568e-01   3.0000000000000000e+00
   8.4784076242530144e+00   5.0665363407318855e+00   3.0000000000000000e+00
   8.1143948240878121e+00   4.9093755449691301e+00   3.0000000000000000e+00
   7.6717547420291785e+00   5.2283906708871086e+00   3.0000000000000000e+00
   5.2800983189934581e+00   5.8729268438223547e+00   3.0000000000000000e+00
   5.0517339557309544e+00   9.0975404885062865e+00   3.0000000000000000e+00
   6.6179987248954530e+00   5.5490905652526044e+00   3.0000000000000000e+00
   8.1187931763191976e+00   5.4263536058060771e+00   3.0000000000000000e+00
   7.5975251551095102e+00   5.4846557966937333e+00   3.0000000000000000e+00
   5.0019486324410600e+00   7.4064354623207929e-01   3.0000000000000000e+00
   5.7275228424137534e+00   3.8580893647342029e+00   3.0000000000000000e+00
   5.4487559652233797e+00   7.8055720490573286e+00   3.0000000000000000e+00
   4.8529934223538511e+00   4.4116019247977531e+00   3.0000000000000000e+00
   5.3705981530426170e+00   4.7790107356452385e+00   3.0000000000000000e+00
   6.0581563445076458e+00   4.2867614999816990e+00   3.0000000000000000e+00
   5.7930029461256325e+00   5.9833478265960931e+00   3.0000000000000000e+00
   6.5450598186843365e+00   5.0789257051681478e+00   3.0000000000000000e+00
   4.4077444652378883e+00   4.6912903746127324e+00   3.0000000000000000e+00
   4.9926902680349912e+00   9.8856033745624678e+00   3.0000000000000000e+00
   9.2843629966464718e+00   5.2080262226025358e+00   3.0000000000000000e+00
   7.2150715062568951e+00   4.9104605707544895e+00   3.0000000000000000e+00
   8.0745520735486291e+00   5.3695885320656753e+00   3.0000000000000000e+00
   5.0568091307963536e+00   2.3492444340969176e+00   3.0000000000000000e+00
   4.5779960964896844e+00   9.5763000383157548e-01   4.0000000000000000e+00
   1.3920440948932700e+00   4.2260662852559472e+00   4.0000000000000000e+00
   9.2339698975107236e+00   5.4604331421736498e+00   4.0000000000000000e+00
   7.4790123406363307e+00   7.1910302904473546e+00   4.0000000000000000e+00
   3.8399722638227827e+00   9.3124751964566932e-01   4.0000000000000000e+00
   4.0226391712132390e+00   9.2719853047876444e-01   4.0000000000000000e+00
   1.2389101652160694e+00   3.7293765466908910e+00   4.0000000000000000e+00
   4.1092156278943115e+00   1.7338386553699736e+00   4.0000000000000000e+00
   2.3606485132547297e+00   4.2586362452217275e+00   4.0000000000000000e+00
   4.0231907078223426e+00   3.4083249979916532e+00   4.0000000000000000e+00
   4.1824723515300253e+00   1.3339996753765615e+00   4.0000000000000000e+00
   7.6361309516693261e+00   5.6704751489939964e+00   4.0000000000000000e+00
   3.4412210818976163e+00   3.0146753102283173e+00   4.0000000000000000e+00
   3.4345472160036472e+00   2.7364111808564173e+00   4.0000000000000000e+00
   7.1740897486631994e+00   6.7267938831187433e+00   4.0000000000000000e+00
   6.4457630607752741e+00   7.1063648056811335e+00   4.0000000000000000e+00
   7.8674486818326139e+00   5.9808434462760287e+00   4.0000000000000000e+00
   1.9117239383132090e+00   3.1304706799083002e+00   4.0000000000000000e+00
   7.4437638373784711e+00   6.0964669118412420e+00   4.0000000000000000e+00
   5.3081968679843827e-01   4.5148593920648459e+00   4.0000000000000000e+00
   7.9455444514428395e+00   6.5636064862260124e+00   4.0000000000000000e+00
   1.1363278497961649e+00   3.8590080584524058e+00   4.0000000000000000e+00
   2.1286358638278999e+00   4.1839235640841990e+00   4.0000000000000000e+00
   9.1410693121710587e+00   6.3724482506099775e+00   4.0000000000000000e+00
   2.0476274115796169e+00   4.2796161828647659e+00   4.0000000000000000e+00
   1.8901522596134290e+00   3.1269299371776418e+00   4.0000000000000000e+00
   3.3104031280032773e+00   3.2268322041213251e+00   4.0000000000000000e+00
   2.5865312800417684e+00   3.3672706122205911e+00   4.0000000000000000e+00
   2.4718391921771588e+00   3.5698201968034580e+00   4.0000000000000000e+00
   7.0110277924009523e+00   6.4931944196471116e+00   4.0000000000000000e+00
   3.2050494140592667e+00   3.8736773087519092e+00   4.0000000000000000e+00
   1.1165714608878374e+00   4.1807105617375138e+00   4.0000000000000000e+00
   2.8455656173208554e-01   4.5282017213091121e+00   4.0000000000000000e+00
   2.6000850280930541e+00   2.5456620166539490e+00   4.0000000000000000e+00
   9.9330620331473565e+00   5.9007534819736938e+00   4.0000000000000000e+00
   2.8200368790088159e+00   3.9965120250661936e+00   4.0000000000000000e+00
   3.6638323052756139e+00   2.4777104634007827e+00   4.0000000000000000e+00
   7.9989372725341870e+00   6.2970054147879111e+00   4.0000000000000000e+00
   3.9637583682859656e+00   2.6956223531492975e+00   4.0000000000000000e+00
   1.5317323348686340e+00   3.8297131445867882e+00   4.0000000000000000e+00
   3.3245633818365983e+00   3.5356512413776917e+00   4.0000000000000000e+00
   5.5376927258556021e+00   8.8900575022887338e+00   4.0000000000000000e+00
   6.6161840603161703e+00   7.4483542877521973e+00   4.0000000000000000e+00
   3.6958881454974177e+00   3.4154073538194951e+00   4.0000000000000000e+00
   6.4002630745292795e+00   6.3035764356304824e+00   4.0000000000000000e+00
   7.9311109251869993e+00   6.4657207220014428e+00   4.0000000000000000e+00
   3.6921624432900160e+00   1.2485417129776100e+00   4.0000000000000000e+00
   8.5423415504557241e+00   5.9240001678485381e+00   4.0000000000000000e+00
   8.6632937980287181e+00   6.2176777511582468e+00   4.0000000000000000e+00
   6.4792164326334660e+00   8.0644065998705745e+00   4.0000000000000000e+00
   9.3776045842146587e+00   5.9527195164521647e+00   4.0000000000000000e+00
   6.8220796504971917e+00   6.0459800792355454e+00   4.0000000000000000e+00
   2.6448115655741864e+00   2.9901646324258238e+00   4.0000000000000000e+00
   3.2594662941627730e+00   2.4551038983528297e+00   4.0000000000000000e+00
   1.8026348586960961e+00   3.9913256248329345e+00   4.0000000000000000e+00
   7.2521274114403429e+00   6.2737982459990151e+00   4.0000000000000000e+00
   7.8094328224664320e+00   6.8844304606308695e+00   4.0000000000000000e+00
   1.9582328908633373e+00   4.4484467514256583e+00   4.0000000000000000e+00
   9.2365505306412352e+00   5.8218039334225447e+00   4.0000000000000000e+00
   4.5223787933990618e+00   5.7415109692296573e-01   4.0000000000000000e+00
   8.2189606679608307e+00   6.6526743713632177e+00   4.0000000000000000e+00
   7.9931714633312714e+00   6.9514784288554887e+00   4.0000000000000000e+00
   6.5888171446274599e+00   7.1830641823540997e+00   4.0000000000000000e+00
   1.7404800919260144e+00   4.4306798182700105e+00   4.0000000000000000e+00
   6.5581602682246203e+00   7.1918668447388354e+00   4.0000000000000000e+00
   5.7857414525327053e+00   9.7777816939134592e+00   4.0000000000000000e+00
   3.0583576749596944e+00   3.0369153078526456e+00   4.0000000000000000e+00
   9.3890892839863795e+00   6.1218841183660277e+00   4.0000000000000000e+00
   6.1791730893027630e+00   6.5386260073211844e+00   4.0000000000000000e+00
   1.4130776468667117e-02   4.5543383454421882e+00   4.0000000000000000e+00
   4.4645233529873374e-01   4.4373244080777496e+00   4.0000000000000000e+00
   5.7088274220771478e+00   7.8786104101955177e+00   4.0000000000000000e+00
   6.3058637700317179e+00   6.1253092643494327e+00   4.0000000000000000e+00
   2.2689334129862662e+00   3.0200815552715810e+00   4.0000000000000000e+00
   4.0123630252852358e+00   3.2496754333743993e+00   4.0000000000000000e+00
   7.3471777789167101e+00   7.3719994942576115e+00   4.0000000000000000e+00
   9.3144008134833687e+00   5.5762196713767489e+00   4.0000000000000000e+00
   6.7412647723586074e+00   8.2449887769128321e+00   4.0000000000000000e+00
   3.5111066291653090e+00   3.5808115640119942e+00   4.0000000000000000e+00
   6.3082338733040144e+00   9.4561686963221288e+00   4.0000000000000000e+00
   6.1963182963207384e+00   7.1261184044100299e+00   4.0000000000000000e+00
   6.3884078087655709e+00   7.2714096413255689e+00   4.0000000000000000e+00
   6.5607895919531023e+00   6.9150976186669775e+00   4.0000000000000000e+00
   8.4304462073539526e+00   5.8053395185098502e+00   4.0000000000000000e+00
   2.7869962986133858e+00   2.6016997612932267e+00   4.0000000000000000e+00
   7.0500351932379246e+00   7.1720730597027185e+00   4.0000000000000000e+00
   8.6357518915199485e+00   6.0082207566581030e+00   4.0000000000000000e+00
   7.2550962949316755e+00   6.8312685519261063e+00   4.0000000000000000e+00
   6.8443930504176977e+00   6.6347706580999146e+00   4.0000000000000000e+00
   7.7139212298616933e+00   6.6000779804302292e+00   4.0000000000000000e+00
   4.0788277605490144e+00   1.7143174341789358e+00   4.0000000000000000e+00
   8.4833198289483325e-01   4.4104484276490652e+00   4.0000000000000000e+00
   2.6338886780955040e+00   4.1259267338275132e+00   4.0000000000000000e+00
   4.8226985198482009e-01   4.3199425133357519e+00   4.0000000000000000e+00
   7.4989259835761244e+00   6.0290887702420690e+00   4.0000000000000000e+00
   8.0053278060052939e+00   5.7656756148047963e+00   4.0000000000000000e+00
   6.7350220494416888e+00   5.9122088242437751e+00   4.0000000000000000e+00
   9.0717086608262609e-01   3.7936826866804338e+00   4.0000000000000000e+00
   4.3474597035080240e+00   1.9914797243792659e+00   4.0000000000000000e+00
   7.0275709886513749e+00   7.5154866523835517e+00   4.0000000000000000e+00
   8.0641851700273754e+00   6.6439438156160016e+00   4.0000000000000000e+00
   6.8770135207755274e+00   7.5388601505749335e+00   4.0000000000000000e+00
   7.9741681393601027e+00   6.7315809963477982e+00   4.0000000000000000e+00
   7.6282655294590027e+00   6.0866133366233033e+00   4.0000000000000000e+00
   3.8346261389659109e+00   2.5893676365622422e+00   4.0000000000000000e+00
   6.9106489516055101e+00   7.2922066376740116e+00   4.0000000000000000e+00
   6.5801749582463227e+00   6.4284570775684324e+00   4.0000000000000000e+00
   2.9886689398800415e+00   3.4360147895820612e+00   4.0000000000000000e+00
   2.8381135398574378e+00   3.7519657393577721e+00   4.0000000000000000e+00
   2.0838751883023034e+00   3.8688963753173846e+00   4.0000000000000000e+00
   3.6450709013172364e+00   6.9972747743659358e-01   4.0000000000000000e+00
   4.5646305185664424e+00   6.9904999141396917e-01   4.0000000000000000e+00
   6.0467813353105262e+00   8.1023723402970074e+00   4.0000000000000000e+00
   5.5400484411244868e+00   9.9683442765094412e+00   4.0000000000000000e+00
   8.0520195732581019e+00   6.7306214178358816e+00   4.0000000000000000e+00
   2.7785054569461130e+00   3.8357330772392881e+00   4.0000000000000000e+00
   3.4177039893171668e+00   3.0552176939926712e+00   4.0000000000000000e+00
   5.9123806499588349e+00   8.1317752574166864e+00   4.0000000000000000e+00
   6.2500601304479044e+00   8.2572172276951754e+00   4.0000000000000000e+00
   4.0470203091741217e+00   9.6684727372567281e-01   4.0000000000000000e+00
   5.4685652305374868e+00   9.2735516461900662e+00   4.0000000000000000e+00
   7.5918337101350764e+00   7.2484926471406776e+00   4.0000000000000000e+00
   6.0527642039318321e+00   8.0773839188164001e+00   4.0000000000000000e+00
   9.0092670774782171e+00   5.5044178979437053e+00   4.0000000000000000e+00
   6.8119591895738560e+00   7.1161802046024158e+00   4.0000000000000000e+00
   6.8791216106043720e+00   6.2772527433451000e+00   4.0000000000000000e+00
   4.2780668799011057e+00   2.4981715096159949e+00   4.0000000000000000e+00
   3.9633560991451033e+00   1.1223716287232988e+00   4.0000000000000000e+00
   6.7637691464409997e+00   6.3303477756087867e+00   4.0000000000000000e+00
   2.3954428843739786e+00   4.1614768724768236e+00   4.0000000000000000e+00
   6.1098416190814859e+00   9.1194132149816056e+00   4.0000000000000000e+00
   7.6196891494079901e+00   6.5098186878777495e+00   4.0000000000000000e+00
   3.9503522438208929e+00   7.3612902936208591e-01   4.0000000000000000e+00
   3.6202762754797559e+00   3.4533887622271342e+00   4.0000000000000000e+00
   7.9915662600144177e+00   6.2695748932855384e+00   4.0000000000000000e+00
   3.8964912180940861e+00   7.6723179144072229e-01   4.0000000000000000e+00
   2.6425903962801267e+00   4.2435614023685639e+00   4.0000000000000000e+00
   3.3006955403908487e+00   2.7467127520120052e+00   4.0000000000000000e+00
   4.1144554796213928e-01   4.1089801362734315e+00   4.0000000000000000e+00
   2.6770939490610282e+00   4.0427932146643997e+00   4.0000000000000000e+00
   5.9824322853188150e+00   8.1286702464730087e+00   4.0000000000000000e+00
   5.7006195036514731e+00   9.7850794592227803e+00   4.0000000000000000e+00
   6.8758659357997640e+00   6.7441191542607495e+00   4.0000000000000000e+00
   6.0811699198786666e+00   9.7519161772471499e+00   4.0000000000000000e+00
   2.0685289179980551e+00   3.0451275877169612e+00   4.0000000000000000e+00
   6.0389662418106562e+00   9.7915911674882548e+00   4.0000000000000000e+00
   1.7510894094760010e+00   4.4292767294342497e+00   4.0000000000000000e+00
   4.3541820482972273e+00   1.0479872663117118e-01   4.0000000000000000e+00
   2.7926289588462616e+00   4.1564387523482695e+00   4.0000000000000000e+00
   2.3056310404125591e+00   3.4377151979062059e+00   4.0000000000000000e+00
   9.6106279964427834e+00   5.9383970685322858e+00   4.0000000000000000e+00
   6.1865068581565561e+00   7.9753240616540797e+00   4.0000000000000000e+00
   9.9359123784080090e+00   6.0313489232270854e+00   4.0000000000000000e+00
   3.7996328512011956e+00   2.7886286731843168e+00   4.0000000000000000e+00
   2.3562065797845868e+00   3.1294320136767184e+00   4.0000000000000000e+00
   7.9145796498421479e+00   6.9822335058593996e+00   4.0000000000000000e+00
   6.1684349694552125e+00   7.0884647251221224e+00   4.0000000000000000e+00
   3.4623791829774673e+00   3.6035234464730781e+00   4.0000000000000000e+00
   6.8911241939906143e+00   6.5294960997882843e+00   4.0000000000000000e+00
   3.9433400580267053e+00   5.5962333785482654e-01   4.0000000000000000e+00
   7.7080504657738800e+00   5.9929654013648346e+00   4.0000000000000000e+00
   6.8922347299220981e+00   6.4571631579834534e+00   4.0000000000000000e+00
   7.6566032894305103e+00   6.2091047020313237e+00   4.0000000000000000e+00
   6.4482222310851354e+00   6.8585016065935109e+00   4.0000000000000000e+00
   6.6637609364295001e+00   7.5063312772171296e+00   4.0000000000000000e+00
   6.9466375980547221e+00   7.8466392934863896e+00   4.0000000000000000e+00
   9.2676645012779861e+00   5.6227393404279171e+00   4.0000000000000000e+00
   1.3816510621496347e+00   3.8691758828400804e+00   4.0000000000000000e+00
   2.6921547641658283e+00   2.9561191479076521e+00   4.0000000000000000e+00
   3.5657675363197319e+00   2.5375419704552837e+00   4.0000000000000000e+00
   3.5797196909942097e+00   2.9929621779567128e+00   4.0000000000000000e+00
   9.9455308592910328e+00   6.0636515024644035e+00   4.0000000000000000e+00
   8.4656755197875970e+00   5.8238650493386492e+00   4.0000000000000000e+00
   2.9293629496470555e+00   4.1264896968548879e+00   4.0000000000000000e+00
   3.9895482194168363e+00   2.8059760509921694e+00   4.0000000000000000e+00
   7.0138451758409239e+00   6.2713073235758863e+00   4.0000000000000000e+00
   3.7577126288858222e+00   2.6758201152343264e+00   4.0000000000000000e+00
   6.6345834047213206e+00   8.4375301193500700e+00   4.0000000000000000e+00
   9.4604540591076862e+00   5.9272252680383097e+00   4.0000000000000000e+00
   9.9876849554152365e+00   5.9482142144897150e+00   4.0000000000000000e+00
   5.9617548147703854e+00   8.6608007421184858e+00   4.0000000000000000e+00
   6.2711126355104110e+00   9.4716232490840824e+00   4.0000000000000000e+00
   8.4036416558991380e+00   6.0865005776032337e+00   4.0000000000000000e+00
   8.5765409724481820e+00   6.3578696190774018e+00   4.0000000000000000e+00
   3.4102332991405993e+00   3.0794015170909228e+00   4.0000000000000000e+00
   2.8637008075190842e+00   3.4049440601896128e+00   4.0000000000000000e+00
   3.7150524194762022e+00   3.7766147091091606e-01   4.0000000000000000e+00
   8.8684822544061248e+00   5.9772755734088232e+00   4.0000000000000000e+00
   8.3323967871412830e-01   3.9939957880344936e+00   4.0000000000000000e+00
   4.3968235066785164e+00   2.4692686310865430e+00   4.0000000000000000e+00
   5.6423651696059354e+00   7.4493608580134927e+00   4.0000000000000000e+00
   8.5061363121962934e+00   5.6120483262673506e+00   4.0000000000000000e+00
   9.3269361450160577e+00   8.8185020372979857e+00   5.0000000000000000e+00
   8.9958659861934578e+00   7.7379160150496720e+00   5.0000000000000000e+00
   7.6931924837446806e+00   7.6959416286864100e+00   5.0000000000000000e+00
   8.4139064803013053e+00   6.9471373751177703e+00   5.0000000000000000e+00
   9.6031862162211841e+00   9.7400509267528168e+00   5.0000000000000000e+00
   7.4225305962944557e+00   7.9128778596159464e+00   5.0000000000000000e+00
   1.7288418284699181e+00   1.4938877955618002e+00   5.0000000000000000e+00
   2.5956442201823071e+00   8.6126757874696480e-01   5.0000000000000000e+00
   8.4199603451014031e+00   9.1313720823427449e+00   5.0000000000000000e+00
   2.1088144286774080e-01   2.3597210092305110e+00   5.0000000000000000e+00
   8.4712499413827373e+00   8.6737398069423595e+00   5.0000000000000000e+00
   7.8913076695439779e+00   7.1056909957500336e+00   5.0000000000000000e+00
   1.0692884314049800e+00   3.3131847634479206e+00   5.0000000000000000e+00
   2.4181891405444356e+00   1.3733788287397619e+00   5.0000000000000000e+00
   7.0730780419095449e+00   9.5609264465779713e+00   5.0000000000000000e+00
   6.8501899170400247e+00   8.4460201588014865e+00   5.0000000000000000e+00
   2.5466144269410105e+00   5.4010474993063662e-01   5.0000000000000000e+00
   8.0176336899444838e+00   7.0125314277705533e+00   5.0000000000000000e+00
   2.8771550185710417e+00   7.7941623959171258e-02   5.0000000000000000e+00
   5.9206065250574369e-01   2.1085185282283945e+00   5.0000000000000000e+00
   8.3305417124253118e+00   7.5739924065433435e+00   5.0000000000000000e+00
   7.2119653810505042e+00   8.6114295291109766e+00   5.0000000000000000e+00
   9.7246718327393511e-01   2.4125656390486636e+00   5.0000000000000000e+00
   1.6472651458654775e+00   2.3109135993674146e-02   5.0000000000000000e+00
   8.3402972918928722e+00   9.9673618196392741e+00   5.0000000000000000e+00
   2.5156739353034165e+00   1.4758547967306890e+00   5.0000000000000000e+00
   6.4041571790890695e+00   9.3998517338610927e+00   5.0000000000000000e+00
   1.6870829099838414e+00   2.2030912019970152e+00   5.0000000000000000e+00
   8.2473033625755665e+00   9.8072350815139746e+00   5.0000000000000000e+00
   7.4036438287654089e+00   9.4628617430953259e+00   5.0000000000000000e+00
   7.5512936871054599e+00   8.3234849111943490e+00   5.0000000000000000e+00
   7.9102985568359738e+00   9.9151496148035640e+00   5.0000000000000000e+00
   2.6928379983034278e+00   9.2328319357657951e-01   5.0000000000000000e+00
   2.3943578528362885e+00   1.6265082872866121e+00   5.0000000000000000e+00
   1.3043823143741284e+00   2.3785515187004402e+00   5.0000000000000000e+00
   7.4539622070018297e+00   7.9460847866344828e+00   5.0000000000000000e+00
   6.9437573498803360e+00   8.2121367820099547e+00   5.0000000000000000e+00
   9.4830461110098199e+00   8.8537194284974543e+00   5.0000000000000000e+00
   5.0387151086182969e-01   1.5636386121511092e+00   5.0000000000000000e+00
   3.3593868827718198e-01   2.2075027743226894e-02   5.0000000000000000e+00
   8.9698267383118271e+00   7.2869710381595159e+00   5.0000000000000000e+00
   2.7404168283743005e+00   9.2976148393596247e-01   5.0000000000000000e+00
   8.9683793044754427e+00   7.5528856375960354e+00   5.0000000000000000e+00
   8.7976794545512877e+00   7.5653571727458964e+00   5.0000000000000000e+00
   7.0854594202211398e+00   9.6119780441514138e+00   5.0000000000000000e+00
   8.2229577792884108e+00   9.6835602922010118e+00   5.0000000000000000e+00
   1.2252534421513572e+00   2.5442704800716687e+00   5.0000000000000000e+00
   3.2857069228622549e+00   5.3405935021659801e-02   5.0000000000000000e+00
   8.1552161475463052e+00   8.9344871633093845e+00   5.0000000000000000e+00
   7.3215375997338654e+00   9.2748289146828782e+00   5.0000000000000000e+00
   1.9585908543527331e+00   9.3540807299244855e-01   5.0000000000000000e+00
   6.8135419133278807e-01   1.9688551219068351e+00   5.0000000000000000e+00
   1.8113421349337988e+00   1.4113306580995022e+00   5.0000000000000000e+00
   3.1326521075917171e+00   2.0900500954536660e-01   5.0000000000000000e+00
   2.9912342288955820e+00   3.3633737429048072e-01   5.0000000000000000e+00
   1.4915055903635532e+00   3.0760877503029072e+00   5.0000000000000000e+00
   1.0807323807892322e+00   8.3777040290375804e-01   5.0000000000000000e+00
   8.1826129185342982e+00   8.7901660206882326e+00   5.0000000000000000e+00
   6.8740052972555397e+00   8.2971334800139438e+00   5.0000000000000000e+00
   9.1819372665933194e+00   9.8455466296210883e+00   5.0000000000000000e+00
   2.3610548848551884e+00   2.8344146694649019e-01   5.0000000000000000e+00
   1.5122505618462956e-01   3.2725661878372114e-01   5.0000000000000000e+00
   8.8401864342090430e+00   7.1175737926577787e+00   5.0000000000000000e+00
   8.6381795721262256e-01   1.8779630713252993e+00   5.0000000000000000e+00
   9.8094081988076383e+00   8.1323865656325225e+00   5.0000000000000000e+00
   9.7684851328579736e-01   3.4932014379195966e+00   5.0000000000000000e+00
   6.4762872785703216e+00   9.3449359343327494e+00   5.0000000000000000e+00
   1.5497813050506404e+00   1.7604545200033128e+00   5.0000000000000000e+00
   8.1091325804445287e+00   9.0971732129276344e+00   5.0000000000000000e+00
   9.5689460475102877e+00   6.5297437075250651e+00   5.0000000000000000e+00
   6.7467230040199833e-01   2.8726122428718472e+00   5.0000000000000000e+00
   3.6716225321009710e-01   1.7679542310234564e+00   5.0000000000000000e+00
   1.1279588938058094e+00   2.5709558632797758e+00   5.0000000000000000e+00
   2.2490441283684159e+00   2.2066837942588124e-02   5.0000000000000000e+00
   8.4910217025213708e+00   9.4848719030259669e+00   5.0000000000000000e+00
   2.4872715350662489e-01   3.6245571696630763e+00   5.0000000000000000e+00
   1.6988225259280454e+00   2.2383380395858685e+00   5.0000000000000000e+00
   7.4138384040902361e+00   8.3844237442787790e+00   5.0000000000000000e+00
   2.0416015912848984e+00   1.1224838980618745e+00   5.0000000000000000e+00
   8.0700783315491709e+00   8.5895983759433179e+00   5.0000000000000000e+00
   9.9903859654743599e+00   9.8838906490423124e+00   5.0000000000000000e+00
   7.9208917176287947e+00   7.4887707783411885e+00   5.0000000000000000e+00
   2.7862288478206834e+00   7.3884189302172332e-01   5.0000000000000000e+00
   8.9596750947412023e+00   8.5771142124786106e+00   5.0000000000000000e+00
   7.8547869052107266e+00   7.7401212224220544e+00   5.0000000000000000e+00
   7.1078678822051646e+00   8.1572161573822815e+00   5.0000000000000000e+00
   6.0907630276051949e-01   1.2141979354976562e+00   5.0000000000000000e+00
   8.4299930374086003e+00   7.0817680831784688e+00   5.0000000000000000e+00
   8.4234002767125329e+00   9.2589634504699454e+00   5.0000000000000000e+00
   6.5452020220397422e-01   1.7326189246017010e+00   5.0000000000000000e+00
   2.1470486870655616e+00   2.3918813910609318e+00   5.0000000000000000e+00
   7.1176387468450661e+00   8.8570402905580039e+00   5.0000000000000000e+00
   8.6116200390840323e+00   8.2206937781804825e+00   5.0000000000000000e+00
   3.0717463607522522e+00   1.7774777336630965e+00   5.0000000000000000e+00
   8.7702933248605994e+00   8.6598818823899375e+00   5.0000000000000000e+00
   4.4881692585725164e-01   7.4754755671965212e-02   5.0000000000000000e+00
   2.4568619289219340e+00   1.7865558781144031e+00   5.0000000000000000e+00
   9.4242817851189304e+00   7.4487996412606341e+00   5.0000000000000000e+00
   5.9566163633678060e-01   3.4338827568940977e+00   5.0000000000000000e+00
   3.6530799649735601e-01   1.0728228347111268e+00   5.0000000000000000e+00
   7.9801629235154392e+00   9.3449532008161764e+00   5.0000000000000000e+00
   1.5763324006056667e+00   7.9248742334404820e-01   5.0000000000000000e+00
   8.0398851421315864e+00   7.0292764176778535e+00   5.0000000000000000e+00
   6.4675101497546521e+00   9.1894056034705116e+00   5.0000000000000000e+00
   7.4843965233562271e+00   9.9480126554916062e+00   5.0000000000000000e+00
   8.9695554106164437e+00   9.4589274673682606e+00   5.0000000000000000e+00
   9.2912295429937259e+00   8.2120562732750706e+00   5.0000000000000000e+00
   3.0156485297193649e+00   1.5288965224614759e-01   5.0000000000000000e+00
   1.6049694358185307e+00   9.9962021196077222e-02   5.0000000000000000e+00
   1.6185243777737290e+00   3.2851798862387982e-01   5.0000000000000000e+00
   8.3251374750096616e+00   9.1118791550815228e+00   5.0000000000000000e+00
   3.4165090861064895e+00   8.5032337716768325e-02   5.0000000000000000e+00
   1.9162147293667808e+00   8.2969762391765012e-01   5.0000000000000000e+00
   2.8590172248660961e+00   1.5389682299945262e+00   5.0000000000000000e+00
   6.6236226225173556e-01   6.0917907013997685e-01   5.0000000000000000e+00
   1.5090216294590986e+00   1.4563300517432964e+00   5.0000000000000000e+00
   9.3745863149753053e+00   8.5171064004719934e+00   5.0000000000000000e+00
   6.4219392952572445e+00   9.7828564974099024e+00   5.0000000000000000e+00
   8.0221186077831970e+00   7.3154921453022927e+00   5.0000000000000000e+00
   9.0615653025563496e+00   8.6709693191761694e+00   5.0000000000000000e+00
   2.6407311904396282e+00   8.2686314124164606e-01   5.0000000000000000e+00
   2.2238315829240918e+00   1.1654494584873432e+00   5.0000000000000000e+00
   8.8589870623538367e+00   9.1444550964387830e+00   5.0000000000000000e+00
   9.9504008248435412e+00   7.7136477750137686e+00   5.0000000000000000e+00
   3.4286376320111112e-01   2.3448290068780588e+00   5.0000000000000000e+00
   8.7157176220159833e+00   9.0605609740455364e+00   5.0000000000000000e+00
   8.4276708481649329e+00   9.5858484165720057e+00   5.0000000000000000e+00
   6.8738743607181805e+00   9.0824138005364290e+00   5.0000000000000000e+00
   1.3339998817928589e+00   5.7524638513961945e-01   5.0000000000000000e+00
   1.3527827354386435e+00   3.0631380427004249e+00   5.0000000000000000e+00
   9.0506311982715157e+00   6.7305012887034561e+00   5.0000000000000000e+00
   2.7545435885118028e+00   1.3761657305141994e+00   5.0000000000000000e+00
   8.4668519455151134e+00   8.6069200488737057e+00   5.0000000000000000e+00
   2.0434702944725567e+00   1.0282420096761835e-01   5.0000000000000000e+00
   8.1407764421520739e+00   7.2045854343558133e+00   5.0000000000000000e+00
   3.0224875479966928e+00   1.3188912068428571e+00   5.0000000000000000e+00
   5.1385721798124950e-01   7.8947813962745195e-01   5.0000000000000000e+00
   2.3565458953819194e+00   1.7401046290537292e-01   5.0000000000000000e+00
   5.6666941729050291e-01   9.7532420973007072e-01   5.0000000000000000e+00
   9.9063879041483442e+00   7.2986389685976194e+00   5.0000000000000000e+00
   2.6217988938060257e+00   2.2128194179390546e+00   5.0000000000000000e+00
   1.2721528846109520e+00   2.7597243833615082e+00   5.0000000000000000e+00
   9.0773753467847449e+00   9.3011004578727334e+00   5.0000000000000000e+00
   8.1418721031875432e+00   9.4222741357488076e+00   5.0000000000000000e+00
   8.4241846215921630e+00   9.6301533153196068e+00   5.0000000000000000e+00
   9.4405851813891442e+00   7.6055911498775908e+00   5.0000000000000000e+00
   9.4985281659322158e+00   7.2071846333609866e+00   5.0000000000000000e+00
   7.1979192391613687e+00   8.0563874087828768e+00   5.0000000000000000e+00
   2.9910501518382260e-01   3.6717711171397460e+00   5.0000000000000000e+00
   7.4302551921502626e+00   8.9228951909462069e+00   5.0000000000000000e+00
   2.9707086373002456e-01   1.6515041139972153e-01   5.0000000000000000e+00
   2.4097283129206817e+00   4.3972222779146031e-01   5.0000000000000000e+00
   2.8848327023526164e+00   1.2470781556856725e+00   5.0000000000000000e+00
   3.4296484630140345e+00   6.6109772035123471e-01   5.0000000000000000e+00
   2.9846970136849027e+00   1.2055854906635177e+00   5.0000000000000000e+00
   8.2388163783920092e+00   9.2194593324727467e+00   5.0000000000000000e+00
   1.1843732621072944e+00   3.4112577464787455e+00   5.0000000000000000e+00
   9.0618255584130427e+00   8.3457197869226718e+00   5.0000000000000000e+00
   2.6211858313721614e+00   1.0076307017598207e-01   5.0000000000000000e+00
   8.4235595494053115e+00   7.5986106845519554e+00   5.0000000000000000e+00
   2.9522547211322658e+00   1.6506330857613227e+00   5.0000000000000000e+00
   2.3590842553631539e+00   9.3876053978566798e-01   5.0000000000000000e+00
   1.9086237477656698e+00   1.7262561218125727e+00   5.0000000000000000e+00
   9.1267710896293597e-01   1.4667357138845616e+00   5.0000000000000000e+00
   8.5105763892097546e+00   9.8861034730736499e+00   5.0000000000000000e+00
   6.6264918545519569e+00   8.7884548424641213e+00   5.0000000000000000e+00
   9.8231351955913322e+00   9.4004888063328487e+00   5.0000000000000000e+00
   8.9408733983515862e+00   8.5156616410104924e+00   5.0000000000000000e+00
   2.8987663856889148e+00   9.5407149604799901e-01   5.0000000000000000e+00
   9.7401123219828598e+00   6.8265384676117860e+00   5.0000000000000000e+00
   2.3442236710895417e+00   2.6314053939339788e+00   5.0000000000000000e+00
   2.3019291526522343e+00   6.8563663257301788e-01   5.0000000000000000e+00
   7.5506013122386602e+00   8.9517430385896173e+00   5.0000000000000000e+00
   5.8635525183962200e-01   2.4623439899554853e+00   5.0000000000000000e+00
   9.2674260779083486e+00   8.3940603850532511e+00   5.0000000000000000e+00
   1.7290719724751225e+00   1.2488726200963063e+00   5.0000000000000000e+00
   2.2416692984483841e+00   8.4444015650914306e-01   5.0000000000000000e+00
   9.0519109404191358e+00   7.3691935154556640e+00   5.0000000000000000e+00
   4.9656665929018740e-02   6.9083974184275587e-01   5.0000000000000000e+00
   9.8026355977080026e+00   7.0753843557665181e+00   5.0000000000000000e+00
   1.4244544709373486e+00   1.9473364369873403e+00   5.0000000000000000e+00
   1.6342164707640594e+00   2.2883089755431296e+00   5.0000000000000000e+00
   8.2776790761535657e-01   1.3722512599447068e+00   5.0000000000000000e+00
   6.8168526346947420e+00   9.6397440866984514e+00   5.0000000000000000e+00
   6.9741692985714598e+00   8.6265223856299009e+00   5.0000000000000000e+00
   1.7848171904756294e+00   3.0265813143704268e+00   5.0000000000000000e+00
   7.9413444552606975e+00   8.4852031397485099e+00   5.0000000000000000e+00
   9.8446685356540176e+00   7.3110911531209579e+00   5.0000000000000000e+00
   9.9347808693216386e+00   7.1305568688799728e+00   5.0000000000000000e+00
   3.1406175727675367e+00   1.0708066998533916e+00   5.0000000000000000e+00
   9.0373954457622077e+00   7.2854718385006354e+00   5.0000000000000000e+00
   8.4491189990380740e+00   9.7619798805938238e+00   5.0000000000000000e+00
   1.5002087532928565e+00   3.2723717882584547e-02   5.0000000000000000e+00
   1.4115840782985101e+00   1.5779840331809714e+00   5.0000000000000000e+00
   2.2497688349333966e+00   6.1676438950041934e-01   5.0000000000000000e+00
   9.8888505291494209e+00   8.8114474526400226e+00   5.0000000000000000e+00
   1.0986848658249060e+00   2.4237448789645297e+00   5.0000000000000000e+00
   8.6990002254937693e-01   1.4266022056268823e+00   5.0000000000000000e+00
   6.5482681735451020e-01   2.1281028255215864e+00   5.0000000000000000e+00
   8.4319240357837124e+00   6.7564382617059158e+00   5.0000000000000000e+00
   9.9247525166390211e+00   8.3827681252522090e+00   5.0000000000000000e+00
   9.0877924709036009e+00   7.2059861058352830e+00   5.0000000000000000e+00
   8.0627557683055215e+00   7.6275832632685621e+00   5.0000000000000000e+00
   1.9172368458062883e+00   2.5156559940173850e+00   5.0000000000000000e+00
   2.5176514323538681e+00   4.8173623961423218e-01   5.0000000000000000e+00
   8.9169100625012696e+00   9.6814693858681569e+00   5.0000000000000000e+00
   6.2770811353080838e+00   9.9699909190255838e+00   5.0000000000000000e+00
   1.5357138597258557e+00   2.9847113886981891e+00   5.0000000000000000e+00
   2.7052684215013700e+00   2.1843504374106750e+00   5.0000000000000000e+00
   9.1172104082973267e+00   8.0834775264826124e+00   5.0000000000000000e+00
   1.9488749809121375e+00   2.6255601201700562e-01   5.0000000000000000e+00
   7.1389744543856972e+00   8.1790161889812367e+00   5.0000000000000000e+00
   7.5627978271024148e+00   9.3479391115749433e+00   5.0000000000000000e+00
   1.2476901690530062e+00   1.8694405003580783e+00   5.0000000000000000e+00
   3.2920120112755802e-01   1.5302574402694624e+00   5.0000000000000000e+00
   1.7791451345397102e+00   2.8415227007819164e+00   5.0000000000000000e+00
   9.6631707987723967e+00   7.2123826413644752e+00   5.0000000000000000e+00
   7.7307678889218092e+00   9.0155772546722304e+00   5.0000000000000000e+00
   9.7599672166265687e+00   9.1342295152564947e+00   5.0000000000000000e+00
   7.6620641756791343e+00   7.8985838037416229e+00   5.0000000000000000e+00
   1.6221182743297025e+00   2.8584786405005391e-01   5.0000000000000000e+00
   1.8357987656676189e+00   2.4830037347013301e+00   5.0000000000000000e+00
   1.8325393290570391e+00   2.5977161626360648e+00   5.0000000000000000e+00
