   8.2331815489614844e+00   1.3911014051247339e+00   1.0000000000000000e+00
   7.0237864562100150e+00   2.2695684860670196e-01   1.0000000000000000e+00
   3.0132865277913234e+00   8.2326345417241527e+00   1.0000000000000000e+00
   8.6604389994477842e+00   5.1717105819647280e-01   1.0000000000000000e+00
   2.4153717441851796e-01   6.3011112554177160e+00   1.0000000000000000e+00
   7.5143431279550965e+00   2.2978111279683144e+00   1.0000000000000000e+00
   1.6557034373096013e+00   9.2013284105414410e+00   1.0000000000000000e+00
   9.3404190993017666e-01   7.4977826803943088e+00   1.0000000000000000e+00
   9.4188685821447002e+00   1.4977336298197030e+00   1.0000000000000000e+00
   7.9280665445163301e+00   7.3760623299747086e-01   1.0000000000000000e+00
   1.0483195956809277e+00   8.8236452546083868e+00   1.0000000000000000e+00
   1.7961735844574378e+00   7.7114000460942052e+00   1.0000000000000000e+00
   8.9434706819619532e+00   7.2135167473824646e-02   1.0000000000000000e+00
   7.9132795249741825e+00   1.8337981807211590e+00   1.0000000000000000e+00
   9.3259981984334051e-01   8.1709824675837215e+00   1.0000000000000000e+00
   1.2963908853525941e-01   9.0196648529065477e+00   1.0000000000000000e+00
   1.2505295101112235e+00   6.5886317389667992e+00   1.0000000000000000e+00
   9.5120530771383187e+00   1.6337366887856708e+00   1.0000000000000000e+00
   8.1546192825844059e+00   2.0830654875373664e+00   1.0000000000000000e+00
   1.8112480126812658e-01   7.3436067937779796e+00   1.0000000000000000e+00
   2.2313650862329872e+00   9.1108829229164563e+00   1.0000000000000000e+00
   7.7503325862207726e+00   1.5685583304988115e+00   1.0000000000000000e+00
   2.0775149524838987e+00   8.9382414344227268e+00   1.0000000000000000e+00
   6.7879413385190439e+00   8.5315955589653547e-01   1.0000000000000000e+00
   1.8411731890267025e+00   8.0660541558483931e+00   1.0000000000000000e+00
   7.4810581080892105e+00   5.5281886134006086e-01   1.0000000000000000e+00
   1.4139317263248463e+00   9.5186411142791254e+00   1.0000000000000000e+00
   1.9096709734683104e+00   9.9430502565365604e+00   1.0000000000000000e+00
   9.7957034331846291e+00   3.5855106563848613e+00   1.0000000000000000e+00
   7.9514810055559835e+00   6.7791820235686528e-01   1.0000000000000000e+00
   7.5046379350772185e-01   9.4183555761799180e+00   1.0000000000000000e+00
   4.3769606786576043e-01   7.6917857782671231e+00   1.0000000000000000e+00
   6.0911084250463987e-01   7.3118097620990969e+00   1.0000000000000000e+00
   1.9097111422432944e+00   7.7470737498132998e+00   1.0000000000000000e+00
   1.9469087309206579e+00   8.3126569791538376e+00   1.0000000000000000e+00
   7.8743972245668639e+00   1.9205600756509322e+00   1.0000000000000000e+00
   1.0934397880517577e+00   8.3313106683768829e+00   1.0000000000000000e+00
   2.0332207055678686e+00   8.7062564187987750e+00   1.0000000000000000e+00
   7.6857320887551150e-01   6.8097240377948172e+00   1.0000000000000000e+00
   1.8620760092363609e+00   7.5589807701141742e+00   1.0000000000000000e+00
   1.6628102208306283e+00   9.0825832559742921e+00   1.0000000000000000e+00
   7.9445481642934856e-01   9.0864713085603963e+00   1.0000000000000000e+00
   6.6815518663755817e+00   1.4918126507159735e-01   1.0000000000000000e+00
   1.9972100483894484e+00   9.1142098445758695e+00   1.0000000000000000e+00
   8.5158512131843302e+00   6.9696685671314706e-01   1.0000000000000000e+00
   6.7963254439129894e+00   7.1787560766131575e-01   1.0000000000000000e+00
   9.1980770164503607e+00   1.7843059293691355e+00   1.0000000000000000e+00
   8.2436402094025389e+00   3.1603542736408419e-01   1.0000000000000000e+00
   8.7616569262805584e+00   1.2107651468565162e+00   1.0000000000000000e+00
   1.4829890749726116e+00   7.2904299645399551e+00   1.0000000000000000e+00
   9.9040059812655397e+00   4.3757140014025087e-01   1.0000000000000000e+00
   3.8837659388037959e-02   7.1162622643945559e+00   1.0000000000000000e+00
   2.6712148780429859e+00   7.8168370523797561e+00   1.0000000000000000e+00
   8.5947337136714790e+00   6.4544041431939703e-01   1.0000000000000000e+00
   9.1333371079555263e+00   1.3799205913608037e+00   1.0000000000000000e+00
   5.7295963253411242e-01   8.2894203843040764e+00   1.0000000000000000e+00
   9.0363084547812971e+00   5.1096329805099927e-01   1.0000000000000000e+00
   1.7104175717525771e+00   9.3241864278956417e+00   1.0000000000000000e+00
   2.4869183722229771e+00   8.1313488632178039e+00   1.0000000000000000e+00
   8.5837681604657163e+00   2.1992675854527599e+00   1.0000000000000000e+00
   8.1834594814267136e-01   9.1612702392015564e+00   1.0000000000000000e+00
   8.5912724066710950e+00   2.5480945115032338e+00   1.0000000000000000e+00
   8.5311127212342690e+00   1.7057207989727496e+00   1.0000000000000000e+00
   7.7754856070234943e+00   2.5872881504210756e+00   1.0000000000000000e+00
   2.3802884020045525e+00   8.8722451006277794e+00   1.0000000000000000e+00
   6.8758126048787975e+00   9.9924611931027418e-01   1.0000000000000000e+00
   4.7231440659324275e-01   6.6245725216964999e+00   1.0000000000000000e+00
   2.8836399041561833e+00   9.1128080825608748e+00   1.0000000000000000e+00
   9.5136674133621071e+00   2.0441466558102439e+00   1.0000000000000000e+00
   7.7695842374047004e+00   1.1970093329441456e+00   1.0000000000000000e+00
   7.3067354938379339e+00   1.6336199660288209e+00   1.0000000000000000e+00
   8.1108606403356465e+00   2.9788606443565313e+00   1.0000000000000000e+00
   9.9803591212301459e+00   1.4426465798074228e+00   1.0000000000000000e+00
   9.7680948739751763e+00   1.8000412987355963e+00   1.0000000000000000e+00
   7.2824735805813106e+00   7.0483946416306620e-01   1.0000000000000000e+00
   8.4479976595844910e+00   1.4818267712854305e+00   1.0000000000000000e+00
   8.5854314786545705e-01   7.5702052776054654e+00   1.0000000000000000e+00
   9.8385578331491086e+00   3.5255007873166821e-01   1.0000000000000000e+00
   3.2549383904244591e+00   9.9289492414874836e+00   1.0000000000000000e+00
   7.1152222598626764e+00   4.2651900391145192e-02   1.0000000000000000e+00
   6.7546833657561471e+00   1.6079369212974370e-01   1.0000000000000000e+00
   4.4453071391004850e-01   6.4622521617295288e+00   1.0000000000000000e+00
   8.5662681385408384e+00   1.5719927391076882e+00   1.0000000000000000e+00
   1.0391615436165424e+00   8.2722373902398196e+00   1.0000000000000000e+00
   1.2890806605535865e+00   8.9492598638358007e+00   1.0000000000000000e+00
   6.1272746867624961e-01   7.1421058091319791e+00   1.0000000000000000e+00
   9.2769456373807362e+00   1.3659532651983719e-01   1.0000000000000000e+00
   1.9897620264300453e+00   9.3244771781006524e+00   1.0000000000000000e+00
   9.9456111919865364e+00   2.0427104988898250e+00   1.0000000000000000e+00
   9.2425611937477488e+00   1.9518103080089688e+00   1.0000000000000000e+00
   8.1993046534021570e+00   5.6356586060759217e-01   1.0000000000000000e+00
   5.5369726012645892e-01   6.5759339310642773e+00   1.0000000000000000e+00
   9.9643533832559896e+00   2.8389416715523019e+00   1.0000000000000000e+00
   9.3028556736775236e-01   6.7245623458221582e+00   1.0000000000000000e+00
   8.1631346655236374e+00   8.2184921016563051e-01   1.0000000000000000e+00
   1.2410320016791065e+00   9.4884660440133821e+00   1.0000000000000000e+00
   1.0756931839580819e-01   9.4961730819272088e+00   1.0000000000000000e+00
   1.9719719430118765e+00   7.6099328234450239e+00   1.0000000000000000e+00
   7.4483643339747219e-01   8.0504363829222356e+00   1.0000000000000000e+00
   2.1175057321050952e+00   8.2476380940277831e+00   1.0000000000000000e+00
   8.6096876666891138e+00   3.0107967305886341e+00   1.0000000000000000e+00
   7.9460722369546701e+00   7.1371665715931343e-02   1.0000000000000000e+00
   1.6436174011102989e+00   9.5375332875442602e+00   1.0000000000000000e+00
   9.6268144402942202e+00   2.4175518715448963e+00   1.0000000000000000e+00
   2.2128152694180727e+00   7.3674340612157962e+00   1.0000000000000000e+00
   8.7192428306188248e+00   2.7257575647424592e-01   1.0000000000000000e+00
   1.0780514038448941e+00   9.8053553481955991e+00   1.0000000000000000e+00
   2.0783314753014528e+00   9.8848471279916748e+00   1.0000000000000000e+00
   9.8677363773282938e+00   1.0379524943706253e+00   1.0000000000000000e+00
   8.4063842759615675e+00   3.0167386357050141e+00   1.0000000000000000e+00
   2.2508083379808728e+00   9.6716675862909192e+00   1.0000000000000000e+00
   6.6211428517546356e-01   9.9632680177476747e+00   1.0000000000000000e+00
   7.6703644699739781e-01   9.6530906848901203e+00   1.0000000000000000e+00
   1.0374434717016656e+00   9.7580724690056151e+00   1.0000000000000000e+00
   9.3717144538807169e+00   5.5860562659877822e-01   1.0000000000000000e+00
   7.4693073358136575e-01   9.7194583319429935e+00   1.0000000000000000e+00
   7.8214359415880317e+00   2.1136919341300722e+00   1.0000000000000000e+00
   3.4286409836998488e+00   8.8339130981124505e+00   1.0000000000000000e+00
   7.1041961848299859e+00   1.3535852323426179e+00   1.0000000000000000e+00
   8.8183134237378269e+00   1.2822452446982724e+00   1.0000000000000000e+00
   6.9147934943890306e+00   1.0803116197137419e+00   1.0000000000000000e+00
   7.0722125855919451e+00   2.4327365642238363e-01   1.0000000000000000e+00
   2.9619408396687197e-01   6.8896158884953174e+00   1.0000000000000000e+00
   9.8553117126523855e+00   3.6942077706938248e-01   1.0000000000000000e+00
   8.9743327765366647e+00   1.5637023355003332e+00   1.0000000000000000e+00
   2.3696664586726399e+00   7.5885156160243197e+00   1.0000000000000000e+00
   2.2941819274000230e+00   9.9727938985908313e+00   1.0000000000000000e+00
   2.3567483295525546e+00   8.7893550025522096e+00   1.0000000000000000e+00
   9.8853302405531558e+00   3.5446720246596364e+00   1.0000000000000000e+00
   2.3795536968351119e+00   8.3823639973296729e+00   1.0000000000000000e+00
   4.0417946415903239e-01   6.6060529123040235e+00   1.0000000000000000e+00
   9.3799389941686933e+00   2.5113497382128678e+00   1.0000000000000000e+00
   1.1747524183840885e+00   9.9224786085360535e+00   1.0000000000000000e+00
   9.8024916128493955e-01   7.1435430795893708e+00   1.0000000000000000e+00
   9.7376310561033677e+00   3.1137674758034661e+00   1.0000000000000000e+00
   9.4386627983046854e+00   5.1442739531298853e-01   1.0000000000000000e+00
   8.3024996367488964e+00   6.3918457595671718e-01   1.0000000000000000e+00
   7.6541236827081960e+00   2.3575781809946905e-02   1.0000000000000000e+00
   9.9049044353992386e+00   3.4792635236205594e+00   1.0000000000000000e+00
   8.3020481895074276e+00   1.5783946091283085e-01   1.0000000000000000e+00
   8.9728200283056232e+00   1.4135569592043506e+00   1.0000000000000000e+00
   7.2706898179708546e-01   7.2807437010080447e+00   1.0000000000000000e+00
   8.0457932690900584e+00   1.8558919072437663e+00   1.0000000000000000e+00
   8.6495697192340781e+00   3.1159276333222308e+00   1.0000000000000000e+00
   6.3364955930619082e-01   9.5821514254783740e+00   1.0000000000000000e+00
   1.0190409594851402e+00   8.6745608541653922e+00   1.0000000000000000e+00
   2.6826005942681252e+00   9.7189387593152965e+00   1.0000000000000000e+00
   8.0241969011988949e+00   1.8844084009600459e+00   1.0000000000000000e+00
   3.4543115576720340e+00   9.4653073612040757e+00   1.0000000000000000e+00
   8.8871714661047498e+00   3.3770471807351230e+00   1.0000000000000000e+00
   6.6586578429784637e+00   8.1883112381066936e-01   1.0000000000000000e+00
   7.4925566919826214e-01   6.8836837137482432e+00   1.0000000000000000e+00
   3.2656595922200204e+00   8.4519392990352546e+00   1.0000000000000000e+00
   1.3376210266756627e+00   8.6857451175302138e+00   1.0000000000000000e+00
   9.0396179643684462e+00   1.0358867723367582e-01   1.0000000000000000e+00
   1.0798937956816979e+00   6.5208832110220296e+00   1.0000000000000000e+00
   9.9394640033213104e+00   1.1262432186261295e+00   1.0000000000000000e+00
   7.0099762202534297e+00   1.8072990239269859e+00   1.0000000000000000e+00
   8.5257017044806704e-01   6.4623813555119058e+00   1.0000000000000000e+00
   9.4008466224253535e+00   3.1552909654012620e+00   1.0000000000000000e+00
   8.5189258830435080e+00   2.7060088766750479e-01   1.0000000000000000e+00
   9.5479533534582046e+00   3.7284855434065012e-01   1.0000000000000000e+00
   3.9164753874225910e-01   8.9531904881275750e+00   1.0000000000000000e+00
   3.1408208609758246e+00   9.7960127841242670e+00   1.0000000000000000e+00
   8.6545363347127964e+00   3.3058501396181486e+00   1.0000000000000000e+00
   2.4145074249671685e+00   8.7909349081110495e+00   1.0000000000000000e+00
   9.2567198129023893e+00   2.8113850736971191e+00   1.0000000000000000e+00
   8.0130051329867324e+00   2.6897875943075302e+00   1.0000000000000000e+00
   3.3838481896576109e+00   9.4782065278875614e+00   1.0000000000000000e+00
   1.3472083045601491e+00   7.5553372993023196e+00   1.0000000000000000e+00
   8.0222106285969055e+00   1.0724536888085789e+00   1.0000000000000000e+00
   6.0333029895341395e-01   6.9005925742202852e+00   1.0000000000000000e+00
   9.0543172710961279e+00   1.2296379106350419e+00   1.0000000000000000e+00
   8.7263214546010843e+00   2.1489256956408020e-01   1.0000000000000000e+00
   1.0022239999284033e+00   7.3787352294582496e+00   1.0000000000000000e+00
   9.3363287936720578e+00   8.0567280431310340e-01   1.0000000000000000e+00
   8.4752760453232643e+00   6.6666167623296801e-01   1.0000000000000000e+00
   7.8046978215986957e+00   1.2675182667061768e+00   1.0000000000000000e+00
   2.0128250939835288e+00   8.8380340358989216e+00   1.0000000000000000e+00
   9.9906475235991419e+00   3.6735493105194097e+00   1.0000000000000000e+00
   1.5876033406018153e+00   8.8993953169182340e+00   1.0000000000000000e+00
   8.6917835604832572e-01   7.7482381569759529e+00   1.0000000000000000e+00
   8.1775141047806805e+00   1.8426899590641310e+00   1.0000000000000000e+00
   9.3345907275858564e-01   7.9795941207485281e+00   1.0000000000000000e+00
   1.5287462055864287e-01   6.9741911315798806e+00   1.0000000000000000e+00
   1.8243331581108857e+00   7.7414507424389667e+00   1.0000000000000000e+00
   3.4583918463509944e-01   8.4669501637934985e+00   1.0000000000000000e+00
   9.8773413929329443e+00   3.2679314851270460e+00   1.0000000000000000e+00
   9.4961940586649529e-01   9.1935425808270939e+00   1.0000000000000000e+00
   9.2311375206944768e-01   8.2127358375773909e+00   1.0000000000000000e+00
   2.4229642974924150e+00   8.7103962160630353e+00   1.0000000000000000e+00
   1.8125705824535432e-01   7.4653454674695929e+00   1.0000000000000000e+00
   6.7711443452013076e-01   8.3823650939672039e+00   1.0000000000000000e+00
   9.3492328557418460e+00   2.4478057381287432e+00   1.0000000000000000e+00
   2.3960525442869751e+00   7.4808990659804859e+00   1.0000000000000000e+00
   1.3548840777744775e+00   8.7813691996025067e+00   1.0000000000000000e+00
   2.3188688630855827e+00   9.4110543258327386e+00   1.0000000000000000e+00
   8.7183255080565498e+00   3.0523034590835052e+00   1.0000000000000000e+00
   5.1292177444485998e-01   6.8096771554207844e+00   1.0000000000000000e+00
   3.8522785395776138e-01   6.2896377851395844e+00   1.0000000000000000e+00
   1.5139283657317260e+00   6.7593745836620318e+00   1.0000000000000000e+00
   2.3408271674409620e+00   9.2551672158217269e+00   1.0000000000000000e+00
   9.4507370337631098e+00   7.4264571702293836e-01   1.0000000000000000e+00
   8.8412205327080571e+00   3.2177969439424734e+00   1.0000000000000000e+00
   8.6517625375154061e+00   6.1219166785665857e-01   1.0000000000000000e+00
   9.1143517249297759e+00   4.5688108938470862e-02   1.0000000000000000e+00
   3.1001009108303625e+00   9.5783693237371121e+00   1.0000000000000000e+00
   9.1396060630210130e+00   1.4364607489852355e+00   1.0000000000000000e+00
   8.7952020645968823e+00   1.9850861605633430e+00   1.0000000000000000e+00
   3.0550942287778460e+00   9.7101128105365415e+00   1.0000000000000000e+00
   1.9553828333524437e+00   8.0727121119110929e+00   1.0000000000000000e+00
   9.8563095856837197e+00   8.8782823162911528e-01   1.0000000000000000e+00
   8.6233142765144155e+00   2.6050808023727612e+00   1.0000000000000000e+00
   7.5023122736185313e+00   7.9703977083447453e-01   1.0000000000000000e+00
   8.1645930459648479e+00   2.2451615505233113e+00   1.0000000000000000e+00
   1.6202253226700980e+00   7.6476136935547494e+00   1.0000000000000000e+00
   2.7305872598555059e+00   8.0872161399794127e+00   1.0000000000000000e+00
   1.7037256814772361e+00   6.9608062454075803e+00   1.0000000000000000e+00
   5.2672667369077892e+00   1.1736757229105266e+00   2.0000000000000000e+00
   3.6319879042758063e+00   5.8939736535132683e+00   2.0000000000000000e+00
   7.4859241296676116e+00   3.7606749462933053e+00   2.0000000000000000e+00
   2.9199491145878609e+00   7.0632312893201474e+00   2.0000000000000000e+00
   1.4921910762734669e+00   6.0891533404055309e+00   2.0000000000000000e+00
   7.7033092609351712e+00   2.9551786131143309e+00   2.0000000000000000e+00
   7.2993301761580422e+00   2.4466020366696615e+00   2.0000000000000000e+00
   1.3866381455915211e+00   5.4034571426875662e+00   2.0000000000000000e+00
   3.5392957624351942e+00   8.7292481579444576e+00   2.0000000000000000e+00
   3.2613002065180141e-01   5.2883914954933173e+00   2.0000000000000000e+00
   5.8362251920678299e+00   2.1024525251529749e+00   2.0000000000000000e+00
   3.7825488763700577e+00   5.9981454633603342e+00   2.0000000000000000e+00
   7.6123812167500415e-01   6.1052157808434773e+00   2.0000000000000000e+00
   4.0773553274418184e+00   7.8078773969275126e+00   2.0000000000000000e+00
   6.1841727538834865e+00   2.0791020438589558e+00   2.0000000000000000e+00
   6.3436306320527267e+00   4.1829897563672400e+00   2.0000000000000000e+00
   2.0260594650269259e+00   6.5535213673938770e+00   2.0000000000000000e+00
   6.9680118831119464e-01   6.2100455017976337e+00   2.0000000000000000e+00
   4.3576451595785848e+00   8.1128004630502364e+00   2.0000000000000000e+00
   5.8852182505907429e+00   3.5986452537185376e+00   2.0000000000000000e+00
   3.4258135841847173e+00   7.7351786500834949e+00   2.0000000000000000e+00
   2.9319186435828550e+00   6.0412372815829212e+00   2.0000000000000000e+00
   6.7215194408219627e+00   3.7221558280529541e+00   2.0000000000000000e+00
   5.6964160117644589e+00   1.2327445263059200e+00   2.0000000000000000e+00
   5.3340750287274812e+00   1.6410632435454875e+00   2.0000000000000000e+00
   5.6324702844368391e+00   2.7702935078016844e+00   2.0000000000000000e+00
   6.8174579143528966e+00   4.3127358935321976e+00   2.0000000000000000e+00
   6.8410624930974357e+00   3.0564203435836301e+00   2.0000000000000000e+00
   6.8815411285769104e+00   4.3270616229143810e+00   2.0000000000000000e+00
   3.7568589224304949e-02   5.7454219795925221e+00   2.0000000000000000e+00
   4.2593792920676687e+00   7.6867045100843709e+00   2.0000000000000000e+00
   7.2593452290612444e+00   2.8180366134711452e+00   2.0000000000000000e+00
   7.5591291801105758e+00   3.0759575877482161e+00   2.0000000000000000e+00
   7.5747040445249159e+00   3.0235189848651087e+00   2.0000000000000000e+00
   6.7981864698247407e-01   6.0374265145367012e+00   2.0000000000000000e+00
   7.3506295398671799e+00   4.5052834150442402e+00   2.0000000000000000e+00
   1.5296754394959178e+00   5.5859546100135198e+00   2.0000000000000000e+00
   1.5155778911175266e+00   5.7998437275498897e+00   2.0000000000000000e+00
   1.5028824043386146e+00   6.2186697626050060e+00   2.0000000000000000e+00
   6.2800177402037649e+00   2.9305651485540007e+00   2.0000000000000000e+00
   3.1129812861533046e+00   5.7914762429193898e+00   2.0000000000000000e+00
   8.1752780709261739e+00   4.1935601659655681e+00   2.0000000000000000e+00
   6.9690504131011757e+00   3.1818034870868916e+00   2.0000000000000000e+00
   6.0377604154969600e+00   2.9231577621583291e+00   2.0000000000000000e+00
   6.0036120485937339e+00   3.4399577360970444e+00   2.0000000000000000e+00
   2.8933144489542109e+00   7.3106875976373500e+00   2.0000000000000000e+00
   5.8889613437937545e+00   3.3352029070320102e+00   2.0000000000000000e+00
   8.1011699394247767e+00   3.6795433147828724e+00   2.0000000000000000e+00
   6.7970490589901233e-01   6.2302905774964490e+00   2.0000000000000000e+00
   2.5184643412137095e+00   6.8039908783629963e+00   2.0000000000000000e+00
   3.8010471682604106e+00   8.2037432286118310e+00   2.0000000000000000e+00
   6.0451871886887858e+00   3.5095267208143310e+00   2.0000000000000000e+00
   8.0182262836308791e+00   3.8048936024472892e+00   2.0000000000000000e+00
   1.8484552714449320e+00   5.4888384698966437e+00   2.0000000000000000e+00
   2.5283261516095190e+00   6.4459988309548972e+00   2.0000000000000000e+00
   6.6254035720929032e+00   2.6631922154250445e+00   2.0000000000000000e+00
   5.8506923910134478e+00   2.1639679568743055e+00   2.0000000000000000e+00
   5.6688561211167610e+00   4.1724376365759097e-01   2.0000000000000000e+00
   9.1449801234398560e+00   4.3448732697432231e+00   2.0000000000000000e+00
   4.2260830675763392e+00   9.9799120783461497e+00   2.0000000000000000e+00
   8.4052472724026863e+00   3.2792404738225622e+00   2.0000000000000000e+00
   4.2856118738070537e+00   8.2300849098149307e+00   2.0000000000000000e+00
   6.1363199776665658e+00   3.0496155515866419e+00   2.0000000000000000e+00
   4.4435262833758209e+00   7.7337967374219376e+00   2.0000000000000000e+00
   5.9479701950977546e+00   3.2198644204475322e+00   2.0000000000000000e+00
   1.0865702661430998e+00   6.2849760973506967e+00   2.0000000000000000e+00
   7.5716749611520262e+00   3.2965515469679509e+00   2.0000000000000000e+00
   2.6968932738210327e-01   5.9676905183023035e+00   2.0000000000000000e+00
   3.1152962283923982e+00   5.6350274836783951e+00   2.0000000000000000e+00
   1.2136503936050624e+00   5.2987094060166626e+00   2.0000000000000000e+00
   2.8395966431573108e+00   6.3627263623159456e+00   2.0000000000000000e+00
   9.1348750135349537e+00   4.5894589779754877e+00   2.0000000000000000e+00
   2.4725065722343653e+00   5.7957636956023784e+00   2.0000000000000000e+00
   7.4121004522012113e+00   4.2063564760369045e+00   2.0000000000000000e+00
   4.0109690577024102e+00   7.3724994220438154e+00   2.0000000000000000e+00
   3.5037520312293680e+00   7.7885448998097058e+00   2.0000000000000000e+00
   6.9708411330572027e+00   4.3969798375795914e+00   2.0000000000000000e+00
   7.2455892070726104e+00   3.0724359454709771e+00   2.0000000000000000e+00
   5.8663228865908881e+00   2.1812329207269587e+00   2.0000000000000000e+00
   4.3284869563550838e+00   7.3896514805275846e+00   2.0000000000000000e+00
   2.3846922845647933e+00   5.6288358841701545e+00   2.0000000000000000e+00
   3.9563016528032859e+00   8.7951088898879934e+00   2.0000000000000000e+00
   8.1940672249126685e+00   4.3596320189364501e+00   2.0000000000000000e+00
   5.9742341518588287e+00   3.5146952921755070e-01   2.0000000000000000e+00
   2.1098355431824589e-01   6.0929326474141812e+00   2.0000000000000000e+00
   6.9626681742362546e+00   2.0027570701409481e+00   2.0000000000000000e+00
   5.4099870080683417e+00   1.6778860264708761e+00   2.0000000000000000e+00
   3.1004401797622161e+00   7.1332917563283926e+00   2.0000000000000000e+00
   2.0847736487646928e+00   6.2455405658515311e+00   2.0000000000000000e+00
   6.9558021473621050e+00   3.7979005049089620e+00   2.0000000000000000e+00
   3.1457049072053889e+00   6.2875175691408369e+00   2.0000000000000000e+00
   4.3577348165153706e+00   9.3730791163471565e+00   2.0000000000000000e+00
   6.4322399897485671e-01   6.1293088847143817e+00   2.0000000000000000e+00
   6.7756173387810206e+00   3.6514289933930213e+00   2.0000000000000000e+00
   5.6939860690255406e+00   3.0410610823042736e+00   2.0000000000000000e+00
   3.2353859899210291e+00   7.3143585923326180e+00   2.0000000000000000e+00
   2.5661937496675380e+00   6.9170625546049527e+00   2.0000000000000000e+00
   3.8925136517962322e+00   8.9885819566252785e+00   2.0000000000000000e+00
   3.2562435449371052e+00   6.0742007703361187e+00   2.0000000000000000e+00
   6.2344656571669734e+00   2.5426255349799733e+00   2.0000000000000000e+00
   6.5609805927272644e+00   1.1809211359197247e+00   2.0000000000000000e+00
   1.0429502982500349e+00   5.4556636272088657e+00   2.0000000000000000e+00
   8.3447250318849235e+00   3.3927354813342081e+00   2.0000000000000000e+00
   7.7905108325118562e+00   4.4184164680202489e+00   2.0000000000000000e+00
   3.9912641407812401e+00   8.4216697266952032e+00   2.0000000000000000e+00
   9.1365102764419941e+00   3.8228260330682104e+00   2.0000000000000000e+00
   5.5226925617828160e+00   3.0895042148309027e+00   2.0000000000000000e+00
   7.3301041916229774e+00   3.4880776045026129e+00   2.0000000000000000e+00
   6.9364300441769604e+00   4.4207860929795082e+00   2.0000000000000000e+00
   4.1290713847786966e+00   6.9023162671026057e+00   2.0000000000000000e+00
   4.0590165407437615e+00   8.3458080139734232e+00   2.0000000000000000e+00
   8.0120947993253040e+00   4.0340420267808081e+00   2.0000000000000000e+00
   1.9610840243556271e+00   5.5136388065577560e+00   2.0000000000000000e+00
   6.6392464586363005e+00   2.3697215700303875e+00   2.0000000000000000e+00
   4.1688745961849616e+00   8.9457974236319018e+00   2.0000000000000000e+00
   7.8151848006910463e+00   4.2998444550697634e+00   2.0000000000000000e+00
   6.5204525126365711e+00   1.2996764911265823e+00   2.0000000000000000e+00
   4.5241325297042163e+00   8.4578342385493901e+00   2.0000000000000000e+00
   3.1817832816286895e+00   6.4324293584012713e+00   2.0000000000000000e+00
   7.4393996732607928e+00   2.5799437219102850e+00   2.0000000000000000e+00
   6.3574252726396994e+00   4.1518584062902653e+00   2.0000000000000000e+00
   6.3160079349713030e+00   2.5618767345633109e+00   2.0000000000000000e+00
   8.0885245816851388e+00   3.4616102555745929e+00   2.0000000000000000e+00
   7.4245523930948440e+00   2.7870321250006267e+00   2.0000000000000000e+00
   5.7009994985231929e+00   3.4607584192081475e+00   2.0000000000000000e+00
   7.8386993050575748e+00   4.4517465942341783e+00   2.0000000000000000e+00
   2.8946443066556271e+00   6.4150060256997037e+00   2.0000000000000000e+00
   9.8421137429272409e+00   4.4338329041968194e+00   2.0000000000000000e+00
   2.6105072769685043e+00   5.8566471609413977e+00   2.0000000000000000e+00
   3.1733472869924038e+00   6.5448122946473877e+00   2.0000000000000000e+00
   9.2696976931354627e+00   4.4156688400323487e+00   2.0000000000000000e+00
   4.2200982003478202e+00   8.0818543788764767e+00   2.0000000000000000e+00
   2.1686013998139231e+00   5.8195689575775775e+00   2.0000000000000000e+00
   5.6000312180925196e+00   2.2215920190559215e+00   2.0000000000000000e+00
   5.4425056338863387e+00   1.7721998106129555e+00   2.0000000000000000e+00
   5.9352600698360511e+00   3.9749066749639983e+00   2.0000000000000000e+00
   1.8013804278437773e+00   5.8487413476067918e+00   2.0000000000000000e+00
   3.7497637877337278e+00   7.4520992778306745e+00   2.0000000000000000e+00
   2.5985078693531349e+00   6.9662063571175779e+00   2.0000000000000000e+00
   7.4077182336135481e+00   3.4886643450740484e+00   2.0000000000000000e+00
   8.3260279230964436e+00   4.5761632790159315e+00   2.0000000000000000e+00
   2.0143062942815537e-01   5.9255092671837559e+00   2.0000000000000000e+00
   5.9182110077491306e+00   1.8411466707486435e+00   2.0000000000000000e+00
   5.2689685776583381e+00   9.3830395411445777e-01   2.0000000000000000e+00
   4.0933673695032819e+00   8.5621437323493303e+00   2.0000000000000000e+00
   2.9621621642778861e+00   5.6893880398473424e+00   2.0000000000000000e+00
   4.3996947209353845e+00   8.0312637317791129e+00   2.0000000000000000e+00
   2.6201499277179554e+00   7.1589470845226408e+00   2.0000000000000000e+00
   2.5766234876472582e+00   5.8689793264467749e+00   2.0000000000000000e+00
   6.1956271799691116e+00   3.0799213111455224e+00   2.0000000000000000e+00
   4.3317063957691087e+00   7.9497234490899018e+00   2.0000000000000000e+00
   3.7902904874221899e+00   7.8081928117183184e+00   2.0000000000000000e+00
   5.5286147745682754e+00   1.1949363855338779e+00   2.0000000000000000e+00
   1.8384301679345816e+00   5.8192476208312804e+00   2.0000000000000000e+00
   8.4933259594886366e+00   4.3505205937051752e+00   2.0000000000000000e+00
   2.3356790982028928e+00   6.4028408410766335e+00   2.0000000000000000e+00
   3.6251941672429866e+00   9.2088118283214833e+00   2.0000000000000000e+00
   6.4621723125478905e+00   3.3108850787354394e+00   2.0000000000000000e+00
   7.2346240993597117e+00   4.5602619283951187e+00   2.0000000000000000e+00
   8.6270082617743196e+00   3.6909626159703657e+00   2.0000000000000000e+00
   4.2968287947008497e+00   6.2574553028731206e+00   2.0000000000000000e+00
   2.3996635532803334e+00   7.1060229590141963e+00   2.0000000000000000e+00
   8.1373583580130742e+00   3.8122730311721220e+00   2.0000000000000000e+00
   3.6947135037613679e+00   6.2839317036712767e+00   2.0000000000000000e+00
   4.4229296979921244e+00   7.4180929574131387e+00   2.0000000000000000e+00
   7.4908433697147405e+00   2.8298252329942808e+00   2.0000000000000000e+00
   5.4366957623061607e+00   1.0056087150140103e+00   2.0000000000000000e+00
   3.7622276981028846e+00   7.1502050900116760e+00   2.0000000000000000e+00
   2.8236417078190703e+00   5.8129843096089582e+00   2.0000000000000000e+00
   9.6097889916735841e+00   4.6312815849484750e+00   2.0000000000000000e+00
   5.4455055234152656e+00   2.2992931975077235e+00   2.0000000000000000e+00
   8.0358272154814170e-01   6.0344783487045097e+00   2.0000000000000000e+00
   6.0953504558873188e+00   3.1780694064604988e+00   2.0000000000000000e+00
   5.4830038448935934e+00   2.1594467683268723e+00   2.0000000000000000e+00
   3.9014610451204899e+00   6.7660174089475822e+00   2.0000000000000000e+00
   5.4680058605723261e+00   1.3047377597930343e+00   2.0000000000000000e+00
   3.7813334447698987e+00   7.7593222155826913e+00   2.0000000000000000e+00
   6.0270770543800190e+00   1.9665770432550378e+00   2.0000000000000000e+00
   2.7954404755421001e+00   5.6299068318313807e+00   2.0000000000000000e+00
   4.3921610611606372e+00   7.9807630321087411e+00   2.0000000000000000e+00
   3.4104229770458847e+00   7.1130684876308425e+00   2.0000000000000000e+00
   4.0323220538725852e+00   6.2187380834404395e+00   2.0000000000000000e+00
   6.5840723348387318e+00   3.0726915002126889e+00   2.0000000000000000e+00
   2.2233505179006654e+00   6.3121238910036945e+00   2.0000000000000000e+00
   1.3849746515262629e+00   5.9146145030038824e+00   2.0000000000000000e+00
   4.4218254061139053e+00   6.7825896804244046e+00   2.0000000000000000e+00
   4.7394466348728672e+00   8.9982260775150600e+00   2.0000000000000000e+00
   5.2854230499655515e+00   5.1269585060082501e-01   2.0000000000000000e+00
   1.9820892521098443e+00   6.2454347074806975e+00   2.0000000000000000e+00
   2.9227157842895024e+00   7.8897234462910077e+00   2.0000000000000000e+00
   9.1768471262611069e+00   3.5665436151790928e+00   2.0000000000000000e+00
   5.5329638880201735e+00   6.6263090803265303e+00   3.0000000000000000e+00
   4.0878970532396970e+00   3.6371391172576750e+00   3.0000000000000000e+00
   3.0208443255080653e+00   5.2707963931215449e+00   3.0000000000000000e+00
   5.1042809887102178e+00   8.3188478818373035e+00   3.0000000000000000e+00
   4.5981401723507496e+00   4.7242860896468910e+00   3.0000000000000000e+00
   5.2141057961278356e+00   1.7487437966969777e+00   3.0000000000000000e+00
   3.6005373510000247e+00   5.4643243003678208e+00   3.0000000000000000e+00
   3.3701674145261440e+00   4.6720328603406900e+00   3.0000000000000000e+00
   2.0788654448878208e+00   4.6814766326975379e+00   3.0000000000000000e+00
   4.7646898873380659e+00   1.9665022420720635e+00   3.0000000000000000e+00
   5.6782424965026088e+00   5.2690605291470929e+00   3.0000000000000000e+00
   4.9297353315465990e+00   9.1361411497921310e+00   3.0000000000000000e+00
   3.3528143570918800e+00   5.1607845012141809e+00   3.0000000000000000e+00
   5.4054133126593609e+00   8.2021169850586517e+00   3.0000000000000000e+00
   3.6713475005782459e+00   4.6897026249514244e+00   3.0000000000000000e+00
   2.0977749276471536e+00   4.6579068308868221e+00   3.0000000000000000e+00
   4.9303269636853990e+00   7.6913507297002308e+00   3.0000000000000000e+00
   4.2362156772568049e+00   3.3355293956161214e+00   3.0000000000000000e+00
   5.0130517364680234e+00   7.2999280742257948e+00   3.0000000000000000e+00
   6.6194417366837026e+00   5.8319818564751822e+00   3.0000000000000000e+00
   1.2935545879900490e+00   5.0149948679384151e+00   3.0000000000000000e+00
   9.7664439446549078e+00   5.1201974049290815e+00   3.0000000000000000e+00
   3.9128439657568617e+00   3.6075266347148172e+00   3.0000000000000000e+00
   6.9428117328746612e+00   5.2566849610945923e+00   3.0000000000000000e+00
   5.0659148729065286e+00   5.2229180302170528e+00   3.0000000000000000e+00
   5.3082903508641577e+00   7.5237805707385483e+00   3.0000000000000000e+00
   1.5942143389578878e+00   4.9095964859194563e+00   3.0000000000000000e+00
   4.0720847916815952e+00   5.1667348007489693e+00   3.0000000000000000e+00
   5.2704541269436476e+00   7.8797632827878541e+00   3.0000000000000000e+00
   3.5426063232393035e+00   4.6785720102691331e+00   3.0000000000000000e+00
   4.6005959514285681e+00   3.4680793651281117e+00   3.0000000000000000e+00
   5.1414830511005309e+00   4.7149605047624332e+00   3.0000000000000000e+00
   5.6984934961924614e+00   6.5106069760381668e+00   3.0000000000000000e+00
   4.8450187710163402e+00   9.1137523025638263e+00   3.0000000000000000e+00
   5.2406876320120617e+00   5.1050586437769683e+00   3.0000000000000000e+00
   3.4277168833176299e+00   5.2885223796637870e+00   3.0000000000000000e+00
   5.3230838068836679e+00   5.4332884652564690e+00   3.0000000000000000e+00
   2.6765260556943158e+00   4.6769752469599837e+00   3.0000000000000000e+00
   5.0016127303697147e+00   5.1045852075923781e+00   3.0000000000000000e+00
   4.2587481000360459e+00   5.2291923728514131e+00   3.0000000000000000e+00
   8.2583513305802789e+00   5.3577917422099475e+00   3.0000000000000000e+00
   8.6405610589480597e-01   5.1458150440884953e+00   3.0000000000000000e+00
   5.2704154404216075e+00   4.4918282925044135e+00   3.0000000000000000e+00
   7.1217063703725287e+00   5.3712153024784950e+00   3.0000000000000000e+00
   5.4836064239379922e+00   7.3355897506439680e+00   3.0000000000000000e+00
   4.3436485304894612e+00   2.8871978477169846e+00   3.0000000000000000e+00
   9.6369065558404134e+00   5.1400111243126307e+00   3.0000000000000000e+00
   3.7012791283286872e+00   5.0363214888515264e+00   3.0000000000000000e+00
   8.0745520735486291e+00   5.3695885320656753e+00   3.0000000000000000e+00
   8.5598204915186500e+00   5.0645545489201300e+00   3.0000000000000000e+00
   4.6544903713894250e+00   2.3548758147208937e+00   3.0000000000000000e+00
   2.9543187519188265e+00   4.4079318550028157e+00   3.0000000000000000e+00
   4.1741062458418821e+00   4.0092932829186578e+00   3.0000000000000000e+00
   4.2863325251676878e+00   4.8006712496458706e+00   3.0000000000000000e+00
   2.9626946745650837e+00   4.6261402507386142e+00   3.0000000000000000e+00
   5.7303089497941784e+00   4.8002870883841231e+00   3.0000000000000000e+00
   1.8905770030990199e+00   4.8287907023480594e+00   3.0000000000000000e+00
   4.7541252662064348e+00   4.2959300162600043e+00   3.0000000000000000e+00
   6.6962015443550928e+00   5.0128283466802461e+00   3.0000000000000000e+00
   5.8257445703505937e+00   4.1017442740120549e+00   3.0000000000000000e+00
   5.9221519175927471e+00   4.2201586549071424e+00   3.0000000000000000e+00
   5.4863870181775232e+00   6.0418975883231880e+00   3.0000000000000000e+00
   9.1597700439880310e+00   4.8757355337523389e+00   3.0000000000000000e+00
   8.2546354630206338e+00   4.7952740709917574e+00   3.0000000000000000e+00
   4.8601096038284215e+00   1.3714614873941100e+00   3.0000000000000000e+00
   4.2091329633132668e+00   4.9464770258260051e+00   3.0000000000000000e+00
   2.0612065997835440e+00   5.0378442670210859e+00   3.0000000000000000e+00
   4.9548696266761141e+00   1.8451672552759335e+00   3.0000000000000000e+00
   9.9241313782901610e+00   5.0655447054526004e+00   3.0000000000000000e+00
   4.5990173419237372e+00   1.2587920708659106e+00   3.0000000000000000e+00
   6.1348587928388065e+00   5.0578306854206261e+00   3.0000000000000000e+00
   2.6466129110417347e+00   5.1454110520596652e+00   3.0000000000000000e+00
   1.0278066042019307e+00   5.1351424309233673e+00   3.0000000000000000e+00
   9.2690898422188308e+00   4.8359017557941755e+00   3.0000000000000000e+00
   5.2799441641978593e+00   7.4787605531788790e+00   3.0000000000000000e+00
   8.1828817578568032e+00   4.9635229154149432e+00   3.0000000000000000e+00
   5.3212784853939006e+00   6.9028292804448323e+00   3.0000000000000000e+00
   8.0472806908975176e+00   5.3531308978419725e+00   3.0000000000000000e+00
   3.6243613047411993e+00   4.2428322706504140e+00   3.0000000000000000e+00
   4.6492998347271586e+00   1.8653533490371910e+00   3.0000000000000000e+00
   6.0387329239099472e+00   5.3057855737591595e+00   3.0000000000000000e+00
   6.0430250731774704e+00   4.8738802653750319e+00   3.0000000000000000e+00
   5.7075795411841348e+00   6.7914246401265776e+00   3.0000000000000000e+00
   6.5683949125209482e+00   4.7412139112285248e+00   3.0000000000000000e+00
   4.6283755417486638e+00   6.8777744660061826e+00   3.0000000000000000e+00
   4.7169149010337472e+00   7.9893840335308681e+00   3.0000000000000000e+00
   5.9141407991261818e+00   4.2682370464339625e+00   3.0000000000000000e+00
   5.4151106379230631e+00   5.1401542045624735e+00   3.0000000000000000e+00
   3.3818884083006240e+00   4.6123987914338560e+00   3.0000000000000000e+00
   3.9334086361795384e+00   3.7762899040260223e+00   3.0000000000000000e+00
   4.6814493284974148e+00   6.2276425052974567e+00   3.0000000000000000e+00
   4.2195506121442374e+00   4.1974349882947690e+00   3.0000000000000000e+00
   9.1216945524371855e+00   5.0642872077967391e+00   3.0000000000000000e+00
   3.1973451196459957e+00   4.4027025162990698e+00   3.0000000000000000e+00
   5.1650387349230806e+00   3.2310350944146560e+00   3.0000000000000000e+00
   3.9487900812850221e+00   5.3200308675790833e+00   3.0000000000000000e+00
   9.3910801252749287e+00   4.8270101639772012e+00   3.0000000000000000e+00
   5.8399205112120125e+00   6.3772769092788559e+00   3.0000000000000000e+00
   2.4381545146972448e+00   4.7635047478193115e+00   3.0000000000000000e+00
   5.1660157580861057e+00   9.2310449236489056e+00   3.0000000000000000e+00
   1.7505998945959766e+00   4.5263430084352816e+00   3.0000000000000000e+00
   4.7949179878774473e+00   3.3750946129366532e+00   3.0000000000000000e+00
   5.2974283203380264e+00   3.7513943211586365e+00   3.0000000000000000e+00
   5.0916620846660088e+00   3.3022828426984487e+00   3.0000000000000000e+00
   5.0952431432983589e+00   3.4325867768938312e+00   3.0000000000000000e+00
   4.0126319131534558e+00   4.9880556499289641e+00   3.0000000000000000e+00
   5.3030881632926654e+00   5.3959210162862661e+00   3.0000000000000000e+00
   5.0237288606153685e+00   4.8694173849691271e+00   3.0000000000000000e+00
   1.6930803323308918e+00   5.0646900706332945e+00   3.0000000000000000e+00
   5.2113354944836257e+00   1.7115284646146078e+00   3.0000000000000000e+00
   7.3054785527196184e+00   4.8311867990963195e+00   3.0000000000000000e+00
   4.7833453450097920e+00   7.0079641262118972e+00   3.0000000000000000e+00
   5.0514441182302194e+00   9.1972430941177770e+00   3.0000000000000000e+00
   5.7963705326293802e+00   6.0325568593842958e+00   3.0000000000000000e+00
   3.3053736852205473e+00   4.9378322996795729e+00   3.0000000000000000e+00
   6.2115714939700082e+00   4.7454006631563903e+00   3.0000000000000000e+00
   6.0685048053177857e+00   6.1175673679799356e+00   3.0000000000000000e+00
   5.3449122615073215e+00   5.1270211529365630e+00   3.0000000000000000e+00
   5.4749173276048824e+00   6.4876704072428435e+00   3.0000000000000000e+00
   6.7509919467537909e+00   5.6196987620610015e+00   3.0000000000000000e+00
   4.9370750271908781e+00   1.8222158019215684e+00   3.0000000000000000e+00
   5.6095733897387294e+00   3.6550624090397554e+00   3.0000000000000000e+00
   5.2267514296928219e+00   5.2449602313890500e+00   3.0000000000000000e+00
   4.5328626290747298e+00   3.4048273822829600e+00   3.0000000000000000e+00
   2.4296902775887141e+00   4.6442778434410279e+00   3.0000000000000000e+00
   8.0711557884304739e+00   5.2800054775870899e+00   3.0000000000000000e+00
   5.8251824890212536e+00   5.0363212956713719e+00   3.0000000000000000e+00
   6.0770857161779119e+00   6.1134487339542121e+00   3.0000000000000000e+00
   4.7247536806778161e+00   7.5085021598673869e+00   3.0000000000000000e+00
   4.1620348320550420e+00   3.7852491359058815e+00   3.0000000000000000e+00
   5.3414809545506881e+00   7.0153518947358933e+00   3.0000000000000000e+00
   5.3400282940871877e+00   8.1881524121346025e+00   3.0000000000000000e+00
   5.5575440798602562e+00   3.8643790477553175e+00   3.0000000000000000e+00
   3.4644800623339633e+00   4.0707774150988403e+00   3.0000000000000000e+00
   5.3549580984734746e+00   8.9311755300107958e+00   3.0000000000000000e+00
   6.0256414217961884e+00   4.3249661308006662e+00   3.0000000000000000e+00
   4.6793547402866595e+00   4.2400324099655151e+00   3.0000000000000000e+00
   1.6899527808177950e+00   4.5738944905523091e+00   3.0000000000000000e+00
   7.9795370765762206e+00   5.3509506056470535e+00   3.0000000000000000e+00
   2.2524798194962816e+00   4.8137084719314522e+00   3.0000000000000000e+00
   6.6472623398123289e+00   5.3359027585569550e+00   3.0000000000000000e+00
   4.9043125937876031e+00   9.1906710490258607e+00   3.0000000000000000e+00
   5.8587176836730439e+00   4.9576338811015850e+00   3.0000000000000000e+00
   5.9175085633612312e+00   4.1723908885132399e+00   3.0000000000000000e+00
   4.4426369045629048e+00   4.7572519336768337e+00   3.0000000000000000e+00
   5.1749124954550840e+00   7.5172031101667036e+00   3.0000000000000000e+00
   7.1678662983420320e+00   4.6006274545179604e+00   3.0000000000000000e+00
   5.3642893356060224e+00   8.9837069789962811e+00   3.0000000000000000e+00
   3.9831994568935656e+00   5.2315681874731705e+00   3.0000000000000000e+00
   5.5061021511695776e+00   7.8459046240927046e+00   3.0000000000000000e+00
   9.8318392188810613e+00   5.0106402586103824e+00   3.0000000000000000e+00
   4.8045154043395977e+00   9.2462786034291504e+00   3.0000000000000000e+00
   4.5149707517888960e+00   3.9759149905666114e+00   3.0000000000000000e+00
   8.9725918022890330e+00   4.8533166324508228e+00   3.0000000000000000e+00
   8.6312529558653459e+00   5.1231983562527361e+00   3.0000000000000000e+00
   5.8670141151817647e+00   5.1940468695866562e+00   3.0000000000000000e+00
   4.7172635036038999e+00   1.5891878009885085e+00   3.0000000000000000e+00
   8.1143948240878121e+00   4.9093755449691301e+00   3.0000000000000000e+00
   3.3295414336363294e+00   4.9727157853177175e+00   3.0000000000000000e+00
   9.0689332263332449e+00   4.8857296266298409e+00   3.0000000000000000e+00
   6.2350268399051889e-01   4.6869046161496097e+00   3.0000000000000000e+00
   4.3450672479472381e+00   5.6742945702889056e+00   3.0000000000000000e+00
   2.7896280673806206e+00   4.4899126001867531e+00   3.0000000000000000e+00
   6.4190654323414407e+00   5.5596414278367048e+00   3.0000000000000000e+00
   7.5156038372351288e+00   5.2460843020583825e+00   3.0000000000000000e+00
   3.0637281457199417e+00   4.5373870981280460e+00   3.0000000000000000e+00
   4.9415728615479235e+00   5.2438100999528112e+00   3.0000000000000000e+00
   5.4790791829581940e+00   6.4751860322013846e+00   3.0000000000000000e+00
   5.8541011057812398e+00   3.9836083298006022e+00   3.0000000000000000e+00
   5.1967139706010199e+00   6.0836814919214977e+00   3.0000000000000000e+00
   4.7292285046848228e+00   4.1050196615045698e+00   3.0000000000000000e+00
   4.7463801838991060e+00   3.2694482873393782e+00   3.0000000000000000e+00
   3.1599510249405660e+00   5.3669115509059617e+00   3.0000000000000000e+00
   1.6042149409254491e+00   4.6668504231155055e+00   3.0000000000000000e+00
   2.2810538273695147e+00   4.7615102347675879e+00   3.0000000000000000e+00
   5.2106377941292283e+00   7.4041111881401953e+00   3.0000000000000000e+00
   5.0903722878692097e+00   8.6631377298125631e+00   3.0000000000000000e+00
   9.5865832999537943e+00   5.0881703744444495e+00   3.0000000000000000e+00
   3.8976789468096582e+00   5.3563790305990491e+00   3.0000000000000000e+00
   5.5601337514586575e+00   6.0848028068701758e+00   3.0000000000000000e+00
   5.0187181004195125e+00   9.9200354847012235e+00   3.0000000000000000e+00
   5.0776019652840017e+00   6.7161168789180428e+00   3.0000000000000000e+00
   5.3340832611725233e+00   5.7634109458726890e+00   3.0000000000000000e+00
   4.3759146281489159e+00   5.8919060373406005e+00   3.0000000000000000e+00
   4.7438073274605639e+00   3.5362324829051839e+00   3.0000000000000000e+00
   5.3312026180787200e+00   8.8861220449334866e+00   3.0000000000000000e+00
   5.5632585764825500e+00   3.8440557481330542e+00   3.0000000000000000e+00
   3.1270443370923937e+00   4.5436841987082239e+00   3.0000000000000000e+00
   4.5197593419581654e+00   2.2279641799883940e+00   3.0000000000000000e+00
   4.9842694660141849e+00   8.9613695516726679e+00   3.0000000000000000e+00
   5.4077368318152930e+00   3.3629870777649473e+00   3.0000000000000000e+00
   6.8777995104652625e+00   4.7508682361674746e+00   3.0000000000000000e+00
   8.3280477777450006e+00   4.7987498351877491e+00   3.0000000000000000e+00
   4.1285687551554515e+00   5.6866908121841249e+00   3.0000000000000000e+00
   5.5218704951259312e+00   7.4231944731957409e+00   3.0000000000000000e+00
   4.5621232681697315e+00   5.0409062485811065e+00   3.0000000000000000e+00
   5.4231854336656218e+00   3.6805179345470798e+00   3.0000000000000000e+00
   6.0323611108389077e+00   4.9013064767534171e+00   3.0000000000000000e+00
   5.2861765248525909e+00   5.3032194479497310e+00   3.0000000000000000e+00
   5.7209245996814184e+00   5.9787601672761088e+00   3.0000000000000000e+00
   5.0002502377414162e+00   9.7828694741674909e+00   3.0000000000000000e+00
   5.9310264368572971e+00   6.3201703123013342e+00   3.0000000000000000e+00
   4.6395292559922456e+00   3.1374206260906847e+00   3.0000000000000000e+00
   4.3940372730056430e+00   1.5085058520899175e+00   4.0000000000000000e+00
   2.8295679765939017e+00   3.2464167368813559e+00   4.0000000000000000e+00
   1.2380727549834880e+00   4.1026834149759592e+00   4.0000000000000000e+00
   7.9236262765596255e-01   3.7767066873991970e+00   4.0000000000000000e+00
   2.0021885693138342e+00   3.4773216133936113e+00   4.0000000000000000e+00
   8.1653888433917938e+00   6.4336654132723661e+00   4.0000000000000000e+00
   7.3490749387427687e+00   6.4193783570225111e+00   4.0000000000000000e+00
   1.7049959087501609e+00   3.3246171209143203e+00   4.0000000000000000e+00
   1.7656567233718190e+00   3.1624056728076799e+00   4.0000000000000000e+00
   7.3444455104950999e+00   6.2768978965547237e+00   4.0000000000000000e+00
   5.4835465304977777e+00   8.1057780485952229e+00   4.0000000000000000e+00
   7.6282655294590027e+00   6.0866133366233033e+00   4.0000000000000000e+00
   1.7814958604216968e+00   3.7665877348467558e+00   4.0000000000000000e+00
   1.3668418835877105e-03   4.0897800847696786e+00   4.0000000000000000e+00
   3.7827900902862810e+00   3.5118462128199579e+00   4.0000000000000000e+00
   6.6246802552498529e+00   7.9025426607632383e+00   4.0000000000000000e+00
   7.7080504657738800e+00   5.9929654013648346e+00   4.0000000000000000e+00
   1.8812581331243228e+00   3.8041185695706869e+00   4.0000000000000000e+00
   3.1772365252916721e+00   2.5366797335069933e+00   4.0000000000000000e+00
   5.4900054853888767e+00   9.7137845668793901e+00   4.0000000000000000e+00
   9.4887569138429946e+00   6.2854601822081770e+00   4.0000000000000000e+00
   2.0685289179980551e+00   3.0451275877169612e+00   4.0000000000000000e+00
   8.6019907357659573e+00   5.4554715589626159e+00   4.0000000000000000e+00
   4.0516787643089582e+00   4.0841595639813155e-01   4.0000000000000000e+00
   4.3608137186624170e+00   9.8859263944344300e-01   4.0000000000000000e+00
   9.4287699724698673e+00   6.0133074879523054e+00   4.0000000000000000e+00
   9.8363339054774261e+00   5.6840774720862877e+00   4.0000000000000000e+00
   4.0056527066286742e+00   2.0262693520619912e+00   4.0000000000000000e+00
   9.5563920061192160e+00   6.1532825668761992e+00   4.0000000000000000e+00
   6.4479445175731644e+00   6.5921301202020102e+00   4.0000000000000000e+00
   3.5910988914495103e+00   1.0695458174191164e+00   4.0000000000000000e+00
   3.2643983037480950e+00   2.0706262470089931e+00   4.0000000000000000e+00
   4.1554504991622956e+00   7.8292351598546306e-01   4.0000000000000000e+00
   3.7466295458012135e+00   1.7494646354055399e+00   4.0000000000000000e+00
   7.8625769648820585e+00   6.8379706886769664e+00   4.0000000000000000e+00
   7.6684288272361503e+00   6.9395690960833489e+00   4.0000000000000000e+00
   5.8296807934747408e+00   9.6775995780793505e+00   4.0000000000000000e+00
   3.1812286120947997e+00   2.3232936814245875e+00   4.0000000000000000e+00
   7.5063631937499329e+00   6.0506621523919986e+00   4.0000000000000000e+00
   4.2469297436674269e-01   4.3940708326432887e+00   4.0000000000000000e+00
   6.8443930504176977e+00   6.6347706580999146e+00   4.0000000000000000e+00
   4.1155643787136640e+00   3.0100852539952960e+00   4.0000000000000000e+00
   5.6790980047771864e+00   9.6055292644099275e+00   4.0000000000000000e+00
   4.3541820482972273e+00   1.0479872663117118e-01   4.0000000000000000e+00
   5.5100965942539668e+00   9.6257077590295932e+00   4.0000000000000000e+00
   6.4293071408703764e+00   8.5076939138831289e+00   4.0000000000000000e+00
   3.9059402124409925e+00   3.2229199876919399e+00   4.0000000000000000e+00
   1.7596176112413919e+00   4.4221890885386923e+00   4.0000000000000000e+00
   1.9952283539401938e+00   4.3638199103586111e+00   4.0000000000000000e+00
   2.0973005910606579e+00   3.8802883275304954e+00   4.0000000000000000e+00
   4.6105834288647038e+00   8.1701249600756864e-01   4.0000000000000000e+00
   1.0321188948402604e+00   3.4989544488554571e+00   4.0000000000000000e+00
   6.0523026270037237e+00   6.7834501181134161e+00   4.0000000000000000e+00
   9.7390118389700238e+00   5.6845611415845738e+00   4.0000000000000000e+00
   6.0059957706036338e+00   9.9672962015531734e+00   4.0000000000000000e+00
   3.1011663330684636e+00   2.2893339874713803e+00   4.0000000000000000e+00
   4.2178867417836905e+00   2.1884583690192247e+00   4.0000000000000000e+00
   6.2370196259943480e+00   6.4525688221679554e+00   4.0000000000000000e+00
   3.9632096911530459e+00   1.7844834846980173e+00   4.0000000000000000e+00
   2.6092503473023254e+00   3.5913852940565638e+00   4.0000000000000000e+00
   5.8673398235140866e+00   9.2379551665562047e+00   4.0000000000000000e+00
   6.0047102447730154e+00   6.8640133341439764e+00   4.0000000000000000e+00
   3.6993341110873268e-01   4.1070012403794287e+00   4.0000000000000000e+00
   5.3685573638140802e+00   9.4958474357640146e+00   4.0000000000000000e+00
   6.8758659357997640e+00   6.7441191542607495e+00   4.0000000000000000e+00
   2.4253925872017321e+00   4.1853582299911762e+00   4.0000000000000000e+00
   6.9466375980547221e+00   7.8466392934863896e+00   4.0000000000000000e+00
   7.4051321699230304e+00   6.9503399806954267e+00   4.0000000000000000e+00
   3.3542005131198662e+00   3.7670648948795229e+00   4.0000000000000000e+00
   6.0877934528373547e+00   9.4863554844526803e+00   4.0000000000000000e+00
   6.3652315947716804e+00   8.8367965229455869e+00   4.0000000000000000e+00
   4.8226985198482009e-01   4.3199425133357519e+00   4.0000000000000000e+00
   6.2836165555894681e+00   7.9851445133741521e+00   4.0000000000000000e+00
   7.3390693818625827e+00   7.2245143765243691e+00   4.0000000000000000e+00
   9.9765600545154509e+00   5.4225061415936064e+00   4.0000000000000000e+00
   8.9961173943571140e+00   6.0888042137285687e+00   4.0000000000000000e+00
   5.5096404688379339e+00   8.7057277174771173e+00   4.0000000000000000e+00
   2.5235997845787894e+00   4.2261429328500579e+00   4.0000000000000000e+00
   3.9877929020712299e+00   1.5978163056896244e+00   4.0000000000000000e+00
   8.4656755197875970e+00   5.8238650493386492e+00   4.0000000000000000e+00
   8.4439636341556383e+00   6.5263499870473032e+00   4.0000000000000000e+00
   3.5374611150237465e+00   1.5370048749593279e+00   4.0000000000000000e+00
   9.0226756084401494e+00   5.8541353115984567e+00   4.0000000000000000e+00
   3.5772974944308675e+00   1.1243694380126446e+00   4.0000000000000000e+00
   6.2735784406154504e+00   8.1826682684926322e+00   4.0000000000000000e+00
   8.7798727429674024e+00   6.2999271318169043e+00   4.0000000000000000e+00
   4.5008358935616011e+00   2.0086450446342896e+00   4.0000000000000000e+00
   8.0090354135532067e+00   6.1707934751208002e+00   4.0000000000000000e+00
   7.4568331585897010e+00   6.1454024142721053e+00   4.0000000000000000e+00
   6.0503435524635698e+00   8.1744715340971226e+00   4.0000000000000000e+00
   4.1487120420892696e+00   1.4273061105804941e+00   4.0000000000000000e+00
   7.0142507538133891e-01   4.4030715219286742e+00   4.0000000000000000e+00
   3.2960833009367940e+00   3.3177568848154362e+00   4.0000000000000000e+00
   7.1997865256283955e+00   5.8213881033228168e+00   4.0000000000000000e+00
   6.1611953920721767e+00   8.7646738309940080e+00   4.0000000000000000e+00
   9.2651647425334733e+00   5.3843099029258221e+00   4.0000000000000000e+00
   2.6577707873270615e+00   3.1550638804786981e+00   4.0000000000000000e+00
   2.5874113962825129e+00   3.4258169568354733e+00   4.0000000000000000e+00
   2.7243999940134045e-01   4.1806961212239271e+00   4.0000000000000000e+00
   8.2956924963557270e+00   5.9815320459018162e+00   4.0000000000000000e+00
   3.2132706083726656e+00   2.8240941621576043e+00   4.0000000000000000e+00
   4.3706666051617109e+00   1.8017516927401511e+00   4.0000000000000000e+00
   5.9253079736620542e+00   8.5318255421618474e+00   4.0000000000000000e+00
   2.1977252383331045e+00   4.1623499394960692e+00   4.0000000000000000e+00
   3.3849497984128005e+00   1.5800764347410112e+00   4.0000000000000000e+00
   8.5611137467425937e+00   5.5008954291238075e+00   4.0000000000000000e+00
   3.1829361124620306e+00   3.8163699788136309e+00   4.0000000000000000e+00
   4.0781194294239098e+00   2.4273730604585433e+00   4.0000000000000000e+00
   3.7929919940815204e+00   3.7252716352798219e+00   4.0000000000000000e+00
   2.5950187615450715e+00   3.5829746664262974e+00   4.0000000000000000e+00
   6.6597490114090956e+00   7.9092340721868579e+00   4.0000000000000000e+00
   6.1190043030347301e+00   9.9737996434787739e+00   4.0000000000000000e+00
   9.1807543617728395e+00   5.8222554965057665e+00   4.0000000000000000e+00
   6.3776916706258611e+00   7.9515543193408664e+00   4.0000000000000000e+00
   9.6106279964427834e+00   5.9383970685322858e+00   4.0000000000000000e+00
   5.9009670234150491e+00   8.8508671352579320e+00   4.0000000000000000e+00
   6.2976731822523844e+00   7.3213782363450317e+00   4.0000000000000000e+00
   3.3753888066486279e+00   3.2937059567898217e+00   4.0000000000000000e+00
   1.5530669686423515e+00   3.6008971020204439e+00   4.0000000000000000e+00
   4.1363064969720851e+00   2.3370773446895021e+00   4.0000000000000000e+00
   4.1948595032530376e+00   1.9096989828596167e+00   4.0000000000000000e+00
   2.2369639819618383e+00   3.4411088075805196e+00   4.0000000000000000e+00
   7.2723115449949480e+00   6.7688701366496158e+00   4.0000000000000000e+00
   8.0974825399671193e+00   6.5821260397861172e+00   4.0000000000000000e+00
   1.4049706813862128e+00   3.3991752058328508e+00   4.0000000000000000e+00
   2.9786073462037468e+00   3.6354383795826695e+00   4.0000000000000000e+00
   8.5765409724481820e+00   6.3578696190774018e+00   4.0000000000000000e+00
   6.9826955798478538e+00   6.6378784330056959e+00   4.0000000000000000e+00
   2.0085192108759786e+00   4.0605673317712583e+00   4.0000000000000000e+00
   9.3233593870332836e+00   5.9000809919231214e+00   4.0000000000000000e+00
   1.9523599785336432e+00   3.0543575042958429e+00   4.0000000000000000e+00
   3.4099671826353672e+00   2.0539952208237922e+00   4.0000000000000000e+00
   1.7246448795419755e+00   4.4408647897696429e+00   4.0000000000000000e+00
   8.5741561076338684e+00   6.4469543878539115e+00   4.0000000000000000e+00
   3.1544414549704483e+00   3.8789624185598912e+00   4.0000000000000000e+00
   7.8674486818326139e+00   5.9808434462760287e+00   4.0000000000000000e+00
   7.5918337101350764e+00   7.2484926471406776e+00   4.0000000000000000e+00
   3.3369723974601184e+00   1.6891711301250134e+00   4.0000000000000000e+00
   4.4825794752191168e+00   8.4010147230788590e-01   4.0000000000000000e+00
   3.4813478158814624e+00   1.6242298847126158e+00   4.0000000000000000e+00
   4.6099620186705685e+00   1.0216989490769368e+00   4.0000000000000000e+00
   8.3720132251502974e+00   6.0246413939445533e+00   4.0000000000000000e+00
   4.1868462165410616e+00   2.0115356035298770e+00   4.0000000000000000e+00
   4.1135181789592785e+00   3.3030382579849715e+00   4.0000000000000000e+00
   8.3762687947953101e+00   5.8653671954134436e+00   4.0000000000000000e+00
   5.5932034032695386e+00   9.8018321059124141e+00   4.0000000000000000e+00
   6.6437120668385337e+00   8.4916258051007691e+00   4.0000000000000000e+00
   3.6279899210990720e+00   2.6501360140358168e+00   4.0000000000000000e+00
   6.6120554822575635e+00   7.3563975290308399e+00   4.0000000000000000e+00
   3.4205631828967489e+00   2.9176947522340182e+00   4.0000000000000000e+00
   5.8759978605497309e+00   9.7950822075496120e+00   4.0000000000000000e+00
   3.2928953031757278e+00   2.2583027732865069e+00   4.0000000000000000e+00
   3.7704571327843315e+00   1.9907448747106182e+00   4.0000000000000000e+00
   5.7784378640064649e+00   7.8815315143638660e+00   4.0000000000000000e+00
   7.2008087497752076e+00   7.6760171303559517e+00   4.0000000000000000e+00
   2.1826163533747112e-01   4.2090890822572593e+00   4.0000000000000000e+00
   6.4983705312422551e+00   7.8749062310206579e+00   4.0000000000000000e+00
   6.1639954855708172e+00   6.6264596169456800e+00   4.0000000000000000e+00
   1.9407742438241526e+00   3.7340443691183731e+00   4.0000000000000000e+00
   8.5643713380819797e+00   6.2957693781511770e+00   4.0000000000000000e+00
   6.3915065159946671e+00   7.3727027613609577e+00   4.0000000000000000e+00
   2.2689334129862662e+00   3.0200815552715810e+00   4.0000000000000000e+00
   8.1482552792554870e+00   6.2093963407523622e+00   4.0000000000000000e+00
   9.6216983626255246e+00   5.6483523854687405e+00   4.0000000000000000e+00
   8.9902318609856184e+00   6.1983624205566610e+00   4.0000000000000000e+00
   7.9711498354765986e+00   5.5133300948421580e+00   4.0000000000000000e+00
   9.5499943460899850e+00   5.8181021090576230e+00   4.0000000000000000e+00
   5.8998095221028581e+00   9.9851907753201967e+00   4.0000000000000000e+00
   7.0020232364948516e+00   6.8660993310569403e+00   4.0000000000000000e+00
   7.4275879684535395e+00   6.9739113486727566e+00   4.0000000000000000e+00
   5.5888509034932738e+00   9.6976412355432551e+00   4.0000000000000000e+00
   8.6838309636066686e+00   6.1148537567163173e+00   4.0000000000000000e+00
   4.3529967424684042e+00   5.6560202340083854e-01   4.0000000000000000e+00
   6.7285351207511006e+00   6.8803550529009261e+00   4.0000000000000000e+00
   7.6450025140325817e+00   7.2068264165860141e+00   4.0000000000000000e+00
   5.2083661747319598e-01   4.0719099597359198e+00   4.0000000000000000e+00
   4.6175677149305656e+00   3.6513557546976383e-01   4.0000000000000000e+00
   4.2093023145020521e+00   8.4194377724832958e-01   4.0000000000000000e+00
   3.1789865179284149e+00   2.4774076958185498e+00   4.0000000000000000e+00
   4.2777516086613554e+00   1.7119442342848801e+00   4.0000000000000000e+00
   2.6608044956422972e+00   3.5799727111119886e+00   4.0000000000000000e+00
   6.6161840603161703e+00   7.4483542877521973e+00   4.0000000000000000e+00
   7.3479256684869130e+00   6.0428219000935428e+00   4.0000000000000000e+00
   5.9781212594090052e+00   7.6096996776385675e+00   4.0000000000000000e+00
   3.8314078291058151e-01   4.1649285957536097e+00   4.0000000000000000e+00
   7.5163654938618873e-01   3.8677423720912261e+00   4.0000000000000000e+00
   2.3518989770592280e+00   3.0743563626959269e+00   4.0000000000000000e+00
   8.5707867218879823e+00   8.7697886591215344e+00   5.0000000000000000e+00
   8.6077904659100728e+00   9.6359501674651291e+00   5.0000000000000000e+00
   1.8671785602530300e+00   6.2233400384443360e-01   5.0000000000000000e+00
   8.0046415835573441e+00   7.3415710618170085e+00   5.0000000000000000e+00
   9.5280938064688065e+00   8.0868005316058866e+00   5.0000000000000000e+00
   7.5613617635122932e+00   9.2070686547914455e+00   5.0000000000000000e+00
   2.1525114315007143e-01   2.4567436428043687e+00   5.0000000000000000e+00
   3.3992762462157988e-01   2.5583347367032738e+00   5.0000000000000000e+00
   9.4754053138182943e+00   7.7130899393323604e+00   5.0000000000000000e+00
   8.0502890423588824e-01   1.4504897233301828e+00   5.0000000000000000e+00
   9.3182154103028498e+00   9.2954495036100742e+00   5.0000000000000000e+00
   6.8872211843405209e+00   9.5076862081926290e+00   5.0000000000000000e+00
   7.1075161211463129e+00   8.8847956992106205e+00   5.0000000000000000e+00
   1.1237206219594642e+00   2.7898638740724238e+00   5.0000000000000000e+00
   9.8346929169527435e+00   8.9043017124301986e+00   5.0000000000000000e+00
   6.6236226225173556e-01   6.0917907013997685e-01   5.0000000000000000e+00
   7.8023501787493421e+00   7.5822643298681864e+00   5.0000000000000000e+00
   9.6238566010578879e+00   8.6467042530610279e+00   5.0000000000000000e+00
   8.3055088298975992e+00   6.8145954699053943e+00   5.0000000000000000e+00
   5.7473747102773753e-01   3.2540991123987419e+00   5.0000000000000000e+00
   9.8026647565106151e-01   3.2876312531962903e+00   5.0000000000000000e+00
   6.2932974840694511e+00   9.8239813927477186e+00   5.0000000000000000e+00
   8.4476263330202546e+00   8.1348140408159644e+00   5.0000000000000000e+00
   9.5066134265737183e+00   7.7464810000540707e+00   5.0000000000000000e+00
   2.5829355065135404e+00   2.7625041103365389e-01   5.0000000000000000e+00
   8.6362773937280490e+00   8.9244350673003314e+00   5.0000000000000000e+00
   5.9335367315377807e-01   8.4693796491541851e-01   5.0000000000000000e+00
   1.2501326770126731e+00   2.3126371839315842e+00   5.0000000000000000e+00
   7.8413294539031275e+00   9.5307986177995794e+00   5.0000000000000000e+00
   9.0831936511421567e+00   6.6593134627519763e+00   5.0000000000000000e+00
   2.4330799840419957e+00   2.4122827042494244e-02   5.0000000000000000e+00
   7.9607479314121949e+00   7.1130373334257868e+00   5.0000000000000000e+00
   2.2222471811397559e+00   1.2860005195031410e+00   5.0000000000000000e+00
   9.9976879844346715e+00   9.0766059061045965e+00   5.0000000000000000e+00
   7.4675990263425760e+00   8.2663049418526420e+00   5.0000000000000000e+00
   2.0835913441429224e+00   1.9226661638772757e+00   5.0000000000000000e+00
   1.3339998817928589e+00   5.7524638513961945e-01   5.0000000000000000e+00
   6.9527815757389577e+00   8.1080994673830791e+00   5.0000000000000000e+00
   1.7384211334938870e+00   4.0102947748272277e-01   5.0000000000000000e+00
   2.0725735512945476e+00   1.9592798263462086e+00   5.0000000000000000e+00
   8.0201909215554874e+00   9.7120416793059441e+00   5.0000000000000000e+00
   9.6548579837715618e+00   8.2676495062528890e+00   5.0000000000000000e+00
   6.9732768323325089e-01   2.9645995130851088e-01   5.0000000000000000e+00
   8.7866713341027225e+00   7.4035741824232311e+00   5.0000000000000000e+00
   7.3471419132567517e+00   9.7353346613104161e+00   5.0000000000000000e+00
   1.0158745049179818e+00   3.1947907769594517e+00   5.0000000000000000e+00
   7.9410126194476360e+00   8.8755081129610467e+00   5.0000000000000000e+00
   8.9613251543235286e+00   6.9175813695477171e+00   5.0000000000000000e+00
   9.3817090285970171e+00   9.0364651687692561e+00   5.0000000000000000e+00
   9.5974121520498841e+00   7.2359922206453096e+00   5.0000000000000000e+00
   5.6739502929515795e-01   1.8852947986817004e+00   5.0000000000000000e+00
   7.2492753994044907e+00   8.8163549453764745e+00   5.0000000000000000e+00
   7.6789830357469890e-02   1.0976969852357843e+00   5.0000000000000000e+00
   1.6444692138702588e+00   1.6246726693127655e-01   5.0000000000000000e+00
   1.8589359008646711e+00   2.9848999065360093e-01   5.0000000000000000e+00
   6.9297540316919157e+00   9.5865851129250892e+00   5.0000000000000000e+00
   9.3485877215477231e+00   9.5888010053733037e+00   5.0000000000000000e+00
   8.3952657742052423e+00   7.1584916078643159e+00   5.0000000000000000e+00
   3.4258815017463862e-02   1.1982704980669634e+00   5.0000000000000000e+00
   6.9508469711197032e+00   8.8719908917433585e+00   5.0000000000000000e+00
   1.9400339520527987e+00   3.0535640409640452e+00   5.0000000000000000e+00
   8.3939876057415201e+00   9.1709051156608421e+00   5.0000000000000000e+00
   2.5983479941436425e+00   2.5731075951170190e-01   5.0000000000000000e+00
   7.4186352709104950e+00   7.6410466363366156e+00   5.0000000000000000e+00
   8.5423005842410511e+00   8.3305391372645001e+00   5.0000000000000000e+00
   2.0376619164999452e+00   2.0048642572346087e+00   5.0000000000000000e+00
   7.5445139955965477e+00   9.5919884015555130e+00   5.0000000000000000e+00
   2.6444731853174752e-01   1.3788770544480977e+00   5.0000000000000000e+00
   1.4152389564790180e+00   9.3988186599815893e-01   5.0000000000000000e+00
   7.2616149408608361e+00   7.6860097067220314e+00   5.0000000000000000e+00
   7.0647667219150758e+00   9.8521563647956469e+00   5.0000000000000000e+00
   9.7896779619687013e-01   2.7720156588689004e+00   5.0000000000000000e+00
   1.5427393198176043e+00   1.3222975766739919e-01   5.0000000000000000e+00
   3.0351809367637816e+00   1.1528141638129830e+00   5.0000000000000000e+00
   8.4688587182315622e+00   7.6556792539978886e+00   5.0000000000000000e+00
   9.3651617430991010e+00   8.7393248861824482e+00   5.0000000000000000e+00
   3.3466324434776107e+00   5.7710410769284626e-01   5.0000000000000000e+00
   7.5537646488883006e+00   9.6958188449455545e+00   5.0000000000000000e+00
   1.3551718892088316e+00   1.1678110958449139e+00   5.0000000000000000e+00
   4.9107021882831448e-01   1.1371960300613282e+00   5.0000000000000000e+00
   7.7519709065585998e+00   7.8126124110303765e+00   5.0000000000000000e+00
   7.7569121748754331e+00   9.8247919815191800e+00   5.0000000000000000e+00
   1.2809049434059050e+00   1.2439459934634689e-01   5.0000000000000000e+00
   9.9849235561431406e+00   6.5192258370864655e+00   5.0000000000000000e+00
   2.5134936533201335e+00   1.8117310750350357e+00   5.0000000000000000e+00
   8.5868034267265152e+00   9.2295575888167676e+00   5.0000000000000000e+00
   8.6683634585573284e+00   6.9580822469014914e+00   5.0000000000000000e+00
   8.9064792640416335e-01   9.7693380496463922e-01   5.0000000000000000e+00
   3.2864948156865594e+00   1.4542062026873781e+00   5.0000000000000000e+00
   8.8157009481580051e+00   8.7068015526551861e+00   5.0000000000000000e+00
   9.0022718208311208e+00   8.1748004742840266e+00   5.0000000000000000e+00
   7.8398801346080536e+00   7.3983052224164467e+00   5.0000000000000000e+00
   1.8103203298370174e+00   2.0815838392448107e+00   5.0000000000000000e+00
   9.4931902834209616e+00   6.4111162039962757e+00   5.0000000000000000e+00
   3.0838864971871383e-01   1.7608997604280374e+00   5.0000000000000000e+00
   9.0025949759863337e+00   7.7525641705565098e+00   5.0000000000000000e+00
   3.2920120112755802e-01   1.5302574402694624e+00   5.0000000000000000e+00
   1.5639180127794139e+00   2.3248193009127061e+00   5.0000000000000000e+00
   8.1034209223186213e+00   7.9028075167943248e+00   5.0000000000000000e+00
   8.7563339906421178e-01   3.0972039214799962e+00   5.0000000000000000e+00
   9.2616468828143574e+00   7.8275358645196160e+00   5.0000000000000000e+00
   8.4462210287314043e-01   3.3434913322550273e+00   5.0000000000000000e+00
   8.7668100018464390e+00   8.1261749115202999e+00   5.0000000000000000e+00
   2.4248171313242439e+00   2.0927568747692362e+00   5.0000000000000000e+00
   7.2467596099459932e+00   8.7526349079942118e+00   5.0000000000000000e+00
   3.2789336938971934e+00   1.0302310388687752e+00   5.0000000000000000e+00
   9.4056816538875432e-01   2.3838272264216585e+00   5.0000000000000000e+00
   1.1082768349930538e+00   1.7122745915570847e+00   5.0000000000000000e+00
   9.6706191285378136e+00   7.6588579938065564e+00   5.0000000000000000e+00
   5.1689494739260544e-01   8.8508130855345479e-01   5.0000000000000000e+00
   3.0220683575029215e+00   1.2898808054419897e-01   5.0000000000000000e+00
   7.3189276430472292e+00   9.8532702558726406e+00   5.0000000000000000e+00
   1.7971096118043484e-01   1.9363972489227144e+00   5.0000000000000000e+00
   7.0854594202211398e+00   9.6119780441514138e+00   5.0000000000000000e+00
   3.4318457960207827e-01   2.2359961652241420e+00   5.0000000000000000e+00
   1.4568216059719807e-01   1.1725284339011999e+00   5.0000000000000000e+00
   8.3681327427997019e+00   7.0372934621162653e+00   5.0000000000000000e+00
   9.3562733063340708e+00   7.5237027479382608e+00   5.0000000000000000e+00
   8.0183330975264315e+00   7.8571899427108258e+00   5.0000000000000000e+00
   6.6839578101174881e+00   9.6142530561350892e+00   5.0000000000000000e+00
   8.2027308129271645e+00   6.9053196076288650e+00   5.0000000000000000e+00
   8.2257960644798818e+00   7.5098790002032665e+00   5.0000000000000000e+00
   9.0312878801191996e+00   6.7309525023506867e+00   5.0000000000000000e+00
   1.1099236295909254e-01   3.7343442206955704e+00   5.0000000000000000e+00
   9.1270877934631987e+00   8.5893272295560479e+00   5.0000000000000000e+00
   2.9729695420704747e+00   8.2277176252953721e-01   5.0000000000000000e+00
   5.7522248125915332e-01   5.9302208603343454e-01   5.0000000000000000e+00
   8.1515695203641840e+00   8.0152731312604235e+00   5.0000000000000000e+00
   9.1615561008108379e+00   6.6798001249254959e+00   5.0000000000000000e+00
   6.3527558594430236e+00   9.5699835981595989e+00   5.0000000000000000e+00
   9.0326745680105152e+00   7.3621003286715183e+00   5.0000000000000000e+00
   8.0654189343598013e+00   9.2570765671051625e+00   5.0000000000000000e+00
   7.2393874134768064e+00   8.0068628857984017e+00   5.0000000000000000e+00
   2.1330459802797463e+00   2.4480102254413971e+00   5.0000000000000000e+00
   9.8607762060595974e+00   9.0285337805920616e+00   5.0000000000000000e+00
   2.2417239296961489e+00   1.6027528479559383e+00   5.0000000000000000e+00
   6.6941382177203801e-01   1.8314790895235755e+00   5.0000000000000000e+00
   8.9854219720580701e+00   9.8472330374251005e+00   5.0000000000000000e+00
   7.6875715902896484e+00   8.8555688969823478e+00   5.0000000000000000e+00
   7.4539622070018297e+00   7.9460847866344828e+00   5.0000000000000000e+00
   2.2025130131652215e+00   2.1134495028544045e+00   5.0000000000000000e+00
   1.7691464011922364e+00   9.8757004461023645e-01   5.0000000000000000e+00
   7.4043757148958154e+00   8.4066953836842409e+00   5.0000000000000000e+00
   8.4952083996918599e+00   9.2927501862522028e+00   5.0000000000000000e+00
   1.7407412716206949e+00   1.8196423694150343e+00   5.0000000000000000e+00
   8.1533732639370253e+00   9.3188026458921769e+00   5.0000000000000000e+00
   3.1888936194244302e+00   1.4840145396906512e+00   5.0000000000000000e+00
   1.0398769340946412e+00   2.8479110630410731e+00   5.0000000000000000e+00
   9.5943498559152136e+00   8.8851431533212004e+00   5.0000000000000000e+00
   1.9293451495125524e+00   2.7784350482327556e+00   5.0000000000000000e+00
   9.9230515227345411e+00   7.1124038715048998e+00   5.0000000000000000e+00
   8.6372828534172497e-01   2.8413585075663947e+00   5.0000000000000000e+00
   6.8629803442153667e+00   9.1831454448153220e+00   5.0000000000000000e+00
   1.6177811984882373e+00   2.3634466314015157e+00   5.0000000000000000e+00
   2.4959781113615631e+00   4.4101891392900994e-01   5.0000000000000000e+00
   1.9895720578954357e+00   1.4167416691977008e+00   5.0000000000000000e+00
   9.0506311982715157e+00   6.7305012887034561e+00   5.0000000000000000e+00
   7.7375085596380178e-01   1.0772268002110119e+00   5.0000000000000000e+00
   3.3667900632016967e+00   5.2560606366157669e-02   5.0000000000000000e+00
   9.2049878834368588e+00   9.6192696722694908e+00   5.0000000000000000e+00
   3.3586218096823028e+00   6.2017393538748911e-01   5.0000000000000000e+00
   2.0701085243003412e+00   1.4604803861836935e+00   5.0000000000000000e+00
   3.1332629411802637e+00   5.3123083534943993e-01   5.0000000000000000e+00
   2.6047216125717521e+00   1.6677230334788196e+00   5.0000000000000000e+00
   1.8576944214275715e+00   1.3712507776049421e+00   5.0000000000000000e+00
   8.6592784773784697e+00   8.7457401123277769e+00   5.0000000000000000e+00
   9.1084585791733339e+00   6.5696130053861532e+00   5.0000000000000000e+00
   6.7402091398176189e+00   9.5763829796236557e+00   5.0000000000000000e+00
   2.0751594741252344e+00   8.2171746128167911e-03   5.0000000000000000e+00
   1.2213093005176712e+00   2.6644198510733164e+00   5.0000000000000000e+00
   9.0703305598159290e+00   8.7344597246344193e+00   5.0000000000000000e+00
   1.4450050511119472e+00   7.2009838663136927e-01   5.0000000000000000e+00
   7.1582341749197838e+00   7.8098464337612121e+00   5.0000000000000000e+00
   7.1979192391613687e+00   8.0563874087828768e+00   5.0000000000000000e+00
   9.3164130179044609e+00   8.3140268272721869e+00   5.0000000000000000e+00
   9.2344497367226843e+00   8.1488023855937399e+00   5.0000000000000000e+00
   1.5005369921217615e+00   3.0247907162067422e+00   5.0000000000000000e+00
   9.9319302247729286e+00   8.4421820132539178e+00   5.0000000000000000e+00
   8.4526353554059082e+00   7.6391139097297192e+00   5.0000000000000000e+00
   3.0649948678906922e+00   3.6536086461060657e-01   5.0000000000000000e+00
   7.7024638573842106e+00   7.2893949892875787e+00   5.0000000000000000e+00
   4.7112105116175029e-01   4.2694484725274484e-01   5.0000000000000000e+00
   8.2297155821581676e+00   9.2691058673205298e+00   5.0000000000000000e+00
   8.8870326789158085e+00   9.0567946681477096e+00   5.0000000000000000e+00
   8.9632130048460628e+00   7.4598125389408114e+00   5.0000000000000000e+00
   2.0146418645168698e+00   2.5409149663818811e+00   5.0000000000000000e+00
   8.4688699004214278e+00   8.9606652276588061e+00   5.0000000000000000e+00
   7.6706192958929664e-02   3.1617568582085753e-01   5.0000000000000000e+00
   1.9884261991822050e+00   2.0368631961119932e+00   5.0000000000000000e+00
   9.2154581246265881e+00   8.4513696178702773e+00   5.0000000000000000e+00
   9.1885268778192426e+00   9.3158721662637181e+00   5.0000000000000000e+00
   9.7597462715082468e+00   6.6032766647201990e+00   5.0000000000000000e+00
   7.5010541163363840e+00   7.9508326602662773e+00   5.0000000000000000e+00
   1.2542058772805131e+00   1.4005556282320752e+00   5.0000000000000000e+00
   3.5953329371400065e+00   4.5821811788942068e-01   5.0000000000000000e+00
   1.8357987656676189e+00   2.4830037347013301e+00   5.0000000000000000e+00
   9.6388803892731971e+00   8.2795674658621081e+00   5.0000000000000000e+00
   9.4281250414664397e-01   2.3637167225158384e+00   5.0000000000000000e+00
   8.6314885924293927e-01   1.1605058798202217e+00   5.0000000000000000e+00
   6.9859329961943994e-01   2.8426609634907249e+00   5.0000000000000000e+00
   9.3135311603939286e+00   6.7692378025876119e+00   5.0000000000000000e+00
