   2.4105460969785586e+00   8.9571032183013148e+00   1.0000000000000000e+00
   2.4600104174604676e+00   9.7461866502660541e+00   1.0000000000000000e+00
   1.1013091480267678e+00   7.9474578502904745e+00   1.0000000000000000e+00
   8.2025600270757302e+00   3.2471007165100763e-01   1.0000000000000000e+00
   3.8646585668526190e-01   7.0076756412912644e+00   1.0000000000000000e+00
   8.9603205584418362e+00   2.5611154087909660e+00   1.0000000000000000e+00
   7.6380095264151269e+00   1.7849709671087355e+00   1.0000000000000000e+00
   9.2040638638401102e+00   2.1516217007192706e+00   1.0000000000000000e+00
   9.7070414156558709e+00   3.6154437090999725e+00   1.0000000000000000e+00
   9.8866941283937884e+00   2.0409960645038483e+00   1.0000000000000000e+00
   8.7092072663224620e+00   2.8592547173887772e+00   1.0000000000000000e+00
   9.0878965672269647e+00   2.0483031493216619e+00   1.0000000000000000e+00
   2.5851350776843427e+00   7.7205581181548872e+00   1.0000000000000000e+00
   3.0201679538172210e-01   9.0581340847805176e+00   1.0000000000000000e+00
   8.4538702666301155e+00   2.2100504547375941e+00   1.0000000000000000e+00
   2.8572231654717664e+00   8.6471861747566017e+00   1.0000000000000000e+00
   8.9074072863951983e+00   1.2328361334332671e+00   1.0000000000000000e+00
   2.3610965873091505e+00   8.7315291947768241e+00   1.0000000000000000e+00
   7.3489143703226256e+00   1.8860138959994910e+00   1.0000000000000000e+00
   2.1159441985432617e+00   7.8137554977898391e+00   1.0000000000000000e+00
   5.6904519325851610e-01   7.2942088070642441e+00   1.0000000000000000e+00
   1.2865603798761782e-04   8.0935693030163698e+00   1.0000000000000000e+00
   9.4571757759762693e+00   7.4160003345724257e-01   1.0000000000000000e+00
   1.9005715526277911e+00   7.0888305117852255e+00   1.0000000000000000e+00
   1.8125705824535432e-01   7.4653454674695929e+00   1.0000000000000000e+00
   8.1280550656275494e+00   2.7526746861950588e+00   1.0000000000000000e+00
   8.9824111679035710e+00   1.3792953042992306e+00   1.0000000000000000e+00
   2.9315231469838010e+00   9.0243860566827951e+00   1.0000000000000000e+00
   1.0756931839580819e-01   9.4961730819272088e+00   1.0000000000000000e+00
   7.5563944160180876e+00   1.3331167230182561e+00   1.0000000000000000e+00
   9.5300838266340619e+00   1.2111430969106252e+00   1.0000000000000000e+00
   8.8766738959418348e+00   1.7290719650432651e+00   1.0000000000000000e+00
   1.3379139888546687e+00   6.8556432607395248e+00   1.0000000000000000e+00
   3.6313124614817047e+00   9.5413299129256366e+00   1.0000000000000000e+00
   4.0958161254278314e-01   9.1496256441758934e+00   1.0000000000000000e+00
   7.0003219595866035e+00   5.7795092182496566e-02   1.0000000000000000e+00
   2.6469579952238487e+00   7.7168636529764036e+00   1.0000000000000000e+00
   9.8814854181228160e+00   2.7348145525472378e+00   1.0000000000000000e+00
   7.5661740095706254e+00   2.6973427603412037e-01   1.0000000000000000e+00
   9.9830884507226418e+00   3.8034973967224728e+00   1.0000000000000000e+00
   9.1594115933368201e+00   1.8590959778219496e+00   1.0000000000000000e+00
   1.5272893329468218e+00   9.3851689676709853e+00   1.0000000000000000e+00
   8.5523387860636824e+00   1.4085448728975025e+00   1.0000000000000000e+00
   6.5899342681045230e+00   1.2092951514633710e+00   1.0000000000000000e+00
   7.9331151273583558e+00   1.5100931589826150e+00   1.0000000000000000e+00
   7.6843848359821729e+00   1.6545860417778901e+00   1.0000000000000000e+00
   9.9838331383664940e+00   1.4805266735377987e+00   1.0000000000000000e+00
   6.6298827110634218e+00   8.6766112688868247e-01   1.0000000000000000e+00
   2.7753941356681491e+00   8.1952611989360804e+00   1.0000000000000000e+00
   8.0714512065536095e+00   1.5466901818235845e+00   1.0000000000000000e+00
   2.4341824812754265e-01   7.4969344439807983e+00   1.0000000000000000e+00
   2.2789593013734564e+00   7.2226981660989020e+00   1.0000000000000000e+00
   8.5507829954952097e-01   6.8000362590895636e+00   1.0000000000000000e+00
   8.9859725600452633e-01   8.6020058006590219e+00   1.0000000000000000e+00
   1.3178952341582018e+00   7.6763689815971397e+00   1.0000000000000000e+00
   8.2869506652026104e+00   3.2434879546776707e-01   1.0000000000000000e+00
   8.2748839968879544e+00   3.7149775732567614e-01   1.0000000000000000e+00
   2.4595468972842482e-01   7.1439648944400229e+00   1.0000000000000000e+00
   6.7151841579788596e-01   6.8650665366483130e+00   1.0000000000000000e+00
   1.9997281990326243e-01   6.3557338870236846e+00   1.0000000000000000e+00
   9.4065152003448986e+00   8.7496015281066541e-01   1.0000000000000000e+00
   1.8694265060116055e+00   9.2771481909438602e+00   1.0000000000000000e+00
   8.0357823537528912e+00   1.3505184405148141e-01   1.0000000000000000e+00
   1.3631626690002163e+00   9.1449063714320449e+00   1.0000000000000000e+00
   2.3581272562442148e+00   9.8960336365547636e+00   1.0000000000000000e+00
   9.2301724504095795e-02   6.3575712591947777e+00   1.0000000000000000e+00
   3.5397483839861197e+00   9.4710366097460508e+00   1.0000000000000000e+00
   7.7852158897384340e+00   4.4290030657425428e-01   1.0000000000000000e+00
   4.4179217253142000e-01   6.7051315955101547e+00   1.0000000000000000e+00
   3.8769987579653442e-01   9.2976897828944125e+00   1.0000000000000000e+00
   9.1228320526819395e-02   7.5696467926528470e+00   1.0000000000000000e+00
   1.8186876358127579e+00   7.0376318961111686e+00   1.0000000000000000e+00
   8.1289906640705993e+00   1.1085702530260877e+00   1.0000000000000000e+00
   7.9657412140750905e+00   2.5179802089358216e+00   1.0000000000000000e+00
   9.5301545711789917e+00   1.3401993476736607e+00   1.0000000000000000e+00
   2.2029945796029904e-01   7.8860009413576959e+00   1.0000000000000000e+00
   8.7944317538794685e+00   9.2436755217893518e-01   1.0000000000000000e+00
   2.0296699573488164e+00   9.9969865977316967e+00   1.0000000000000000e+00
   8.9402451908220328e+00   3.3363654891160435e+00   1.0000000000000000e+00
   4.1362946434408965e-03   9.9303837465168563e+00   1.0000000000000000e+00
   2.9953888548177421e+00   8.7687487729083067e+00   1.0000000000000000e+00
   7.9471249745489860e+00   2.0214487871896649e+00   1.0000000000000000e+00
   8.6103442552865097e+00   2.6812174055433600e+00   1.0000000000000000e+00
   6.3935247038813481e-01   9.3657815021799031e+00   1.0000000000000000e+00
   9.0463693559668261e+00   3.2680254426943001e-01   1.0000000000000000e+00
   6.4452214978926170e-02   8.1090589894393954e+00   1.0000000000000000e+00
   2.5775432908537397e+00   9.2838180254162079e+00   1.0000000000000000e+00
   6.8263671001332904e-01   6.6559997697697320e+00   1.0000000000000000e+00
   7.8341868042165919e-01   9.9636800773682452e+00   1.0000000000000000e+00
   8.5980609008467503e+00   2.4477414961794777e+00   1.0000000000000000e+00
   7.3137813230266593e+00   2.3228907866084669e+00   1.0000000000000000e+00
   7.5423600893855998e+00   4.2219692695092403e-02   1.0000000000000000e+00
   9.9745994978447268e+00   2.2631223907793272e+00   1.0000000000000000e+00
   9.8848575166042050e+00   2.0691939086857714e+00   1.0000000000000000e+00
   3.2460455318716672e+00   9.2371663533734214e+00   1.0000000000000000e+00
   2.2160842755137078e+00   9.4572041147839414e+00   1.0000000000000000e+00
   9.0525707670209936e+00   2.3722851660712574e+00   1.0000000000000000e+00
   9.8220925036271609e+00   1.2786034467374519e+00   1.0000000000000000e+00
   1.3094821640361132e-01   6.8262341945016134e+00   1.0000000000000000e+00
   9.4926894210853767e+00   2.3931286998936177e+00   1.0000000000000000e+00
   9.2076472543052397e+00   1.5858145334121110e+00   1.0000000000000000e+00
   2.2386492998708207e-01   7.3434929033671725e+00   1.0000000000000000e+00
   2.6092278025392623e+00   8.0526301843594688e+00   1.0000000000000000e+00
   2.5802418013085946e+00   8.2554241305041423e+00   1.0000000000000000e+00
   2.2462615709455971e+00   9.6528400439136917e+00   1.0000000000000000e+00
   8.9043466860599700e+00   2.5214133659412630e+00   1.0000000000000000e+00
   1.4153572253746249e+00   8.7665381120830546e+00   1.0000000000000000e+00
   8.0244686555349332e-01   7.4060219752287946e+00   1.0000000000000000e+00
   5.9537074888707742e-01   7.5259268337669365e+00   1.0000000000000000e+00
   1.6653717738010754e+00   7.0442013971612472e+00   1.0000000000000000e+00
   3.2102495750771731e-01   9.3851252621837684e+00   1.0000000000000000e+00
   3.2527569494367938e+00   9.9229125397494862e+00   1.0000000000000000e+00
   2.9332646345314028e+00   8.9930228450315326e+00   1.0000000000000000e+00
   9.9318782652507718e+00   3.2977745252973123e+00   1.0000000000000000e+00
   3.2182639416962489e+00   9.5539989479290348e+00   1.0000000000000000e+00
   7.1577444632337333e+00   1.3143869826086485e+00   1.0000000000000000e+00
   7.7870921710309817e+00   2.0724095042194413e-01   1.0000000000000000e+00
   9.6199073584874011e+00   1.9010418875559310e+00   1.0000000000000000e+00
   2.0891077432516427e+00   8.9782467324222477e+00   1.0000000000000000e+00
   1.1763419336273118e+00   8.3728806665997073e+00   1.0000000000000000e+00
   7.0111519502660569e+00   1.4593827575241580e+00   1.0000000000000000e+00
   1.9547447843579857e+00   9.5573896970168910e+00   1.0000000000000000e+00
   8.0492634890968873e+00   2.5665175475721522e+00   1.0000000000000000e+00
   7.8717765831569757e+00   2.0307899020167630e+00   1.0000000000000000e+00
   1.9314866636012262e+00   7.9286554531942564e+00   1.0000000000000000e+00
   8.3438690774478310e+00   2.9848549868925156e+00   1.0000000000000000e+00
   9.0025066584312068e+00   4.6991357251419119e-02   1.0000000000000000e+00
   8.9061203812147500e+00   2.2420693045852111e+00   1.0000000000000000e+00
   2.0231039105009341e-01   8.4478950430101047e+00   1.0000000000000000e+00
   2.8854209142980647e+00   7.9056689129308566e+00   1.0000000000000000e+00
   9.0355283734697149e+00   3.2748770841851460e+00   1.0000000000000000e+00
   2.8022197019232586e+00   9.7992647385083647e+00   1.0000000000000000e+00
   3.0227120354125403e+00   8.2066867587611156e+00   1.0000000000000000e+00
   9.7583098891390687e+00   1.8048887740886388e+00   1.0000000000000000e+00
   6.7011924918673191e+00   8.5708912108040214e-01   1.0000000000000000e+00
   8.1123934943802301e+00   1.5605130672265666e+00   1.0000000000000000e+00
   8.8717073461568283e+00   1.9666728676694922e+00   1.0000000000000000e+00
   8.1645930459648479e+00   2.2451615505233113e+00   1.0000000000000000e+00
   9.9906475235991419e+00   3.6735493105194097e+00   1.0000000000000000e+00
   2.2870252796475352e+00   7.6931702813726064e+00   1.0000000000000000e+00
   9.0148038708977598e+00   1.0537947386423463e+00   1.0000000000000000e+00
   1.4189966326388803e-01   7.2624558393907144e+00   1.0000000000000000e+00
   6.3389088521060160e+00   4.6407366326025601e-02   1.0000000000000000e+00
   8.9618022831134230e+00   2.6607134650983024e+00   1.0000000000000000e+00
   1.6628102208306283e+00   9.0825832559742921e+00   1.0000000000000000e+00
   9.3028556736775236e-01   6.7245623458221582e+00   1.0000000000000000e+00
   4.2752030049748813e-01   7.5661209103004401e+00   1.0000000000000000e+00
   9.3232761767229331e+00   1.8555531379323520e+00   1.0000000000000000e+00
   1.2245284267464895e+00   9.2294760077725648e+00   1.0000000000000000e+00
   2.1948005744980934e+00   7.9172103236032960e+00   1.0000000000000000e+00
   8.1468459605148507e+00   1.7019596794381220e+00   1.0000000000000000e+00
   1.9963672724954507e+00   8.9835575966236334e+00   1.0000000000000000e+00
   9.8210620033382785e+00   3.5981814067440165e-01   1.0000000000000000e+00
   6.9070650257373671e+00   7.6157527486529597e-01   1.0000000000000000e+00
   8.7014113700587519e+00   4.0755539032487631e-02   1.0000000000000000e+00
   8.9483336910521523e+00   2.2146949763614368e+00   1.0000000000000000e+00
   2.1107714316852402e+00   9.2359913180792468e+00   1.0000000000000000e+00
   6.6227211443147418e+00   3.7956733802033238e-01   1.0000000000000000e+00
   7.5768046791603973e+00   1.0338244364599214e+00   1.0000000000000000e+00
   8.3625842605219418e+00   6.3294812541783152e-01   1.0000000000000000e+00
   7.4362354330456482e+00   7.2957747907551607e-02   1.0000000000000000e+00
   3.7622205126527630e+00   9.8787741768799080e+00   1.0000000000000000e+00
   3.0641211097465240e+00   8.6271269098665684e+00   1.0000000000000000e+00
   1.8920004171956428e+00   8.5487001893142782e+00   1.0000000000000000e+00
   3.0318654383305277e-01   9.5244924240108393e+00   1.0000000000000000e+00
   3.5791786039390150e-01   9.7943174577529994e+00   1.0000000000000000e+00
   9.6532979149596869e+00   3.8248527680359690e-01   1.0000000000000000e+00
   8.8087930781394199e+00   2.0795405757203067e-01   1.0000000000000000e+00
   2.7669445771710532e+00   8.2396284233497958e+00   1.0000000000000000e+00
   1.6005726006989318e+00   9.7789366914216540e+00   1.0000000000000000e+00
   2.7167575507634609e+00   7.7143581889375303e+00   1.0000000000000000e+00
   1.0794868735839791e+00   8.8986305606676215e+00   1.0000000000000000e+00
   7.8214359415880317e+00   2.1136919341300722e+00   1.0000000000000000e+00
   7.8939229646152134e+00   1.0800245141707465e+00   1.0000000000000000e+00
   1.2978948973903670e+00   8.3036869334513561e+00   1.0000000000000000e+00
   5.7749994588978559e-01   7.1129689149155615e+00   1.0000000000000000e+00
   3.2494263870965359e+00   8.9049321530249177e+00   1.0000000000000000e+00
   1.3155382795642634e+00   9.2084709002617640e+00   1.0000000000000000e+00
   1.2554463283945938e-01   8.6904798536683536e+00   1.0000000000000000e+00
   8.0542079285016523e+00   7.8130210681498391e-01   1.0000000000000000e+00
   9.3623783412440371e+00   4.9737324627941670e-01   1.0000000000000000e+00
   1.8102071605706760e-02   7.9639137583944208e+00   1.0000000000000000e+00
   9.7519234547415046e+00   1.3394055407940164e+00   1.0000000000000000e+00
   2.6494925847081352e-01   6.9161519062451617e+00   1.0000000000000000e+00
   7.5346897725247697e+00   8.3940803294481059e-02   1.0000000000000000e+00
   7.5642830216379782e+00   2.1895437344978652e+00   1.0000000000000000e+00
   6.7499774571120508e+00   6.2563828745963446e-01   1.0000000000000000e+00
   7.0706909975365004e+00   3.3606119477383012e-01   1.0000000000000000e+00
   1.0516763170552834e+00   9.5457869151536201e+00   1.0000000000000000e+00
   9.9393248702739641e+00   1.8081035384578859e+00   1.0000000000000000e+00
   2.2650188101156168e+00   7.9139328619874485e+00   1.0000000000000000e+00
   9.8468763598343010e+00   2.1721912603576587e-01   1.0000000000000000e+00
   2.7022068484909303e+00   8.1922707591679842e+00   1.0000000000000000e+00
   8.0678321979885954e+00   2.6186527761011247e+00   1.0000000000000000e+00
   9.7071478200698440e+00   2.6683854257119535e+00   1.0000000000000000e+00
   8.4892750476226055e+00   2.3998841922256098e+00   1.0000000000000000e+00
   6.8500753461149326e+00   1.2709754950472751e+00   1.0000000000000000e+00
   9.2675390205704016e+00   2.2679233970443748e+00   1.0000000000000000e+00
   7.0700433222430359e-02   6.1884066138206997e+00   2.0000000000000000e+00
   5.9981696629665224e+00   1.0746246838026519e+00   2.0000000000000000e+00
   7.0809850563108139e+00   4.2920006309571193e+00   2.0000000000000000e+00
   2.2700648183894900e+00   6.7578020943854877e+00   2.0000000000000000e+00
   6.1798695834157877e+00   1.0935553690359401e+00   2.0000000000000000e+00
   2.0840808401217714e+00   6.1601523469131250e+00   2.0000000000000000e+00
   1.2987054191572900e+00   6.1426665952824413e+00   2.0000000000000000e+00
   6.4090704700488956e+00   2.6879241364891540e+00   2.0000000000000000e+00
   8.1994836941208309e+00   4.6588560864964625e+00   2.0000000000000000e+00
   2.7095571358954773e+00   7.5873937809162868e+00   2.0000000000000000e+00
   2.7239231573393408e+00   5.5498979324216506e+00   2.0000000000000000e+00
   8.0480422178058433e+00   4.3745207542872269e+00   2.0000000000000000e+00
   4.2634286827199865e+00   8.3832862891030757e+00   2.0000000000000000e+00
   5.7566934964559513e+00   2.0246896560101324e+00   2.0000000000000000e+00
   6.1802331500620769e+00   2.6193943208901826e+00   2.0000000000000000e+00
   9.7547817247004009e-01   5.5652710838568193e+00   2.0000000000000000e+00
   1.8555553744081910e+00   5.6870910230468263e+00   2.0000000000000000e+00
   7.1460209387660170e+00   4.2700119734887760e+00   2.0000000000000000e+00
   6.5318735815427109e+00   4.3636240652080316e+00   2.0000000000000000e+00
   3.9407257710313504e-01   5.4571789300063678e+00   2.0000000000000000e+00
   3.8335855754702419e+00   9.7712146805152251e+00   2.0000000000000000e+00
   2.2047916433044046e+00   6.1774894786400942e+00   2.0000000000000000e+00
   1.9806106232638221e+00   5.7890728786736192e+00   2.0000000000000000e+00
   3.0834866877504985e+00   6.8794099587788011e+00   2.0000000000000000e+00
   4.1217530979135990e+00   8.2414973664105649e+00   2.0000000000000000e+00
   4.6662581659536109e+00   8.8895172852334916e+00   2.0000000000000000e+00
   7.4728809039881439e+00   2.9668693707144045e+00   2.0000000000000000e+00
   7.2676187391466520e+00   4.0778554728173324e+00   2.0000000000000000e+00
   5.6348997946494892e+00   3.1049019892312790e-01   2.0000000000000000e+00
   3.4315323990824642e+00   8.7088648086544147e+00   2.0000000000000000e+00
   6.5191384927966443e+00   1.3887829621581926e+00   2.0000000000000000e+00
   3.8834308812842799e+00   8.2874643744830330e+00   2.0000000000000000e+00
   2.5790320281475210e+00   6.7015848426481543e+00   2.0000000000000000e+00
   9.2971763939620686e+00   4.7544953199291529e+00   2.0000000000000000e+00
   4.0058142134600603e+00   6.8553766120123836e+00   2.0000000000000000e+00
   8.4485682419446597e+00   3.3050446908291429e+00   2.0000000000000000e+00
   3.7280619123173055e+00   9.1025585263983633e+00   2.0000000000000000e+00
   5.8247009924379336e+00   1.2679990182732193e+00   2.0000000000000000e+00
   2.7211560329165598e+00   6.0256201110459298e+00   2.0000000000000000e+00
   1.8034391734541466e+00   6.4230014336647701e+00   2.0000000000000000e+00
   4.2260830675763392e+00   9.9799120783461497e+00   2.0000000000000000e+00
   6.1322186096744229e+00   3.9719643144342411e+00   2.0000000000000000e+00
   7.5099231638100230e+00   2.8248932854193365e+00   2.0000000000000000e+00
   9.6795224599334837e+00   4.0148424760124293e+00   2.0000000000000000e+00
   6.3606441803175198e+00   1.6350057917320771e+00   2.0000000000000000e+00
   8.7193768314018261e-01   5.9980227292935995e+00   2.0000000000000000e+00
   2.8030532164632049e+00   7.2526069974612248e+00   2.0000000000000000e+00
   3.5365412553724731e+00   6.9675973615256401e+00   2.0000000000000000e+00
   3.6550881402603688e+00   7.2391260172920235e+00   2.0000000000000000e+00
   6.8722011478409852e+00   3.4886198220559339e+00   2.0000000000000000e+00
   6.5727173436809405e+00   2.4329734462258501e+00   2.0000000000000000e+00
   3.8961694880252038e+00   7.2561301290963511e+00   2.0000000000000000e+00
   8.3969272107947326e+00   4.6973147570105924e+00   2.0000000000000000e+00
   5.9278683938594332e+00   1.5694321408027734e+00   2.0000000000000000e+00
   3.0660024742817003e+00   7.3500904685588271e+00   2.0000000000000000e+00
   6.2186973993068388e+00   1.0795049795107381e+00   2.0000000000000000e+00
   3.2057422533556537e+00   8.0214223994107083e+00   2.0000000000000000e+00
   3.7144081394092900e+00   6.9024220222436679e+00   2.0000000000000000e+00
   1.8129159540529949e+00   6.8303544933196587e+00   2.0000000000000000e+00
   5.9388141865753328e+00   1.6988461456748005e+00   2.0000000000000000e+00
   6.1323379779394180e+00   1.8469059629062279e+00   2.0000000000000000e+00
   1.0301128725270392e+00   5.5379748590222899e+00   2.0000000000000000e+00
   9.2523319002901534e+00   4.3744543366709259e+00   2.0000000000000000e+00
   2.8085522005469676e+00   6.0842434304667261e+00   2.0000000000000000e+00
   5.7011763624102096e+00   2.1696509911069861e-01   2.0000000000000000e+00
   2.4410408795593117e+00   6.9991724561977122e+00   2.0000000000000000e+00
   4.2015595024548187e+00   8.0118876331315292e+00   2.0000000000000000e+00
   2.7122172073085835e+00   7.4997509445978716e+00   2.0000000000000000e+00
   4.1239429144078388e+00   7.9952420628980239e+00   2.0000000000000000e+00
   4.2191391388376607e+00   7.4050216518973571e+00   2.0000000000000000e+00
   8.8422744451385888e+00   3.7094536639892639e+00   2.0000000000000000e+00
   9.2323660182010325e-01   6.2252438750944599e+00   2.0000000000000000e+00
   5.6455943595606639e+00   3.3753829262407109e+00   2.0000000000000000e+00
   7.7303106663757171e-01   6.2537135745246779e+00   2.0000000000000000e+00
   8.9698387218627094e+00   4.2168137504664713e+00   2.0000000000000000e+00
   3.0948510041799282e+00   6.2899361631684236e+00   2.0000000000000000e+00
   6.6618393947185304e+00   3.9024087250565396e+00   2.0000000000000000e+00
   4.3898208130027481e+00   7.2459448731781979e+00   2.0000000000000000e+00
   6.1345765819294815e+00   9.8006855472874688e-01   2.0000000000000000e+00
   5.8362251920678299e+00   2.1024525251529749e+00   2.0000000000000000e+00
   8.7529374086214577e+00   4.3270478538695798e+00   2.0000000000000000e+00
   3.7528125761979316e+00   9.7089442223074389e+00   2.0000000000000000e+00
   2.8319808695653648e+00   7.1376820773328129e+00   2.0000000000000000e+00
   4.0162809247209115e+00   9.1400549232233672e+00   2.0000000000000000e+00
   5.6459824722313723e+00   3.6034195030131357e+00   2.0000000000000000e+00
   1.4644693782018048e+00   5.7532839146927355e+00   2.0000000000000000e+00
   7.5378940711986866e+00   3.1309808486812098e+00   2.0000000000000000e+00
   2.8524446526187788e+00   5.8551957226959628e+00   2.0000000000000000e+00
   2.3386055948414231e+00   5.3500403960194554e+00   2.0000000000000000e+00
   7.3630358830233500e-01   5.4787072691983427e+00   2.0000000000000000e+00
   6.5121709502997458e+00   2.8872379189416741e+00   2.0000000000000000e+00
   6.5609805927272644e+00   1.1809211359197247e+00   2.0000000000000000e+00
   7.9835844026184546e+00   3.1057847237752600e+00   2.0000000000000000e+00
   5.5098040370346455e+00   1.1908891861879767e+00   2.0000000000000000e+00
   3.1510979329964330e+00   6.8023699180992789e+00   2.0000000000000000e+00
   4.6252533052787905e+00   8.1252761084320095e+00   2.0000000000000000e+00
   4.0761691206216435e+00   6.1136031059673854e+00   2.0000000000000000e+00
   2.8421926895102425e+00   7.0754507079794182e+00   2.0000000000000000e+00
   2.4013899602660427e+00   6.8350135186678376e+00   2.0000000000000000e+00
   3.1950285441936255e+00   6.5019382940075445e+00   2.0000000000000000e+00
   4.1018290875264638e+00   8.2847034552091809e+00   2.0000000000000000e+00
   3.9850389991365311e+00   6.2873732666810591e+00   2.0000000000000000e+00
   3.0482152341014288e+00   7.6227613678708295e+00   2.0000000000000000e+00
   3.5975236982300074e+00   6.1476960066658171e+00   2.0000000000000000e+00
   6.6289615906130130e+00   4.1378062599867782e+00   2.0000000000000000e+00
   8.7941295705920339e+00   4.5972161678942829e+00   2.0000000000000000e+00
   4.3503843625342657e+00   8.5273823308016041e+00   2.0000000000000000e+00
   6.3180884905744623e+00   2.0054160722005463e+00   2.0000000000000000e+00
   3.6502645383869350e+00   5.7370121015845399e+00   2.0000000000000000e+00
   2.4714894527162512e+00   6.2001863418248320e+00   2.0000000000000000e+00
   4.2737338596571828e+00   7.6870960116139706e+00   2.0000000000000000e+00
   1.8539474604160577e+00   6.8525511583263823e+00   2.0000000000000000e+00
   1.9392393036184608e+00   6.9425042480965882e+00   2.0000000000000000e+00
   3.5987737349920335e+00   8.6741879341507655e+00   2.0000000000000000e+00
   6.7720548892888033e+00   3.7643070163822512e+00   2.0000000000000000e+00
   3.0500268826787469e-02   5.4747687066923101e+00   2.0000000000000000e+00
   4.2255496589985011e+00   8.9141702404261540e+00   2.0000000000000000e+00
   7.2696608900871205e+00   2.3896181404993744e+00   2.0000000000000000e+00
   5.5127191810382943e+00   1.2857453236993810e+00   2.0000000000000000e+00
   2.5953686285807045e+00   6.8995479802317465e+00   2.0000000000000000e+00
   3.4248077888409467e+00   6.9646997874118473e+00   2.0000000000000000e+00
   6.7248241800789099e+00   2.0187735760649019e+00   2.0000000000000000e+00
   2.7406334218900339e+00   5.7794746147226554e+00   2.0000000000000000e+00
   6.9161228501833039e+00   2.5361797363409035e+00   2.0000000000000000e+00
   2.9846262797651999e+00   7.2945295685076585e+00   2.0000000000000000e+00
   4.6994132429325717e+00   9.6987767393842894e+00   2.0000000000000000e+00
   2.3771824549022833e+00   7.0277337628960819e+00   2.0000000000000000e+00
   6.1275668558590937e+00   1.0726263642399614e+00   2.0000000000000000e+00
   8.1457616979847458e+00   4.0843755432942679e+00   2.0000000000000000e+00
   8.4193943613690241e+00   3.9197841975393244e+00   2.0000000000000000e+00
   9.0867291058660946e+00   4.4571758868365450e+00   2.0000000000000000e+00
   5.7902613145155453e+00   2.9920531561443586e-01   2.0000000000000000e+00
   4.1320151668826064e+00   8.4983380975866467e+00   2.0000000000000000e+00
   4.1308572260114111e+00   6.3007380782451232e+00   2.0000000000000000e+00
   6.0463476740801001e+00   1.1327103341586608e+00   2.0000000000000000e+00
   9.1618534805035026e+00   3.5712822306493153e+00   2.0000000000000000e+00
   6.7484614956644204e+00   2.7042433488455462e+00   2.0000000000000000e+00
   3.4671710769618649e+00   8.9179447333725221e+00   2.0000000000000000e+00
   7.4245717275938290e+00   2.9313299217386133e+00   2.0000000000000000e+00
   7.2272491660292051e+00   2.6149536498435024e+00   2.0000000000000000e+00
   3.1115595921692618e+00   6.2549006015619781e+00   2.0000000000000000e+00
   7.6033282146472025e+00   3.4918136539823608e+00   2.0000000000000000e+00
   1.2466836647168200e+00   6.1790524920692205e+00   2.0000000000000000e+00
   2.7204173962721190e+00   5.8627897012458554e+00   2.0000000000000000e+00
   5.8152930777541147e+00   2.1731517892595198e+00   2.0000000000000000e+00
   4.2058189262629782e+00   8.5945889278447236e+00   2.0000000000000000e+00
   2.7959350835055297e-01   5.7879266312268687e+00   2.0000000000000000e+00
   3.4205728626006793e+00   7.7987238761025335e+00   2.0000000000000000e+00
   5.6950230695513495e+00   1.8467856751101708e+00   2.0000000000000000e+00
   8.3777054713648162e+00   3.8246066686819957e+00   2.0000000000000000e+00
   6.7107866535308922e+00   3.5096711221057522e+00   2.0000000000000000e+00
   6.0228973151745002e+00   4.3217866437317287e-01   2.0000000000000000e+00
   2.9521889099063303e+00   6.6551540096944697e+00   2.0000000000000000e+00
   4.3598814724920274e+00   9.4311920091792558e+00   2.0000000000000000e+00
   5.4461630421205758e+00   2.7262855647037156e+00   2.0000000000000000e+00
   3.5058363515668600e+00   8.3136145883778152e+00   2.0000000000000000e+00
   8.4124751281824821e+00   4.4373038568636645e+00   2.0000000000000000e+00
   7.6168121333211172e+00   3.2201800779146525e+00   2.0000000000000000e+00
   6.4786278067770988e+00   3.8113085136094793e+00   2.0000000000000000e+00
   1.5028824043386146e+00   6.2186697626050060e+00   2.0000000000000000e+00
   7.3339442066860308e+00   4.4539432896811713e+00   2.0000000000000000e+00
   3.2531004646336790e+00   5.8258464830404968e+00   2.0000000000000000e+00
   7.6537111378567380e+00   3.4323387080746381e+00   2.0000000000000000e+00
   7.0641400936780228e+00   4.2477072206995201e+00   2.0000000000000000e+00
   5.5488707666716239e+00   2.0599720709631022e+00   2.0000000000000000e+00
   3.3528458963149199e+00   5.9527168834368647e+00   2.0000000000000000e+00
   4.3284869563550838e+00   7.3896514805275846e+00   2.0000000000000000e+00
   9.5697714034320249e+00   4.3881716584265495e+00   2.0000000000000000e+00
   3.9991270881229566e+00   8.8477554872006241e+00   2.0000000000000000e+00
   3.1733472869924038e+00   6.5448122946473877e+00   2.0000000000000000e+00
   6.2707218808153540e+00   2.4081406382685255e+00   2.0000000000000000e+00
   6.9143011840945210e+00   3.9185467803567131e+00   2.0000000000000000e+00
   5.8644408373553114e+00   3.5571653704083142e+00   2.0000000000000000e+00
   2.4487595987519528e+00   5.7668007809093700e+00   2.0000000000000000e+00
   4.0881609028058659e+00   6.2935170588885079e+00   2.0000000000000000e+00
   9.1845085786272840e+00   4.3386530976460138e+00   2.0000000000000000e+00
   4.7223624696405153e+00   8.4791219938335729e+00   2.0000000000000000e+00
   3.5683678754781170e+00   7.5875336851578883e+00   2.0000000000000000e+00
   7.7905108325118562e+00   4.4184164680202489e+00   2.0000000000000000e+00
   7.9047954362521509e+00   3.9946802476293728e+00   2.0000000000000000e+00
   2.9207134644553792e+00   6.9676845412962169e+00   2.0000000000000000e+00
   4.3442117324693177e+00   6.8947041560029412e+00   2.0000000000000000e+00
   3.3809572333842630e+00   6.5597477485944422e+00   2.0000000000000000e+00
   5.8152868480220494e+00   2.1278925608789945e+00   2.0000000000000000e+00
   8.7167770064770682e+00   3.5439237059511952e+00   2.0000000000000000e+00
   6.0629350151085397e+00   1.2828885859650474e+00   2.0000000000000000e+00
   4.1140719871618012e+00   8.1811152343148041e+00   2.0000000000000000e+00
   6.8735009256311850e+00   2.9038513985435976e+00   2.0000000000000000e+00
   5.3320656171891176e+00   1.6032688014942309e+00   2.0000000000000000e+00
   3.5709715656326377e+00   6.9059422679155364e+00   2.0000000000000000e+00
   7.2957931157444982e+00   3.9472885760662901e+00   2.0000000000000000e+00
   3.0302536654278445e+00   6.7198474618390449e+00   2.0000000000000000e+00
   5.4099870080683417e+00   1.6778860264708761e+00   2.0000000000000000e+00
   4.3180156092304465e+00   8.4718035083724708e+00   2.0000000000000000e+00
   8.4071239378129476e+00   4.5361865917078230e+00   2.0000000000000000e+00
   1.1292939887546471e+00   6.1190270915701559e+00   2.0000000000000000e+00
   7.4682095100281938e+00   3.4813217512034997e+00   2.0000000000000000e+00
   2.6290746863090031e+00   6.0705996448064941e+00   2.0000000000000000e+00
   9.8621230390479542e-01   5.9245599149617920e+00   2.0000000000000000e+00
   4.0842170377266340e+00   6.7819414867306165e+00   2.0000000000000000e+00
   4.4432762318571619e+00   7.6956485888970230e+00   2.0000000000000000e+00
   9.7357113683289533e+00   4.2909973603192428e+00   2.0000000000000000e+00
   6.6933335798076756e+00   1.6452508117457754e+00   2.0000000000000000e+00
   9.5105692918852327e+00   4.2670429856143430e+00   2.0000000000000000e+00
   5.7106678390140795e+00   4.7703160820910417e-01   2.0000000000000000e+00
   3.3644604728397476e+00   6.0988874433931723e+00   2.0000000000000000e+00
   4.7013556331250292e+00   8.4876970132455618e+00   2.0000000000000000e+00
   8.5003825283401224e-01   5.8054807882641946e+00   2.0000000000000000e+00
   4.3989801234457948e+00   9.8567182773422921e+00   2.0000000000000000e+00
   7.2059512854296432e+00   2.8993246532307260e+00   2.0000000000000000e+00
   5.2898978457694898e+00   2.6634839575359059e-01   2.0000000000000000e+00
   8.1505959656953522e+00   4.1887938511263165e+00   2.0000000000000000e+00
   3.9580551366011729e+00   7.6943613388327234e+00   2.0000000000000000e+00
   6.0798702050412068e+00   2.3187543105326958e+00   2.0000000000000000e+00
   7.0398645632321237e+00   2.7883432349808226e+00   2.0000000000000000e+00
   4.3911215564461372e+00   4.0990781962203968e+00   3.0000000000000000e+00
   5.5329638880201735e+00   6.6263090803265303e+00   3.0000000000000000e+00
   4.1949282478829701e+00   5.2293172798470184e+00   3.0000000000000000e+00
   3.6005373510000247e+00   5.4643243003678208e+00   3.0000000000000000e+00
   4.8529934223538511e+00   4.4116019247977531e+00   3.0000000000000000e+00
   4.2252382399018664e+00   3.4509178037341837e+00   3.0000000000000000e+00
   4.9589286945185274e+00   5.6239471606146818e+00   3.0000000000000000e+00
   6.0304344770267146e+00   4.7760722855354718e+00   3.0000000000000000e+00
   6.2115714939700082e+00   4.7454006631563903e+00   3.0000000000000000e+00
   8.3506589477655240e+00   4.7510960628834455e+00   3.0000000000000000e+00
   4.9135042794424733e+00   5.5177983447019741e-01   3.0000000000000000e+00
   8.6439667898045585e+00   5.0207584321850609e+00   3.0000000000000000e+00
   3.2295282548430460e+00   4.7934125264625429e+00   3.0000000000000000e+00
   9.7236955501134203e-01   4.8876193487659911e+00   3.0000000000000000e+00
   4.8056845525408622e+00   9.2013388666836118e+00   3.0000000000000000e+00
   8.1828817578568032e+00   4.9635229154149432e+00   3.0000000000000000e+00
   4.7235462409448958e+00   1.1728975474683190e+00   3.0000000000000000e+00
   4.0751597694526707e+00   3.5447235409599189e+00   3.0000000000000000e+00
   4.0495716899730034e+00   4.0351316576088916e+00   3.0000000000000000e+00
   6.2016054549332509e+00   4.4729905499636864e+00   3.0000000000000000e+00
   5.7954313908137669e+00   5.2124628426241451e+00   3.0000000000000000e+00
   5.1415706603295011e+00   1.7603839915197883e+00   3.0000000000000000e+00
   5.9310264368572971e+00   6.3201703123013342e+00   3.0000000000000000e+00
   5.1412731135939849e+00   6.5415249019705364e+00   3.0000000000000000e+00
   5.3280134782290967e+00   7.6751821448062056e+00   3.0000000000000000e+00
   5.2117983054799950e+00   6.1036872654159762e+00   3.0000000000000000e+00
   5.2214306140927356e+00   7.5432422122618794e+00   3.0000000000000000e+00
   4.8460565326286611e+00   6.8969067658820826e+00   3.0000000000000000e+00
   7.2750916113344832e+00   5.4351443505768939e+00   3.0000000000000000e+00
   1.6780888242445868e+00   5.1866346195004294e+00   3.0000000000000000e+00
   4.9160296903705909e+00   8.4819505025425883e+00   3.0000000000000000e+00
   5.3070614912622371e+00   7.8325079613548807e+00   3.0000000000000000e+00
   4.2146971537238578e+00   3.2074048518742293e+00   3.0000000000000000e+00
   4.0021166017875185e+00   3.6584009103826762e+00   3.0000000000000000e+00
   6.3210030185035233e+00   4.8415610097960915e+00   3.0000000000000000e+00
   5.2703345743734156e+00   8.5992398637082221e+00   3.0000000000000000e+00
   5.6032253969038344e+00   3.8300205467524115e+00   3.0000000000000000e+00
   4.9486574560593075e+00   3.8435067276595944e+00   3.0000000000000000e+00
   5.4790791829581940e+00   6.4751860322013846e+00   3.0000000000000000e+00
   4.2274574839584229e+00   3.7787997020585640e+00   3.0000000000000000e+00
   5.5030886806803769e+00   5.6728463574632917e+00   3.0000000000000000e+00
   3.7012791283286872e+00   5.0363214888515264e+00   3.0000000000000000e+00
   8.4712060516141960e+00   4.8996247113000084e+00   3.0000000000000000e+00
   4.5353406735160959e+00   2.9609529833017612e+00   3.0000000000000000e+00
   6.4776164492593580e+00   5.4615423612680756e+00   3.0000000000000000e+00
   4.0022580242091790e+00   5.4710604657174766e+00   3.0000000000000000e+00
   4.6562206405429176e+00   7.3235119392780490e-01   3.0000000000000000e+00
   4.7713095150784639e+00   6.7825435261417617e+00   3.0000000000000000e+00
   5.1256209946857503e+00   8.7655221953441771e+00   3.0000000000000000e+00
   5.2025282081059583e+00   1.3605006460061264e+00   3.0000000000000000e+00
   3.1958995005846838e+00   4.9206621610271970e+00   3.0000000000000000e+00
   4.6481413719792091e+00   6.9417936100552788e+00   3.0000000000000000e+00
   4.8468932588676337e+00   3.3513511394979876e+00   3.0000000000000000e+00
   8.5128199833069296e-01   4.8262947309684243e+00   3.0000000000000000e+00
   5.2339801292679278e+00   9.3043995911881900e+00   3.0000000000000000e+00
   4.4834128825173627e+00   6.1140292841435739e+00   3.0000000000000000e+00
   4.6283755417486638e+00   6.8777744660061826e+00   3.0000000000000000e+00
   4.8618586793291430e+00   3.3014152774011674e+00   3.0000000000000000e+00
   5.1548742736086526e+00   5.5828910499611775e+00   3.0000000000000000e+00
   6.3285384842844881e+00   5.7419204986127514e+00   3.0000000000000000e+00
   9.2812557626392724e+00   4.9051082201955500e+00   3.0000000000000000e+00
   4.5546138737639996e+00   4.6565863193491808e+00   3.0000000000000000e+00
   6.2907451818129321e+00   5.8557115669723796e+00   3.0000000000000000e+00
   2.2339799476823377e+00   4.7392031567257309e+00   3.0000000000000000e+00
   4.8856567645829907e+00   4.3433746851830768e-01   3.0000000000000000e+00
   8.1304347712899361e+00   5.0556235478894207e+00   3.0000000000000000e+00
   4.8903855254656108e+00   2.0175863888052517e+00   3.0000000000000000e+00
   3.5314303223924979e+00   5.6380231918158552e+00   3.0000000000000000e+00
   7.9950183615581984e+00   4.9721388390217536e+00   3.0000000000000000e+00
   4.6492998347271586e+00   1.8653533490371910e+00   3.0000000000000000e+00
   5.4054133126593609e+00   8.2021169850586517e+00   3.0000000000000000e+00
   4.4908527535801879e+00   6.3570796771695237e+00   3.0000000000000000e+00
   7.3049738700480660e+00   4.8651232304894476e+00   3.0000000000000000e+00
   4.1701687528760081e+00   3.3403778294572506e+00   3.0000000000000000e+00
   7.9070398609021142e+00   4.8103209406343330e+00   3.0000000000000000e+00
   4.8597422319817749e+00   9.6182655498282639e+00   3.0000000000000000e+00
   2.9235106354994800e+00   4.4128523888423201e+00   3.0000000000000000e+00
   6.2615571492308622e+00   4.8311224341509096e+00   3.0000000000000000e+00
   4.8285503989932632e+00   5.3953754448038325e+00   3.0000000000000000e+00
   6.3727041233577184e+00   4.8913228941661071e+00   3.0000000000000000e+00
   5.2536725497434063e+00   7.2169603701568263e+00   3.0000000000000000e+00
   5.6954941413964741e+00   4.7355808262012626e+00   3.0000000000000000e+00
   3.3425033587666588e+00   4.3123376937059819e+00   3.0000000000000000e+00
   8.1187931763191976e+00   5.4263536058060771e+00   3.0000000000000000e+00
   3.3835970965074225e+00   4.3722333792939345e+00   3.0000000000000000e+00
   5.0854879888307565e+00   5.0799306282130701e+00   3.0000000000000000e+00
   5.3761275955922940e+00   5.5977501035469253e+00   3.0000000000000000e+00
   6.6665838074981885e+00   5.1708250854189464e+00   3.0000000000000000e+00
   3.4776439332384834e-01   5.0541703030072131e+00   3.0000000000000000e+00
   6.6991706686544417e+00   4.7522271852578797e+00   3.0000000000000000e+00
   5.5375581183490930e+00   5.0488428541473009e+00   3.0000000000000000e+00
   8.3280477777450006e+00   4.7987498351877491e+00   3.0000000000000000e+00
   8.7862574329508245e+00   4.8470863428016733e+00   3.0000000000000000e+00
   5.2041835318510525e+00   6.7929519788632309e+00   3.0000000000000000e+00
   5.1318107588345772e+00   3.0372345832520811e+00   3.0000000000000000e+00
   5.3400282940871877e+00   8.1881524121346025e+00   3.0000000000000000e+00
   2.8732845594991785e+00   5.3589271818490056e+00   3.0000000000000000e+00
   4.7067276929355648e+00   7.0404662083069862e+00   3.0000000000000000e+00
   5.8597295807783292e+00   4.4306865305108447e+00   3.0000000000000000e+00
   6.9174010336935279e+00   5.7597032536488433e+00   3.0000000000000000e+00
   4.6395292559922456e+00   3.1374206260906847e+00   3.0000000000000000e+00
   8.7766401958547853e+00   5.0130645833391796e+00   3.0000000000000000e+00
   8.4144365341682441e+00   5.2443642930489904e+00   3.0000000000000000e+00
   8.2374933103488033e+00   5.3163813485599674e+00   3.0000000000000000e+00
   4.8387743715747060e+00   9.5079209561383706e+00   3.0000000000000000e+00
   5.0006161341981432e+00   3.0982818047485861e+00   3.0000000000000000e+00
   5.2974283203380264e+00   3.7513943211586365e+00   3.0000000000000000e+00
   4.4325373165923612e+00   3.0784820838836389e+00   3.0000000000000000e+00
   4.7586827083052921e+00   1.1128572023264072e+00   3.0000000000000000e+00
   4.7900119152429932e+00   2.9042759369676654e+00   3.0000000000000000e+00
   6.6603859123607645e+00   5.3088600849891634e+00   3.0000000000000000e+00
   4.7938831812649667e+00   8.9586378024413698e+00   3.0000000000000000e+00
   2.6466129110417347e+00   5.1454110520596652e+00   3.0000000000000000e+00
   4.8825385611792722e+00   7.5781135201406098e+00   3.0000000000000000e+00
   5.2749806613591765e+00   9.7772935653241415e+00   3.0000000000000000e+00
   3.4250386941466884e+00   4.2611667144968193e+00   3.0000000000000000e+00
   4.4292266151191004e+00   2.3313450641408018e+00   3.0000000000000000e+00
   3.2936054149333414e+00   4.1310484552255575e+00   3.0000000000000000e+00
   1.8336818268078758e-01   4.8184547677423462e+00   3.0000000000000000e+00
   5.8107873524262192e+00   5.2560033161596067e+00   3.0000000000000000e+00
   4.9362262175583655e+00   6.3486340354587889e-01   3.0000000000000000e+00
   8.4536503457213179e+00   5.1466392972471926e+00   3.0000000000000000e+00
   4.1515325240060825e+00   4.0908914790552577e+00   3.0000000000000000e+00
   4.3033098775135130e+00   3.0572000566042679e+00   3.0000000000000000e+00
   5.4253045444556678e+00   4.4060185209111369e+00   3.0000000000000000e+00
   4.7995685515881901e+00   7.7969970047070492e+00   3.0000000000000000e+00
   6.2449152166627062e+00   4.8166752560397654e+00   3.0000000000000000e+00
   6.2968610724273724e+00   5.7040530237655060e+00   3.0000000000000000e+00
   3.4056937260661204e+00   4.7868323132980368e+00   3.0000000000000000e+00
   5.4449742331116777e+00   5.4582365680054901e+00   3.0000000000000000e+00
   5.0620504219780935e+00   9.4691158692415627e+00   3.0000000000000000e+00
   6.4840815283188205e+00   4.5727085204442606e+00   3.0000000000000000e+00
   6.6898487473980461e+00   4.8141444597072400e+00   3.0000000000000000e+00
   3.9085915507124991e+00   3.7998419927865235e+00   3.0000000000000000e+00
   7.1911573954045540e+00   4.8023593890311229e+00   3.0000000000000000e+00
   6.4360483815930882e+00   4.4623031525954895e+00   3.0000000000000000e+00
   4.8289175992156474e+00   2.0232342160439218e+00   3.0000000000000000e+00
   6.6208766256407152e+00   4.5501705523152234e+00   3.0000000000000000e+00
   5.6531088709446129e+00   6.8211331302109119e+00   3.0000000000000000e+00
   4.8410386592506924e+00   5.9476287534358052e+00   3.0000000000000000e+00
   3.0116429704492731e+00   4.6180914760870087e+00   3.0000000000000000e+00
   1.6817578714711834e+00   4.5966071054974567e+00   3.0000000000000000e+00
   9.2657172166996453e+00   4.9520868103225082e+00   3.0000000000000000e+00
   5.0120707146215153e+00   1.9152123765545592e+00   3.0000000000000000e+00
   4.4609303496929869e+00   4.4620256719525466e+00   3.0000000000000000e+00
   5.7557127686253837e+00   4.9296038155112374e+00   3.0000000000000000e+00
   2.6450628831984524e+00   5.3115488870605310e+00   3.0000000000000000e+00
   6.6501557338647332e+00   5.4520251538813289e+00   3.0000000000000000e+00
   4.2885588057927704e+00   3.0616253795884196e+00   3.0000000000000000e+00
   9.8467924329549428e-02   4.9764510194325471e+00   3.0000000000000000e+00
   6.7134450244980934e+00   5.5290270497246450e+00   3.0000000000000000e+00
   5.2801248313962965e+00   8.2181121899558214e+00   3.0000000000000000e+00
   4.6099354034983246e+00   2.9196357291573491e+00   3.0000000000000000e+00
   1.9399034304777096e+00   4.7619513620708780e+00   3.0000000000000000e+00
   5.0055210950540694e+00   4.0439204385954266e+00   3.0000000000000000e+00
   4.8677626478046907e+00   6.8349254608709407e+00   3.0000000000000000e+00
   4.8685788883837393e+00   4.5393954719840455e+00   3.0000000000000000e+00
   6.1427148054732523e+00   4.9012998910340100e+00   3.0000000000000000e+00
   4.9802593949452696e+00   3.7511141708572726e-02   3.0000000000000000e+00
   5.1906173305064751e-01   4.7457907175661420e+00   3.0000000000000000e+00
   5.1548723481834369e+00   2.5891944921171994e+00   3.0000000000000000e+00
   4.2640040584390260e+00   3.0803173491102633e+00   3.0000000000000000e+00
   2.1188620705310788e+00   5.0896350083533202e+00   3.0000000000000000e+00
   2.4896806266115359e+00   4.7200559821484518e+00   3.0000000000000000e+00
   5.0488909176685528e+00   3.6631196504525909e+00   3.0000000000000000e+00
   6.0365417053623389e+00   4.8539614194019780e+00   3.0000000000000000e+00
   5.0164890602319883e+00   5.5483049489480329e+00   3.0000000000000000e+00
   5.5043158053620056e+00   5.4723190898430900e+00   3.0000000000000000e+00
   7.1517631314180754e+00   4.5479425760342025e+00   3.0000000000000000e+00
   5.9028374473773066e+00   5.4246653845643369e+00   3.0000000000000000e+00
   3.5147929291712443e+00   4.4155316776912636e+00   3.0000000000000000e+00
   6.0015068504672078e+00   4.7108356379061931e+00   3.0000000000000000e+00
   6.4500968814549706e+00   5.1623768157979280e+00   3.0000000000000000e+00
   4.9275585795916497e+00   2.2168200646405900e-01   3.0000000000000000e+00
   6.3641293283755669e+00   5.5377727022904892e+00   3.0000000000000000e+00
   5.0381153658326374e+00   9.5752011720548946e+00   3.0000000000000000e+00
   7.0887851100124601e+00   4.6086603063349045e+00   3.0000000000000000e+00
   3.7621787664011741e+00   4.4233676872489394e+00   3.0000000000000000e+00
   4.9850564520288358e+00   8.4746975266551594e+00   3.0000000000000000e+00
   5.5948653443046616e+00   5.7949279887047904e+00   3.0000000000000000e+00
   7.3054785527196184e+00   4.8311867990963195e+00   3.0000000000000000e+00
   5.2452152803597656e+00   2.2210827627307248e+00   3.0000000000000000e+00
   4.9691267342991079e+00   8.4785191033369234e-01   3.0000000000000000e+00
   7.3153214862282354e+00   4.8382830736910840e+00   3.0000000000000000e+00
   4.6356043062394239e+00   2.8979945273402539e+00   3.0000000000000000e+00
   1.0932963587762834e+00   5.1148000595063685e+00   3.0000000000000000e+00
   4.3920392709488461e+00   5.0684182521711474e+00   3.0000000000000000e+00
   4.6284449982932196e+00   2.2610526434791813e+00   3.0000000000000000e+00
   5.8487702422479515e+00   4.1743767198593922e+00   3.0000000000000000e+00
   1.1134326932011140e+00   4.8601987411799303e+00   3.0000000000000000e+00
   1.0257618155843551e+00   5.1164580445525019e+00   3.0000000000000000e+00
   4.6047915934663175e+00   4.6356450506545439e+00   3.0000000000000000e+00
   4.1781408193521505e+00   4.8173291842488188e+00   3.0000000000000000e+00
   5.8364224015900987e+00   4.1821554974265451e+00   3.0000000000000000e+00
   3.8241333912506215e+00   4.1775854787381501e+00   3.0000000000000000e+00
   5.5417863774257992e+00   6.6607437359337496e+00   3.0000000000000000e+00
   5.1913922888969264e+00   6.7812025968973355e+00   3.0000000000000000e+00
   8.2189606679608307e+00   6.6526743713632177e+00   4.0000000000000000e+00
   6.7108982884828077e+00   8.2456979293355399e+00   4.0000000000000000e+00
   6.1611953920721767e+00   8.7646738309940080e+00   4.0000000000000000e+00
   6.6940359427304097e+00   7.8622984694257543e+00   4.0000000000000000e+00
   5.7729110420044050e+00   7.1621873897985697e+00   4.0000000000000000e+00
   6.2958431714453962e+00   6.2557492475011571e+00   4.0000000000000000e+00
   9.9501894060966620e+00   5.5097338796446689e+00   4.0000000000000000e+00
   7.3037022078664222e+00   5.8880331655267000e+00   4.0000000000000000e+00
   5.8998095221028581e+00   9.9851907753201967e+00   4.0000000000000000e+00
   7.8110652600494586e+00   5.6516246201059026e+00   4.0000000000000000e+00
   5.3985520800558060e+00   9.0216352658253776e+00   4.0000000000000000e+00
   4.2169937442905594e+00   7.3153278666872046e-01   4.0000000000000000e+00
   1.1165714608878374e+00   4.1807105617375138e+00   4.0000000000000000e+00
   3.7444799583197321e+00   1.6930385599016839e+00   4.0000000000000000e+00
   5.7520064762167822e+00   9.0406919741125300e+00   4.0000000000000000e+00
   6.5179757037254715e+00   6.2315090043135202e+00   4.0000000000000000e+00
   7.4146953927043686e+00   7.4519907043020828e+00   4.0000000000000000e+00
   4.2494573540833898e+00   2.5189299897242279e+00   4.0000000000000000e+00
   3.7415100783639375e+00   3.4202670363600909e+00   4.0000000000000000e+00
   9.4420128088737112e+00   6.0371806983595535e+00   4.0000000000000000e+00
   4.4558858201431706e+00   1.9990916053138619e+00   4.0000000000000000e+00
   5.7190636797297856e+00   7.3038207262375723e+00   4.0000000000000000e+00
   2.3048854613771184e+00   3.7665795291562478e+00   4.0000000000000000e+00
   6.6323415285891691e+00   8.0986580685949097e+00   4.0000000000000000e+00
   5.8596313869287942e+00   7.5902552531878396e+00   4.0000000000000000e+00
   8.5610057288284191e-01   3.7771409113573098e+00   4.0000000000000000e+00
   3.2893811465443346e+00   4.0824595694120216e+00   4.0000000000000000e+00
   5.8130437143431135e-01   4.4330412828991239e+00   4.0000000000000000e+00
   6.1355422204546333e+00   7.2905785792306812e+00   4.0000000000000000e+00
   7.5965892068539000e+00   6.9105480040021563e+00   4.0000000000000000e+00
   3.2404558693284868e+00   3.3659853954973782e+00   4.0000000000000000e+00
   3.4651543273966237e+00   3.2528028496785599e+00   4.0000000000000000e+00
   4.2213556923218150e+00   1.3648344674893897e+00   4.0000000000000000e+00
   6.2698495038183788e+00   9.1244044238835773e+00   4.0000000000000000e+00
   1.8251824280119766e+00   3.7827944495100985e+00   4.0000000000000000e+00
   4.3968235066785164e+00   2.4692686310865430e+00   4.0000000000000000e+00
   6.5761203960356474e+00   6.9450929886054897e+00   4.0000000000000000e+00
   2.3927016795734311e+00   3.1640796262867319e+00   4.0000000000000000e+00
   5.5874951689647343e+00   8.4416573726560920e+00   4.0000000000000000e+00
   6.2050062634138463e+00   8.6738018812842093e+00   4.0000000000000000e+00
   4.5646305185664424e+00   6.9904999141396917e-01   4.0000000000000000e+00
   3.6871807597474660e-01   4.0326711203061683e+00   4.0000000000000000e+00
   5.6477176822674826e+00   8.6308782414070606e+00   4.0000000000000000e+00
   8.5875602795416617e-01   3.6596601925835301e+00   4.0000000000000000e+00
   1.8631738847223334e+00   3.8019546913392399e+00   4.0000000000000000e+00
   4.5365502417620824e+00   1.6337879911992526e+00   4.0000000000000000e+00
   3.6812235560411977e+00   3.6944471699618697e+00   4.0000000000000000e+00
   5.9617548147703854e+00   8.6608007421184858e+00   4.0000000000000000e+00
   3.3606881823269408e+00   2.8333547580322538e+00   4.0000000000000000e+00
   4.0294511450685979e+00   3.1835054443551747e+00   4.0000000000000000e+00
   5.7490871046662226e+00   8.2716442765061498e+00   4.0000000000000000e+00
   3.0207777705806329e+00   3.5732732556960753e+00   4.0000000000000000e+00
   3.7577126288858222e+00   2.6758201152343264e+00   4.0000000000000000e+00
   4.3166807966915801e+00   7.3724709378112041e-01   4.0000000000000000e+00
   7.2795954745229596e-01   4.2574418568231067e+00   4.0000000000000000e+00
   2.8139954944620973e+00   2.3365818849228659e+00   4.0000000000000000e+00
   3.6052836095547871e+00   3.7069654094374327e+00   4.0000000000000000e+00
   1.9758212857619006e+00   3.7692572759367082e+00   4.0000000000000000e+00
   1.1698565263572369e+00   3.9610746969357660e+00   4.0000000000000000e+00
   5.7857414525327053e+00   9.7777816939134592e+00   4.0000000000000000e+00
   5.6550917536410150e+00   9.2151166526413615e+00   4.0000000000000000e+00
   4.5444010412654912e+00   8.7691090472098887e-01   4.0000000000000000e+00
   2.8402472455314873e+00   3.5845433292687168e+00   4.0000000000000000e+00
   2.0288109776169518e+00   3.2855956617055302e+00   4.0000000000000000e+00
   2.1877385407330605e+00   4.0629863915195923e+00   4.0000000000000000e+00
   8.0973769370006323e+00   5.8495315279978222e+00   4.0000000000000000e+00
   9.4317970087208032e+00   6.0043677478485211e+00   4.0000000000000000e+00
   2.0761385646473762e+00   4.4082820209349496e+00   4.0000000000000000e+00
   8.0647922846371003e+00   6.8684786395218334e+00   4.0000000000000000e+00
   4.4969890689958572e+00   1.1029508043079250e+00   4.0000000000000000e+00
   2.1854045630104721e+00   3.8155135242448979e+00   4.0000000000000000e+00
   2.5155130692804395e-01   4.3077902340635603e+00   4.0000000000000000e+00
   7.4835707237470128e-01   3.8166314059102548e+00   4.0000000000000000e+00
   3.2279315323373847e+00   3.0933540088135603e+00   4.0000000000000000e+00
   9.4008891456652810e-01   3.6059806873935907e+00   4.0000000000000000e+00
   8.1094923484333901e+00   6.4933276430896036e+00   4.0000000000000000e+00
   5.5593308039340066e+00   8.3897315338362191e+00   4.0000000000000000e+00
   2.6448115655741864e+00   2.9901646324258238e+00   4.0000000000000000e+00
   2.6020837069164537e+00   2.7717497684137973e+00   4.0000000000000000e+00
   8.9825086304778345e+00   6.4031611577112653e+00   4.0000000000000000e+00
   6.1932400959132270e+00   8.8576665609300846e+00   4.0000000000000000e+00
   2.4366338882413952e+00   3.4911469218210902e+00   4.0000000000000000e+00
   5.8045870486889921e+00   6.8356715032676707e+00   4.0000000000000000e+00
   4.5800110563256862e+00   7.3020612589425160e-01   4.0000000000000000e+00
   8.4080353136500605e+00   6.4721662982047921e+00   4.0000000000000000e+00
   4.2708927485456911e+00   1.7886722210645145e+00   4.0000000000000000e+00
   7.7715803053940817e+00   6.4292599763109930e+00   4.0000000000000000e+00
   5.6733278102680114e+00   7.8256532549590609e+00   4.0000000000000000e+00
   4.1554504991622956e+00   7.8292351598546306e-01   4.0000000000000000e+00
   5.8516917763518901e+00   7.2089823419459389e+00   4.0000000000000000e+00
   7.2596707612445188e+00   6.3632653590390307e+00   4.0000000000000000e+00
   5.6543105648112650e+00   8.8266086995055417e+00   4.0000000000000000e+00
   5.3685573638140802e+00   9.4958474357640146e+00   4.0000000000000000e+00
   1.2701869673479271e+00   3.8249144776106081e+00   4.0000000000000000e+00
   8.2185502101526637e+00   6.8372178833820278e+00   4.0000000000000000e+00
   3.6843139022624860e+00   1.7555949585800312e+00   4.0000000000000000e+00
   7.9298145560804114e+00   5.8601138995409521e+00   4.0000000000000000e+00
   7.2972025902713433e+00   6.0225544448790860e+00   4.0000000000000000e+00
   4.3887075494462824e+00   1.7949906194118426e+00   4.0000000000000000e+00
   6.3295810032477648e+00   6.4999835964439603e+00   4.0000000000000000e+00
   2.7512722878411324e+00   3.2096259386545158e+00   4.0000000000000000e+00
   4.0467383972787285e+00   3.4919530052682668e-01   4.0000000000000000e+00
   7.4221962279360865e+00   6.2433503718952634e+00   4.0000000000000000e+00
   8.5294348981354506e+00   6.1406168378294437e+00   4.0000000000000000e+00
   3.4130662573780643e+00   3.0374428398993492e+00   4.0000000000000000e+00
   2.9834129958754483e+00   3.6448052858227364e+00   4.0000000000000000e+00
   6.3207846701786332e+00   9.1977616219731519e+00   4.0000000000000000e+00
   2.8785558474885162e+00   3.3711436064811604e+00   4.0000000000000000e+00
   2.0916082836196970e+00   3.9442869254233646e+00   4.0000000000000000e+00
   3.4492328036404638e+00   1.6138583259134398e+00   4.0000000000000000e+00
   1.4635362537667063e-01   3.9155409017722009e+00   4.0000000000000000e+00
   3.3844042751673999e+00   1.4283770365641757e+00   4.0000000000000000e+00
   4.3737527736416411e+00   1.4566562656333537e+00   4.0000000000000000e+00
   2.9272455647840143e+00   3.1180216006803727e+00   4.0000000000000000e+00
   5.7363700443727774e+00   8.7332513821177589e+00   4.0000000000000000e+00
   3.2322033987815213e+00   3.8660468902377176e+00   4.0000000000000000e+00
   7.6282655294590027e+00   6.0866133366233033e+00   4.0000000000000000e+00
   6.8548548291470723e+00   6.5283124845488221e+00   4.0000000000000000e+00
   3.6231049170069616e+00   1.5258834586016823e+00   4.0000000000000000e+00
   6.1850631549726751e+00   6.3923312997790580e+00   4.0000000000000000e+00
   3.8964588467500971e+00   7.8093241454478046e-01   4.0000000000000000e+00
   2.8985094139459133e+00   3.2552317285778831e+00   4.0000000000000000e+00
   5.3838475132679751e+00   9.1997373209335827e+00   4.0000000000000000e+00
   6.4164084937920141e+00   8.3242695894574652e+00   4.0000000000000000e+00
   6.4141060280553672e+00   8.9740446845510942e+00   4.0000000000000000e+00
   3.7735730742650073e+00   3.5458235472944866e+00   4.0000000000000000e+00
   3.4443712789802783e+00   1.5897896870214634e+00   4.0000000000000000e+00
   3.8370717816047728e+00   2.1276701575257539e+00   4.0000000000000000e+00
   8.1234689508944022e+00   6.6287187440928905e+00   4.0000000000000000e+00
   8.9645168617761559e+00   5.6671051752349051e+00   4.0000000000000000e+00
   6.5254289745223746e+00   7.5555026207296763e+00   4.0000000000000000e+00
   5.9968119769523165e+00   7.7365822237978721e+00   4.0000000000000000e+00
   3.8497280793244393e+00   3.2183431788668839e+00   4.0000000000000000e+00
   2.3638262138399293e+00   4.0694762666020710e+00   4.0000000000000000e+00
   4.4359648394194329e+00   2.0427210035163155e+00   4.0000000000000000e+00
   9.6484033312355888e-01   3.8092203685329942e+00   4.0000000000000000e+00
   6.0467813353105262e+00   8.1023723402970074e+00   4.0000000000000000e+00
   7.6474567067868477e+00   7.0411103938470525e+00   4.0000000000000000e+00
   8.1369794495904575e+00   6.8091701795940445e+00   4.0000000000000000e+00
   3.7510654767816720e+00   1.5733978201868581e+00   4.0000000000000000e+00
   8.7798727429674024e+00   6.2999271318169043e+00   4.0000000000000000e+00
   3.1088572396268099e+00   2.0944652278591400e+00   4.0000000000000000e+00
   2.1688545055676589e+00   3.2714691637531823e+00   4.0000000000000000e+00
   2.8628894479811882e+00   2.7635451791014698e+00   4.0000000000000000e+00
   3.8691774467381777e+00   1.9531787644875120e+00   4.0000000000000000e+00
   6.3578125762153048e+00   8.2850538342844544e+00   4.0000000000000000e+00
   4.1363064969720851e+00   2.3370773446895021e+00   4.0000000000000000e+00
   9.3776045842146587e+00   5.9527195164521647e+00   4.0000000000000000e+00
   7.4220844475290280e+00   7.2789328271199398e+00   4.0000000000000000e+00
   3.9030968070720506e+00   2.6373156190812539e+00   4.0000000000000000e+00
   2.5748178200409120e+00   2.6093884617839458e+00   4.0000000000000000e+00
   5.9444214120227459e+00   9.3668365073117350e+00   4.0000000000000000e+00
   8.1800011594384472e+00   6.5507620898596484e+00   4.0000000000000000e+00
   4.3922849029542927e+00   9.3026297044609518e-01   4.0000000000000000e+00
   5.9720573794513134e+00   7.8022526694223924e+00   4.0000000000000000e+00
   9.5029006830018616e+00   6.2128820856931011e+00   4.0000000000000000e+00
   5.8510123159534526e+00   7.3614381160463038e+00   4.0000000000000000e+00
   3.5520023002063326e+00   1.9799385167528327e+00   4.0000000000000000e+00
   3.8860670417540346e+00   1.0661970416823141e+00   4.0000000000000000e+00
   6.2878860272392014e+00   9.1056084468616731e+00   4.0000000000000000e+00
   4.0056527066286742e+00   2.0262693520619912e+00   4.0000000000000000e+00
   3.5523237462628132e+00   3.4712703405120990e+00   4.0000000000000000e+00
   1.1968115637544374e+00   4.1830146998624311e+00   4.0000000000000000e+00
   3.7868011691039651e+00   1.2733369156303609e+00   4.0000000000000000e+00
   8.4360720957104292e+00   6.0972956473140414e+00   4.0000000000000000e+00
   8.2096518921754207e+00   5.9620364086823452e+00   4.0000000000000000e+00
   4.2569106182962262e+00   1.6085297508599405e+00   4.0000000000000000e+00
   5.6532325543391071e+00   9.7946548031572860e+00   4.0000000000000000e+00
   5.7173105621236164e+00   7.8990024920656445e+00   4.0000000000000000e+00
   8.9691226764482934e+00   6.1565266214526249e+00   4.0000000000000000e+00
   1.7076080754505030e+00   4.0490759035335753e+00   4.0000000000000000e+00
   1.0980820219481657e-01   4.2139195204878757e+00   4.0000000000000000e+00
   3.4399285335364551e+00   3.7056515257238845e+00   4.0000000000000000e+00
   3.7505369129292809e+00   2.5294290940202968e-01   4.0000000000000000e+00
   6.1605896840899526e+00   6.8126557998369810e+00   4.0000000000000000e+00
   6.2496575620996309e+00   7.2179640144998434e+00   4.0000000000000000e+00
   2.9233703308377814e+00   3.2046398625452124e+00   4.0000000000000000e+00
   6.3204469896744628e+00   6.2710646125780167e+00   4.0000000000000000e+00
   7.7180277057657687e+00   5.7283120418918276e+00   4.0000000000000000e+00
   3.3117479539195962e+00   1.6677580622829080e+00   4.0000000000000000e+00
   6.8565178082299703e+00   6.9865110259454042e+00   4.0000000000000000e+00
   3.6993341110873268e-01   4.1070012403794287e+00   4.0000000000000000e+00
   4.3814049357968496e+00   2.0414677969326056e+00   4.0000000000000000e+00
   4.2117794723170396e+00   4.8704644457087110e-02   4.0000000000000000e+00
   7.6788326288781228e+00   5.7772852325997253e+00   4.0000000000000000e+00
   3.4978020796647282e+00   1.3881621378426534e+00   4.0000000000000000e+00
   3.3824505620562970e+00   2.0110861574292715e+00   4.0000000000000000e+00
   8.2615165929837993e+00   6.6056998430899618e+00   4.0000000000000000e+00
   9.3819454524465424e+00   5.9231587838986943e+00   4.0000000000000000e+00
   4.2959432456009972e-01   3.8426855517326364e+00   4.0000000000000000e+00
   8.8950022619149802e+00   5.9220583499847068e+00   4.0000000000000000e+00
   3.3398113021017393e+00   1.5446634884131782e+00   4.0000000000000000e+00
   4.3920075499218747e+00   1.4599407699611511e+00   4.0000000000000000e+00
   4.2173913325278782e+00   1.5263149915965135e+00   4.0000000000000000e+00
   1.5317323348686340e+00   3.8297131445867882e+00   4.0000000000000000e+00
   8.0023794161223289e+00   6.6439133685209910e+00   4.0000000000000000e+00
   8.3549901850051747e+00   6.8859962357193787e+00   5.0000000000000000e+00
   9.3995944757063103e+00   9.6023357593877652e+00   5.0000000000000000e+00
   1.9309344565910724e+00   1.2987109985173273e-01   5.0000000000000000e+00
   3.0838864971871383e-01   1.7608997604280374e+00   5.0000000000000000e+00
   6.8501899170400247e+00   8.4460201588014865e+00   5.0000000000000000e+00
   7.4713823496880138e+00   9.0675930409568970e+00   5.0000000000000000e+00
   4.2767239782328437e-01   1.8513073257860668e+00   5.0000000000000000e+00
   1.1213744573887452e+00   2.8398791485557453e+00   5.0000000000000000e+00
   7.9061583085634588e+00   7.9519370158681335e+00   5.0000000000000000e+00
   2.9928904395241798e+00   1.5005014792982241e+00   5.0000000000000000e+00
   3.7558479646561826e+00   1.8934364802549286e-01   5.0000000000000000e+00
   1.8667921818619582e+00   1.4963107894153216e+00   5.0000000000000000e+00
   8.0535139871263919e+00   9.1857672510891994e+00   5.0000000000000000e+00
   9.9005303364294903e+00   9.7131762142860367e+00   5.0000000000000000e+00
   2.6211858313721614e+00   1.0076307017598207e-01   5.0000000000000000e+00
   1.0447494815664848e+00   2.4671136948809993e+00   5.0000000000000000e+00
   2.3879038783816098e+00   2.0673948221615381e+00   5.0000000000000000e+00
   9.0135191982308367e+00   7.4652378487589157e+00   5.0000000000000000e+00
   9.5279194968275753e+00   6.6489914705873341e+00   5.0000000000000000e+00
   9.2049878834368588e+00   9.6192696722694908e+00   5.0000000000000000e+00
   3.1393415250367651e+00   3.6376753942038431e-01   5.0000000000000000e+00
   4.2125133891034339e-01   1.0472600889365891e+00   5.0000000000000000e+00
   8.8242386744266952e+00   7.8619506181769596e+00   5.0000000000000000e+00
   9.5090620974323192e-01   3.1758744332000388e+00   5.0000000000000000e+00
   1.3052242528740932e-01   2.3853736833558612e+00   5.0000000000000000e+00
   6.8665675442099179e+00   9.4483118081044317e+00   5.0000000000000000e+00
   9.0773753467847449e+00   9.3011004578727334e+00   5.0000000000000000e+00
   1.5202780399525173e+00   4.3648243933645192e-01   5.0000000000000000e+00
   7.1726998453394577e+00   9.0505138501738021e+00   5.0000000000000000e+00
   2.3343672122297763e+00   2.2381671101803735e+00   5.0000000000000000e+00
   9.3124088800976281e+00   7.4972003626235209e+00   5.0000000000000000e+00
   1.1658832088486748e+00   2.7399345868199312e+00   5.0000000000000000e+00
   9.1591875031163941e+00   9.9628616507704386e+00   5.0000000000000000e+00
   1.8924499452899979e-01   2.7917545729034576e+00   5.0000000000000000e+00
   3.5630223610734202e-02   2.3535210223395442e-02   5.0000000000000000e+00
   7.2142040391457494e+00   9.7791657596709651e+00   5.0000000000000000e+00
   2.1025488009683846e+00   2.4320957659611353e+00   5.0000000000000000e+00
   1.9036771778477402e-01   2.7634399755539718e+00   5.0000000000000000e+00
   7.7373043627680493e+00   9.2336174398173245e+00   5.0000000000000000e+00
   1.6605418825783314e+00   7.1986125961991609e-01   5.0000000000000000e+00
   2.9846970136849027e+00   1.2055854906635177e+00   5.0000000000000000e+00
   2.2260473986567577e+00   1.6495390208021876e+00   5.0000000000000000e+00
   1.8113421349337988e+00   1.4113306580995022e+00   5.0000000000000000e+00
   9.9751518588035211e+00   9.7595351123573550e+00   5.0000000000000000e+00
   9.1579533242838238e+00   8.5905021671701736e+00   5.0000000000000000e+00
   9.6372890612988655e+00   7.7103771123156566e+00   5.0000000000000000e+00
   1.2788915411556456e+00   2.4260190714891250e+00   5.0000000000000000e+00
   4.8370185526135367e-01   1.5443719950762280e+00   5.0000000000000000e+00
   8.4638335303506835e+00   8.7353991499913484e+00   5.0000000000000000e+00
   1.2957665570050148e+00   3.1025206898581690e+00   5.0000000000000000e+00
   9.8148434424059374e+00   7.8077056205255886e+00   5.0000000000000000e+00
   1.1015098818689240e+00   1.7328528338321381e+00   5.0000000000000000e+00
   8.2926167697215050e+00   9.6111407987052129e+00   5.0000000000000000e+00
   8.7903987159201744e+00   7.6121623425551341e+00   5.0000000000000000e+00
   2.2217917677758914e+00   3.7760393440496309e-01   5.0000000000000000e+00
   8.8368981753395506e+00   7.1005470408996629e+00   5.0000000000000000e+00
   2.4305637925629133e+00   8.9629756763681789e-01   5.0000000000000000e+00
   8.2416307779512703e+00   7.4988961138648582e+00   5.0000000000000000e+00
   9.3378310342087083e+00   8.5563305091833453e+00   5.0000000000000000e+00
   9.8307522025615892e+00   7.6283948483350281e+00   5.0000000000000000e+00
   5.8504853317843164e-01   1.9758657155781967e+00   5.0000000000000000e+00
   9.0549417384693438e+00   7.5767339260097719e+00   5.0000000000000000e+00
   8.2257960644798818e+00   7.5098790002032665e+00   5.0000000000000000e+00
   6.5772111348075404e+00   9.7252852486357106e+00   5.0000000000000000e+00
   8.4642209304429645e+00   9.7677746857766543e+00   5.0000000000000000e+00
   2.8014027397605901e+00   7.8032184092391987e-01   5.0000000000000000e+00
   6.6196720354660759e+00   9.0575775364258284e+00   5.0000000000000000e+00
   8.5332478648363317e+00   7.0478813560609197e+00   5.0000000000000000e+00
   9.1782279603859092e+00   9.7521950555832575e+00   5.0000000000000000e+00
   2.4063724780795734e+00   1.5893956642279083e+00   5.0000000000000000e+00
   9.7701684429295970e+00   8.0674747489086975e+00   5.0000000000000000e+00
   2.9607815707283325e-01   1.8428525796807871e-01   5.0000000000000000e+00
   9.5986692565986189e+00   9.0494291865327785e+00   5.0000000000000000e+00
   9.8783277485886938e+00   7.2122323994727910e+00   5.0000000000000000e+00
   3.0144534672157395e+00   1.3088566970809001e+00   5.0000000000000000e+00
   9.8217853368486487e+00   6.6809741222104364e+00   5.0000000000000000e+00
   2.5517518385995572e+00   1.1112348587174548e+00   5.0000000000000000e+00
   8.8032850642283691e+00   7.4030711264452425e+00   5.0000000000000000e+00
   8.9874579908389727e+00   6.6536415611364887e+00   5.0000000000000000e+00
   1.0960749240664336e+00   3.0153448523586492e+00   5.0000000000000000e+00
   1.4574840860792526e+00   3.0743138011080418e-01   5.0000000000000000e+00
   7.2492753994044907e+00   8.8163549453764745e+00   5.0000000000000000e+00
   9.3587409127765699e+00   7.2972422857153108e+00   5.0000000000000000e+00
   6.4375040240166435e+00   9.9464170044465430e+00   5.0000000000000000e+00
   9.0472425928852296e+00   8.5273261294161564e+00   5.0000000000000000e+00
   4.9456225304068679e-01   3.4345814084775892e+00   5.0000000000000000e+00
   7.1346432477565545e+00   9.6396359915555720e+00   5.0000000000000000e+00
   1.6957887413924855e+00   5.5578966942137265e-01   5.0000000000000000e+00
   2.0129464722779544e+00   2.2008615579852018e+00   5.0000000000000000e+00
   7.7788625220776906e+00   8.8317451308319654e+00   5.0000000000000000e+00
   8.0415259675605792e+00   7.4383119382437908e+00   5.0000000000000000e+00
   8.2387038542080049e+00   7.2006595299710074e+00   5.0000000000000000e+00
   6.8168526346947420e+00   9.6397440866984514e+00   5.0000000000000000e+00
   5.4239618450730664e-01   2.3841370981514496e+00   5.0000000000000000e+00
   9.4199678728318652e+00   7.7474665897343229e+00   5.0000000000000000e+00
   2.9660583386496233e+00   7.8876309518689069e-01   5.0000000000000000e+00
   1.4666967873196879e+00   4.9681597614840478e-01   5.0000000000000000e+00
   6.9277382572392767e+00   9.3929681319612381e+00   5.0000000000000000e+00
   1.1843732621072944e+00   3.4112577464787455e+00   5.0000000000000000e+00
   1.5207902507913340e+00   9.1984424887935456e-01   5.0000000000000000e+00
   2.1979935231146621e+00   1.4258332391686723e-02   5.0000000000000000e+00
   2.4980862525727190e+00   1.9296600103512751e+00   5.0000000000000000e+00
   7.2260416332334039e+00   8.7092850351847435e+00   5.0000000000000000e+00
   9.1058252445318182e+00   6.5596655040114138e+00   5.0000000000000000e+00
   8.1533732639370253e+00   9.3188026458921769e+00   5.0000000000000000e+00
   4.9331626005256202e-01   8.3668798677818956e-01   5.0000000000000000e+00
   9.8689530839594539e+00   9.7147406251213297e+00   5.0000000000000000e+00
   3.7308739169292862e+00   2.8761050399620069e-01   5.0000000000000000e+00
   8.2914567311087928e-01   3.0779927310136768e+00   5.0000000000000000e+00
   9.7145611674060977e+00   8.8263048073193708e+00   5.0000000000000000e+00
   8.5216254037880930e+00   8.6267091612486873e+00   5.0000000000000000e+00
   2.7135218328120745e+00   6.1711085271856758e-01   5.0000000000000000e+00
   1.4938527899578613e-01   1.8537255402142117e+00   5.0000000000000000e+00
   2.1389192084495470e+00   2.1232573807866895e+00   5.0000000000000000e+00
   1.2456372910082614e-01   2.4492008930632525e+00   5.0000000000000000e+00
   1.7848171904756294e+00   3.0265813143704268e+00   5.0000000000000000e+00
   1.2605103303898302e+00   9.5047089075461444e-01   5.0000000000000000e+00
   9.3601802029980838e+00   6.4594207231641008e+00   5.0000000000000000e+00
   1.6097086262774196e+00   1.0789810821779378e+00   5.0000000000000000e+00
   7.4251338816595034e+00   9.5089807450459158e+00   5.0000000000000000e+00
   1.1519549146409547e+00   1.0926027208001310e+00   5.0000000000000000e+00
   9.7589650532669374e+00   7.1253326869674547e+00   5.0000000000000000e+00
   8.3569610733358619e+00   8.9777886989707465e+00   5.0000000000000000e+00
   7.9607479314121949e+00   7.1130373334257868e+00   5.0000000000000000e+00
   2.4579541267138163e+00   1.4816501648957381e+00   5.0000000000000000e+00
   7.0647667219150758e+00   9.8521563647956469e+00   5.0000000000000000e+00
   5.3560239346923999e-01   2.4983316417958590e+00   5.0000000000000000e+00
   9.0877924709036009e+00   7.2059861058352830e+00   5.0000000000000000e+00
   8.6718655115782823e+00   9.5288941183855798e+00   5.0000000000000000e+00
   7.7284618785369830e+00   9.3493299264445255e+00   5.0000000000000000e+00
   1.7172981213352645e+00   3.1168415116696435e+00   5.0000000000000000e+00
   8.8061932251658419e+00   9.4603304506399120e+00   5.0000000000000000e+00
   1.2752449019348078e+00   8.8319135337062149e-01   5.0000000000000000e+00
   2.0882536924863047e+00   2.6661082235008635e+00   5.0000000000000000e+00
   7.2750241321049955e+00   8.6936963866662946e+00   5.0000000000000000e+00
   2.0827885896058573e+00   2.6492534363070175e+00   5.0000000000000000e+00
   8.2914546369252093e+00   7.3943475827922480e+00   5.0000000000000000e+00
   7.3195574386078270e+00   8.7245727927360424e+00   5.0000000000000000e+00
   3.3301833864610786e+00   2.4446818881240784e-03   5.0000000000000000e+00
   9.7597462715082468e+00   6.6032766647201990e+00   5.0000000000000000e+00
   1.3202872554112688e+00   1.9918364034217173e+00   5.0000000000000000e+00
   9.4018171489901032e+00   7.3421289038945687e+00   5.0000000000000000e+00
   1.3132432924805726e+00   5.0444047005234749e-01   5.0000000000000000e+00
   9.1537166051357644e-01   5.9847508683718798e-01   5.0000000000000000e+00
   3.2120161916812173e+00   1.0746414393690873e+00   5.0000000000000000e+00
   3.3447847482431348e-01   3.5846251237553819e+00   5.0000000000000000e+00
   2.2897384058574746e+00   1.6825357042454980e+00   5.0000000000000000e+00
   7.4641852860447671e+00   9.2057143931524639e+00   5.0000000000000000e+00
   1.6441377540578506e-01   4.8275081581652279e-01   5.0000000000000000e+00
   7.4474115150036324e-01   7.2697603113281217e-01   5.0000000000000000e+00
   9.9943390833673043e+00   8.5511548019007275e+00   5.0000000000000000e+00
   7.0700374431782897e+00   8.6262962757164594e+00   5.0000000000000000e+00
   9.6723180919067531e+00   7.1648791119903041e+00   5.0000000000000000e+00
   9.5627837263317392e+00   8.7355837183371747e+00   5.0000000000000000e+00
   1.2097573276694140e-01   2.7689345600769211e+00   5.0000000000000000e+00
   9.1667671651459308e+00   9.3460540809059136e+00   5.0000000000000000e+00
   7.3546302019758647e-01   2.3145861646966992e+00   5.0000000000000000e+00
   6.6527045609790614e+00   9.0095794101791373e+00   5.0000000000000000e+00
   1.2501326770126731e+00   2.3126371839315842e+00   5.0000000000000000e+00
   1.9530173729966693e+00   1.1262936918695632e+00   5.0000000000000000e+00
   1.7112928569845332e+00   8.2702097075100234e-02   5.0000000000000000e+00
   9.3027294332612165e+00   8.8141071588925808e+00   5.0000000000000000e+00
   9.8275101145917887e+00   9.1000165826094950e+00   5.0000000000000000e+00
   2.3193461326362916e+00   1.5318602040217510e+00   5.0000000000000000e+00
   7.0166600565862436e-01   1.1046016465789432e+00   5.0000000000000000e+00
   7.0572396105850892e+00   8.0961267214635502e+00   5.0000000000000000e+00
   9.6011594825760067e+00   7.4954181067920880e+00   5.0000000000000000e+00
   9.8929893662414461e+00   6.6955690039127838e+00   5.0000000000000000e+00
   1.1237206219594642e+00   2.7898638740724238e+00   5.0000000000000000e+00
   1.8372141885409432e+00   1.9646678322206534e+00   5.0000000000000000e+00
   9.4985281659322158e+00   7.2071846333609866e+00   5.0000000000000000e+00
   9.8201927851562552e+00   6.5575678483371362e+00   5.0000000000000000e+00
   1.3176544961043934e+00   2.3578624783244551e+00   5.0000000000000000e+00
   1.9849384282290872e+00   2.9623670923155676e+00   5.0000000000000000e+00
   7.0293085069437788e+00   9.2483019693135056e+00   5.0000000000000000e+00
   1.3947987434213105e-01   2.1538340556238245e+00   5.0000000000000000e+00
   3.4903098690699217e+00   2.4299113714850051e-01   5.0000000000000000e+00
   8.6211952455569349e+00   7.1171703774030881e+00   5.0000000000000000e+00
   1.7446769578412291e-01   2.7043905694417769e+00   5.0000000000000000e+00
   3.3593868827718198e-01   2.2075027743226894e-02   5.0000000000000000e+00
   1.9810110964289918e+00   2.7891371073531781e+00   5.0000000000000000e+00
   9.5966215656474567e+00   9.1299141776327524e+00   5.0000000000000000e+00
   7.8198858171391827e-01   3.6036939660205380e-01   5.0000000000000000e+00
   8.0867359402919909e+00   9.0565132879833303e+00   5.0000000000000000e+00
   7.2622277745481085e+00   8.7728981852878682e+00   5.0000000000000000e+00
   3.2147428957970736e-01   1.9405779763797637e+00   5.0000000000000000e+00
   8.5713106060623705e+00   7.1476609705267951e+00   5.0000000000000000e+00
   8.6355481187086660e+00   8.3069187761773406e+00   5.0000000000000000e+00
   2.3019291526522343e+00   6.8563663257301788e-01   5.0000000000000000e+00
   8.9768390901395563e+00   6.5763093722160413e+00   5.0000000000000000e+00
   8.7179050028520422e+00   8.7344079577551064e+00   5.0000000000000000e+00
   9.8231351955913322e+00   9.4004888063328487e+00   5.0000000000000000e+00
   1.6086470597238400e+00   1.2494123089741871e+00   5.0000000000000000e+00
   9.5459401841780149e+00   9.5708273782991462e+00   5.0000000000000000e+00
