   8.9498698905602936e+00   2.1330165774264973e+00   1.0000000000000000e+00
   9.6776669263841733e+00   7.5536514718431369e-01   1.0000000000000000e+00
   8.8471524979789944e+00   2.0022249854831111e+00   1.0000000000000000e+00
   1.1421324840220093e+00   8.3093095860668313e+00   1.0000000000000000e+00
   8.1255804804307132e+00   2.3502794463058327e+00   1.0000000000000000e+00
   7.1783623549792548e+00   1.3098583231088634e+00   1.0000000000000000e+00
   2.6861673836711750e+00   7.6908327045743539e+00   1.0000000000000000e+00
   1.5303595106745460e+00   7.6653416740136793e+00   1.0000000000000000e+00
   2.3567483295525546e+00   8.7893550025522096e+00   1.0000000000000000e+00
   2.2309526003731284e+00   9.1314796708321104e+00   1.0000000000000000e+00
   1.4721177061963053e+00   6.8504353575744359e+00   1.0000000000000000e+00
   2.3051747490747143e+00   9.0942930213516888e+00   1.0000000000000000e+00
   7.3607582026237797e+00   7.7378462139492843e-01   1.0000000000000000e+00
   2.7003424386572226e+00   9.3989690183937125e+00   1.0000000000000000e+00
   6.5572537676126972e+00   1.3341873956628336e-01   1.0000000000000000e+00
   2.5482093694772101e+00   9.6027566114603822e+00   1.0000000000000000e+00
   7.7651982257958512e+00   7.7324650257002414e-02   1.0000000000000000e+00
   1.6005726006989318e+00   9.7789366914216540e+00   1.0000000000000000e+00
   3.6440675518963461e-01   9.1191028791451920e+00   1.0000000000000000e+00
   9.5156983502713768e+00   2.6661675365661552e+00   1.0000000000000000e+00
   2.7160115331227819e+00   7.7442576077050553e+00   1.0000000000000000e+00
   2.0846426289850575e+00   7.9126262066753608e+00   1.0000000000000000e+00
   9.0303059254654734e+00   2.9526801412357573e+00   1.0000000000000000e+00
   4.2342460192751896e-01   9.5995936824024053e+00   1.0000000000000000e+00
   4.2857924470810715e-01   7.9872276102607040e+00   1.0000000000000000e+00
   1.2202510530177868e+00   7.2679779694400404e+00   1.0000000000000000e+00
   2.4458091028974058e+00   7.6303201017192048e+00   1.0000000000000000e+00
   1.5907941157065264e+00   7.7755897773522076e+00   1.0000000000000000e+00
   9.6916372516300324e+00   4.8722362668817687e-01   1.0000000000000000e+00
   8.7107810096353653e+00   1.2015726900612123e+00   1.0000000000000000e+00
   3.2656595922200204e+00   8.4519392990352546e+00   1.0000000000000000e+00
   8.8840228065284563e+00   3.0359977894281389e+00   1.0000000000000000e+00
   2.9332646345314028e+00   8.9930228450315326e+00   1.0000000000000000e+00
   2.7648101775338496e+00   9.3035327842443394e+00   1.0000000000000000e+00
   5.6016481132607931e-01   8.1866551922071391e+00   1.0000000000000000e+00
   8.1573557333031861e+00   2.7244732446318531e-01   1.0000000000000000e+00
   9.0594115207414667e+00   3.3912007999979599e+00   1.0000000000000000e+00
   6.9430051480102639e+00   3.4692745973317063e-01   1.0000000000000000e+00
   2.2207396057244777e+00   7.9352754577214242e+00   1.0000000000000000e+00
   1.7936438334428340e+00   7.8149966319512281e+00   1.0000000000000000e+00
   9.1333371079555263e+00   1.3799205913608037e+00   1.0000000000000000e+00
   6.8737686791932902e+00   1.6040142156708970e+00   1.0000000000000000e+00
   3.2527569494367938e+00   9.9229125397494862e+00   1.0000000000000000e+00
   9.1622749894942022e+00   1.9790412015890158e+00   1.0000000000000000e+00
   7.2091467004403720e-02   8.8772990694612588e+00   1.0000000000000000e+00
   1.6691390591538890e+00   9.1194133040574989e+00   1.0000000000000000e+00
   8.7672256002456113e+00   4.1431050041839446e-01   1.0000000000000000e+00
   6.2649819590167741e+00   1.4564153018194803e-01   1.0000000000000000e+00
   3.2622679422127043e-01   9.9735982795875397e+00   1.0000000000000000e+00
   9.0893664186445307e+00   8.2855433778017407e-03   1.0000000000000000e+00
   1.3529696012025050e+00   7.0251382549059125e+00   1.0000000000000000e+00
   9.1619706111316983e+00   3.1482839588355382e+00   1.0000000000000000e+00
   7.8743972245668639e+00   1.9205600756509322e+00   1.0000000000000000e+00
   2.3833240694117008e+00   7.7435661261934872e+00   1.0000000000000000e+00
   9.4977666898563351e-01   9.3183235314839568e+00   1.0000000000000000e+00
   2.1801814697120694e+00   9.3390438882727196e+00   1.0000000000000000e+00
   9.5822944349432282e-01   7.0704481353106372e+00   1.0000000000000000e+00
   9.2567198129023893e+00   2.8113850736971191e+00   1.0000000000000000e+00
   7.5554435243573215e+00   6.3224214951397295e-01   1.0000000000000000e+00
   9.9400721710619120e+00   2.9651683218354110e+00   1.0000000000000000e+00
   8.1313954837510654e+00   7.4186836226616926e-01   1.0000000000000000e+00
   7.7247012701480378e+00   1.7764979687990712e+00   1.0000000000000000e+00
   9.8593914971920391e+00   2.8236760904361513e+00   1.0000000000000000e+00
   9.7305164012681562e+00   2.2991767069488409e+00   1.0000000000000000e+00
   4.5255490515992869e-01   8.8316619585249221e+00   1.0000000000000000e+00
   8.0093692988491707e+00   6.9873683038644829e-02   1.0000000000000000e+00
   3.5692621336428032e-01   9.1969907845368830e+00   1.0000000000000000e+00
   2.8425332159365890e+00   8.4585571128649946e+00   1.0000000000000000e+00
   8.9884037112219541e+00   2.3508955936721443e+00   1.0000000000000000e+00
   5.1292177444485998e-01   6.8096771554207844e+00   1.0000000000000000e+00
   9.3907132521704764e+00   3.0518569632142833e-01   1.0000000000000000e+00
   8.5306728932193217e+00   1.5236528424628959e+00   1.0000000000000000e+00
   2.1879206085318668e+00   8.9703439079847396e+00   1.0000000000000000e+00
   9.9871603269937239e+00   3.0235409935928703e+00   1.0000000000000000e+00
   9.7741501913222102e+00   9.3402178505843092e-01   1.0000000000000000e+00
   8.9961623148135210e+00   1.4578486882700969e+00   1.0000000000000000e+00
   9.1794965481200173e+00   5.3450098529958079e-01   1.0000000000000000e+00
   1.6422836897229121e-01   6.7803906860254370e+00   1.0000000000000000e+00
   6.5391155509500587e+00   7.0772001755065483e-01   1.0000000000000000e+00
   6.4095223235267813e+00   1.3996004339110413e-01   1.0000000000000000e+00
   7.8170495181262400e-01   8.5511567926942273e+00   1.0000000000000000e+00
   2.6469579952238487e+00   7.7168636529764036e+00   1.0000000000000000e+00
   6.8500753461149326e+00   1.2709754950472751e+00   1.0000000000000000e+00
   9.0729466275295128e+00   3.1660145577704668e+00   1.0000000000000000e+00
   8.2246079933925138e+00   1.2185590241550082e+00   1.0000000000000000e+00
   7.9166108969021609e+00   1.3009745217237867e+00   1.0000000000000000e+00
   8.6405886925674977e+00   2.4601834625641583e-02   1.0000000000000000e+00
   7.9713986751383601e+00   8.1526418055520633e-01   1.0000000000000000e+00
   8.7050207570838118e+00   2.0132450247872011e+00   1.0000000000000000e+00
   9.1085790544909813e+00   1.3317638134798515e+00   1.0000000000000000e+00
   9.2320058434001151e-02   6.3646679834907136e+00   1.0000000000000000e+00
   8.4131312535293805e+00   2.9668600784898826e+00   1.0000000000000000e+00
   3.2207647909962347e+00   9.7700426713695876e+00   1.0000000000000000e+00
   7.1041854350009870e-01   9.5372144109475361e+00   1.0000000000000000e+00
   1.0873180318527653e+00   8.4403679218859899e+00   1.0000000000000000e+00
   2.6849576782818749e+00   8.2649346656367104e+00   1.0000000000000000e+00
   9.8848575166042050e+00   2.0691939086857714e+00   1.0000000000000000e+00
   9.1375162841362076e+00   1.4078765341251742e+00   1.0000000000000000e+00
   8.0483533657028836e+00   3.1014381722893503e-01   1.0000000000000000e+00
   1.8001057822985989e+00   9.2797330459939218e+00   1.0000000000000000e+00
   9.4825457779109747e+00   1.5235496053769437e+00   1.0000000000000000e+00
   8.7631367609225421e+00   7.3527930030025668e-01   1.0000000000000000e+00
   9.8522735895001041e+00   9.0661289932889244e-01   1.0000000000000000e+00
   2.2038693736100745e+00   9.7547640560937374e+00   1.0000000000000000e+00
   2.4900954614724711e+00   9.5162160865118022e+00   1.0000000000000000e+00
   9.4507370337631098e+00   7.4264571702293836e-01   1.0000000000000000e+00
   7.1913975052759138e+00   2.0632993994200834e+00   1.0000000000000000e+00
   8.4668144436629955e-01   6.7185410078832248e+00   1.0000000000000000e+00
   1.3114864962132688e+00   9.1675931517022757e+00   1.0000000000000000e+00
   6.6606313526230556e+00   3.8794585403391646e-01   1.0000000000000000e+00
   3.0493497764408852e+00   9.3222016183595517e+00   1.0000000000000000e+00
   2.6830207483409252e-01   6.5219314937830628e+00   1.0000000000000000e+00
   3.1126666103262588e+00   9.8766240841890589e+00   1.0000000000000000e+00
   7.4778344305676061e+00   1.0746160960489082e-01   1.0000000000000000e+00
   9.6959529162334803e+00   1.7458663985255696e+00   1.0000000000000000e+00
   9.4926894210853767e+00   2.3931286998936177e+00   1.0000000000000000e+00
   3.5443360728829862e+00   9.7971983921494772e+00   1.0000000000000000e+00
   6.9084201329222883e-01   8.4734072580608313e+00   1.0000000000000000e+00
   7.3137813230266593e+00   2.3228907866084669e+00   1.0000000000000000e+00
   8.4761060560274046e+00   2.7655756552081403e+00   1.0000000000000000e+00
   1.6015968418638948e-02   7.3740593673433565e+00   1.0000000000000000e+00
   9.3623783412440371e+00   4.9737324627941670e-01   1.0000000000000000e+00
   2.1577248366946753e+00   7.1682260063214498e+00   1.0000000000000000e+00
   9.1727753330689445e+00   3.1134276773892733e+00   1.0000000000000000e+00
   1.6655366066313770e+00   7.5395360620505567e+00   1.0000000000000000e+00
   9.9823297556256101e+00   1.1822970898569185e+00   1.0000000000000000e+00
   9.8468763598343010e+00   2.1721912603576587e-01   1.0000000000000000e+00
   1.1774192509019088e+00   7.0960097115496286e+00   1.0000000000000000e+00
   4.7963020681689783e-01   8.9045437376940910e+00   1.0000000000000000e+00
   3.1772839529877315e+00   9.4307638298381100e+00   1.0000000000000000e+00
   9.0678405003889324e+00   2.4733606217691619e+00   1.0000000000000000e+00
   7.0592101803281713e+00   1.1377583789530732e+00   1.0000000000000000e+00
   8.9367980145931334e+00   2.2100246400320565e+00   1.0000000000000000e+00
   6.9453449889609047e+00   1.8897546398411236e-01   1.0000000000000000e+00
   9.0530270304150910e+00   1.6387023089042685e+00   1.0000000000000000e+00
   2.8291519844058186e+00   9.9128246344937558e+00   1.0000000000000000e+00
   6.9114912087813547e+00   1.0291043591632054e+00   1.0000000000000000e+00
   2.6632654056446214e+00   9.6306795370835534e+00   1.0000000000000000e+00
   2.5988006237286285e+00   8.7568113182283476e+00   1.0000000000000000e+00
   8.6375144339023642e+00   1.4735911072267449e+00   1.0000000000000000e+00
   2.8858140557192993e+00   9.6490047036823814e+00   1.0000000000000000e+00
   8.9664974103059532e+00   3.2606047982455788e+00   1.0000000000000000e+00
   3.1001009108303625e+00   9.5783693237371121e+00   1.0000000000000000e+00
   7.0434172174543832e+00   9.9047664088176335e-01   1.0000000000000000e+00
   7.6605168557621841e+00   1.1518806043981522e+00   1.0000000000000000e+00
   2.4140813139427362e+00   7.4704182426113981e+00   1.0000000000000000e+00
   8.8872046511804967e+00   1.9394587055146539e+00   1.0000000000000000e+00
   7.2172590945296378e-02   8.2120059902966958e+00   1.0000000000000000e+00
   6.9209278512875851e+00   1.7619946563954592e+00   1.0000000000000000e+00
   7.2368363904636857e-02   6.6619193104772467e+00   1.0000000000000000e+00
   2.8646888574995408e+00   9.1990667919549871e+00   1.0000000000000000e+00
   7.4355843307589717e+00   2.0898916028644301e+00   1.0000000000000000e+00
   6.5327107419048569e-01   8.3554721650585915e+00   1.0000000000000000e+00
   7.3065947934656816e-01   9.1726391567464525e+00   1.0000000000000000e+00
   6.3977778818841067e+00   5.7466452042516436e-01   1.0000000000000000e+00
   7.9331151273583558e+00   1.5100931589826150e+00   1.0000000000000000e+00
   1.0022239999284033e+00   7.3787352294582496e+00   1.0000000000000000e+00
   8.4695006475174353e+00   1.7520524795075032e+00   1.0000000000000000e+00
   1.5141522844365862e+00   8.6945836968222032e+00   1.0000000000000000e+00
   9.7228269054212166e+00   1.9886571199174929e+00   1.0000000000000000e+00
   3.4686812404346403e+00   9.5730374432619243e+00   1.0000000000000000e+00
   8.1068041435849789e+00   8.5242232946924790e-01   1.0000000000000000e+00
   7.8046978215986957e+00   1.2675182667061768e+00   1.0000000000000000e+00
   3.5189491687747410e+00   9.7102677947051532e+00   1.0000000000000000e+00
   5.4847956085270599e-01   6.8254481442137145e+00   1.0000000000000000e+00
   8.4996502698683560e+00   4.1824833030918773e-01   1.0000000000000000e+00
   9.0313733574379533e+00   2.2538613178582354e+00   1.0000000000000000e+00
   8.9063875065091036e+00   2.9480434632032204e-01   1.0000000000000000e+00
   1.1325388949792936e+00   9.8022823147049110e+00   1.0000000000000000e+00
   2.2228767043442899e-01   7.2577478020513633e+00   1.0000000000000000e+00
   1.2643235971682198e+00   6.6533952333064805e+00   1.0000000000000000e+00
   8.3838276941699785e+00   2.4911432828494151e+00   1.0000000000000000e+00
   9.0544478107633442e-01   9.5014496919090377e+00   1.0000000000000000e+00
   8.9726937875825001e+00   2.6463832913905625e+00   1.0000000000000000e+00
   7.6404961161774709e+00   2.1189840410015561e+00   1.0000000000000000e+00
   9.5307018143594178e+00   1.8809477453969548e+00   1.0000000000000000e+00
   8.3246939366687567e+00   1.0615614273643437e+00   1.0000000000000000e+00
   2.1906661796508664e+00   8.0328187524062802e+00   1.0000000000000000e+00
   1.1615582561627458e+00   6.6120885034364267e+00   1.0000000000000000e+00
   1.6091605940029419e+00   7.8178438331510813e+00   1.0000000000000000e+00
   9.6820983563438006e+00   2.1768950814444876e+00   1.0000000000000000e+00
   7.8214359415880317e+00   2.1136919341300722e+00   1.0000000000000000e+00
   9.7742012778868528e+00   3.2254398221822056e+00   1.0000000000000000e+00
   7.4449861717030865e+00   1.0510228460356663e+00   1.0000000000000000e+00
   8.0599076361565807e+00   5.7147706347348115e-01   1.0000000000000000e+00
   8.9859725600452633e-01   8.6020058006590219e+00   1.0000000000000000e+00
   2.3377727181253851e+00   8.9105001276285538e+00   1.0000000000000000e+00
   8.7592283833133222e-01   7.3889713714954741e+00   1.0000000000000000e+00
   7.1294548076730599e+00   1.5969494541723273e+00   1.0000000000000000e+00
   1.3178952341582018e+00   7.6763689815971397e+00   1.0000000000000000e+00
   6.9452515001061812e+00   1.1021495982759255e-01   1.0000000000000000e+00
   8.6388239094018857e+00   2.5547812541434487e+00   1.0000000000000000e+00
   2.5629795016645005e+00   9.3098953606467791e+00   1.0000000000000000e+00
   2.3531663916654311e+00   8.7058744510642452e+00   1.0000000000000000e+00
   1.0178282075403033e+00   6.9857183930328901e+00   1.0000000000000000e+00
   8.7292927436766536e+00   1.1807676219729890e+00   1.0000000000000000e+00
   9.0176043533837298e+00   3.2204979156468694e+00   1.0000000000000000e+00
   4.6618625099693944e-01   8.3543201559226699e+00   1.0000000000000000e+00
   8.0515044328457499e+00   1.1238194845836280e+00   1.0000000000000000e+00
   1.5857155633073128e+00   9.8047602520777133e+00   1.0000000000000000e+00
   1.7214234630412450e+00   8.5276599539349824e+00   1.0000000000000000e+00
   8.7626353208280996e+00   1.3307341046612176e+00   1.0000000000000000e+00
   2.7597954702800020e-01   6.7105302872519204e+00   1.0000000000000000e+00
   1.1216726888465234e+00   7.7438904523494951e+00   1.0000000000000000e+00
   1.9289887265226269e+00   8.1180942444837303e+00   1.0000000000000000e+00
   3.0665801622239162e+00   9.0669297209591999e+00   1.0000000000000000e+00
   3.2103425769014784e+00   9.7066585568967731e+00   1.0000000000000000e+00
   9.9623071842373285e+00   1.3308540304096705e+00   1.0000000000000000e+00
   8.4892750476226055e+00   2.3998841922256098e+00   1.0000000000000000e+00
   8.2761675211795680e+00   2.3170026267126111e+00   1.0000000000000000e+00
   6.3699572719023378e-01   7.2309985840594262e+00   1.0000000000000000e+00
   7.3241048362804637e+00   9.2797207247307667e-01   1.0000000000000000e+00
   3.7849011234084284e+00   9.2671375508944269e+00   2.0000000000000000e+00
   3.3195291730178345e+00   8.4542200479548306e+00   2.0000000000000000e+00
   9.1617714702472224e+00   4.3948860553484517e+00   2.0000000000000000e+00
   6.5151282096347316e+00   3.6699569124056843e+00   2.0000000000000000e+00
   4.1268957619642723e+00   9.2182322139736677e+00   2.0000000000000000e+00
   7.1772869762744449e+00   3.3252194152716985e+00   2.0000000000000000e+00
   4.0162809247209115e+00   9.1400549232233672e+00   2.0000000000000000e+00
   3.2633773117731191e+00   7.7904891725616787e+00   2.0000000000000000e+00
   3.5732095922903309e+00   7.6190915954300120e+00   2.0000000000000000e+00
   3.1152962283923982e+00   5.6350274836783951e+00   2.0000000000000000e+00
   6.9322356936233778e+00   4.4093841233199971e+00   2.0000000000000000e+00
   1.5841700163762840e+00   5.2993999913277232e+00   2.0000000000000000e+00
   6.4888896696773344e+00   1.4743520186981296e+00   2.0000000000000000e+00
   2.6064194316465903e+00   7.1129421274028148e+00   2.0000000000000000e+00
   2.6886069199771323e+00   5.7377474211491748e+00   2.0000000000000000e+00
   6.1841727538834865e+00   2.0791020438589558e+00   2.0000000000000000e+00
   7.5747040445249159e+00   3.0235189848651087e+00   2.0000000000000000e+00
   3.3836142270536964e+00   7.1198539696094816e+00   2.0000000000000000e+00
   3.5746479264964046e+00   8.5866537450486327e+00   2.0000000000000000e+00
   7.0463342977186318e+00   4.0534377978470975e+00   2.0000000000000000e+00
   6.5411935229116054e+00   2.9309134525035354e+00   2.0000000000000000e+00
   6.2833097071361319e+00   2.3883445602124711e+00   2.0000000000000000e+00
   7.6382267628148881e+00   3.2133554457336846e+00   2.0000000000000000e+00
   5.7285616563190516e+00   1.5467545826339246e+00   2.0000000000000000e+00
   5.5402472961007634e+00   6.1885090927889297e-01   2.0000000000000000e+00
   1.8129159540529949e+00   6.8303544933196587e+00   2.0000000000000000e+00
   2.1990651364752489e+00   7.1347222385515376e+00   2.0000000000000000e+00
   5.9278683938594332e+00   1.5694321408027734e+00   2.0000000000000000e+00
   2.7981560102757452e+00   7.4378939921181875e+00   2.0000000000000000e+00
   6.1388422729697023e+00   1.8561165132266089e+00   2.0000000000000000e+00
   8.1752780709261739e+00   4.1935601659655681e+00   2.0000000000000000e+00
   4.0393777600636529e+00   7.3943219986328002e+00   2.0000000000000000e+00
   6.7208321665547501e+00   2.3974245632072799e+00   2.0000000000000000e+00
   3.6475623500048271e+00   6.6269159235420734e+00   2.0000000000000000e+00
   3.0560478487238973e-01   6.2542765771785982e+00   2.0000000000000000e+00
   5.7677735890467901e+00   5.2164033842589941e-02   2.0000000000000000e+00
   9.1768471262611069e+00   3.5665436151790928e+00   2.0000000000000000e+00
   4.0590165407437615e+00   8.3458080139734232e+00   2.0000000000000000e+00
   5.8018191617331718e+00   1.8621259299875337e+00   2.0000000000000000e+00
   6.2244102317612979e+00   1.9001569254236894e+00   2.0000000000000000e+00
   7.5047841575223706e-01   5.2599034354544276e+00   2.0000000000000000e+00
   5.5007288772202942e+00   2.7702925470781414e+00   2.0000000000000000e+00
   5.8952855536117399e+00   1.6989950874191595e+00   2.0000000000000000e+00
   7.1062057100074298e+00   3.6514679247793236e+00   2.0000000000000000e+00
   4.0694657231114952e+00   9.4849825383200539e+00   2.0000000000000000e+00
   9.5601271138955237e+00   3.8425940851223892e+00   2.0000000000000000e+00
   4.1189016170953971e+00   7.2694875412470141e+00   2.0000000000000000e+00
   4.4229296979921244e+00   7.4180929574131387e+00   2.0000000000000000e+00
   4.6441233209082524e+00   8.1452602390934175e+00   2.0000000000000000e+00
   1.9079457605004024e+00   5.3096906581142171e+00   2.0000000000000000e+00
   9.6355703996410220e+00   3.9474468715686295e+00   2.0000000000000000e+00
   2.0143062942815537e-01   5.9255092671837559e+00   2.0000000000000000e+00
   7.1602720267032072e-01   6.1812197022388098e+00   2.0000000000000000e+00
   1.6324035060585662e+00   6.3108104187905791e+00   2.0000000000000000e+00
   5.9343317984053492e+00   3.8976618172089750e-01   2.0000000000000000e+00
   6.2639476959932248e+00   1.8556552202689480e+00   2.0000000000000000e+00
   2.3058508183695547e+00   5.7414116054091373e+00   2.0000000000000000e+00
   2.3333093136688579e+00   6.7559640806471224e+00   2.0000000000000000e+00
   6.6316326502296929e+00   1.8118109181133657e+00   2.0000000000000000e+00
   7.6868416283040304e+00   3.3929924574995707e+00   2.0000000000000000e+00
   4.3642590302338204e+00   9.8936066290069142e+00   2.0000000000000000e+00
   6.6705044365775477e+00   2.0123022931084922e+00   2.0000000000000000e+00
   3.7327180214461420e+00   6.2840237047388916e+00   2.0000000000000000e+00
   6.8174579143528966e+00   4.3127358935321976e+00   2.0000000000000000e+00
   7.8034395255461231e+00   3.1568301373527152e+00   2.0000000000000000e+00
   1.4467871773817731e+00   5.5858442432460045e+00   2.0000000000000000e+00
   1.8555553744081910e+00   5.6870910230468263e+00   2.0000000000000000e+00
   2.8744078096703407e+00   5.8190577021889469e+00   2.0000000000000000e+00
   6.3669873065525948e+00   3.3058006661291772e+00   2.0000000000000000e+00
   3.9386171194786157e+00   6.1325480054662140e+00   2.0000000000000000e+00
   2.2696847702202039e-01   5.3741870143056660e+00   2.0000000000000000e+00
   2.7508381272319138e+00   6.1962690535585772e+00   2.0000000000000000e+00
   8.8732441061159690e+00   4.2586660686017543e+00   2.0000000000000000e+00
   2.5578035844245406e+00   6.8712414015659817e+00   2.0000000000000000e+00
   7.7033092609351712e+00   2.9551786131143309e+00   2.0000000000000000e+00
   1.8863759214715581e+00   5.7068440885658198e+00   2.0000000000000000e+00
   1.4851709072357144e+00   5.3978356497095845e+00   2.0000000000000000e+00
   3.6889063903440453e+00   7.4369063110215965e+00   2.0000000000000000e+00
   2.1202693977983578e+00   6.1673542611570280e+00   2.0000000000000000e+00
   5.3025407227943431e+00   1.9819693480934475e+00   2.0000000000000000e+00
   7.0755917900821039e+00   2.2230802552229347e+00   2.0000000000000000e+00
   7.1532191118558011e+00   2.3490363246841062e+00   2.0000000000000000e+00
   5.9085958807014416e+00   1.0701384976960282e+00   2.0000000000000000e+00
   6.3692220164001556e+00   3.1311417256338423e+00   2.0000000000000000e+00
   4.3612097978028590e+00   8.9662791831943185e+00   2.0000000000000000e+00
   6.6478328039921886e+00   1.4482548544208740e+00   2.0000000000000000e+00
   6.2005685616123305e+00   1.7010659580136589e+00   2.0000000000000000e+00
   4.5148392043848506e+00   7.2037280608395990e+00   2.0000000000000000e+00
   7.2008784551573708e+00   2.4549853016831769e+00   2.0000000000000000e+00
   4.0166131845954736e+00   9.9649578261269660e+00   2.0000000000000000e+00
   5.4807569280531832e+00   2.3091885855464742e+00   2.0000000000000000e+00
   2.4630091579045166e+00   6.6827934186418716e+00   2.0000000000000000e+00
   9.8567227665655661e+00   4.3946530660058034e+00   2.0000000000000000e+00
   5.5177389355070918e+00   1.6817989487614016e+00   2.0000000000000000e+00
   4.1555572951304640e+00   6.4794808436162477e+00   2.0000000000000000e+00
   5.4879197014529915e+00   2.4743412957355657e+00   2.0000000000000000e+00
   8.1734303731324065e+00   3.5842467170747860e+00   2.0000000000000000e+00
   3.8362266812055101e+00   8.5321176824440865e+00   2.0000000000000000e+00
   8.1060373331782607e+00   3.9000497845013093e+00   2.0000000000000000e+00
   4.1269033339230186e+00   7.1022519988931743e+00   2.0000000000000000e+00
   4.5719822498658349e+00   8.1854766820675184e+00   2.0000000000000000e+00
   6.7720548892888033e+00   3.7643070163822512e+00   2.0000000000000000e+00
   8.6310763138202145e+00   3.6198393263015181e+00   2.0000000000000000e+00
   4.1320151668826064e+00   8.4983380975866467e+00   2.0000000000000000e+00
   5.4314366405992009e+00   2.1731854777165402e+00   2.0000000000000000e+00
   5.9178226021029570e+00   1.0701312950603648e+00   2.0000000000000000e+00
   1.5296754394959178e+00   5.5859546100135198e+00   2.0000000000000000e+00
   7.3449548899511914e+00   4.5160586753807683e+00   2.0000000000000000e+00
   5.4195213556289081e+00   1.6629560517614606e+00   2.0000000000000000e+00
   6.3601209669570622e+00   3.2947219191825896e+00   2.0000000000000000e+00
   9.2769190978905680e-01   5.9316785193921184e+00   2.0000000000000000e+00
   6.5700785384683744e+00   4.3424034667416596e+00   2.0000000000000000e+00
   7.4245717275938290e+00   2.9313299217386133e+00   2.0000000000000000e+00
   4.4705626151038729e+00   8.1109805796200831e+00   2.0000000000000000e+00
   3.2217814020006399e+00   6.5675854491842571e+00   2.0000000000000000e+00
   4.2218645411467755e+00   6.4755902263025149e+00   2.0000000000000000e+00
   3.7222861154602249e+00   8.0859931655077890e+00   2.0000000000000000e+00
   7.1126966010013328e+00   3.6207503761106983e+00   2.0000000000000000e+00
   2.4714894527162512e+00   6.2001863418248320e+00   2.0000000000000000e+00
   5.8226707967146076e+00   2.9493190505686639e+00   2.0000000000000000e+00
   6.4569763722120772e+00   3.9962067290292103e+00   2.0000000000000000e+00
   6.0785895720986503e+00   2.6869577277191481e+00   2.0000000000000000e+00
   6.0037115352925365e+00   2.5157642116966681e+00   2.0000000000000000e+00
   3.9101494814320525e+00   9.2624601334737697e+00   2.0000000000000000e+00
   3.8999885492079276e+00   9.3729645857978170e+00   2.0000000000000000e+00
   6.3996125274520494e+00   3.6464279183172819e+00   2.0000000000000000e+00
   8.0182262836308791e+00   3.8048936024472892e+00   2.0000000000000000e+00
   6.1343516679752499e+00   3.3141282143585182e+00   2.0000000000000000e+00
   7.9047954362521509e+00   3.9946802476293728e+00   2.0000000000000000e+00
   6.6049264746243370e+00   3.0003637854088461e+00   2.0000000000000000e+00
   2.7622355842667199e+00   6.1723326218725489e+00   2.0000000000000000e+00
   6.0539695563761331e+00   2.8766307254706280e+00   2.0000000000000000e+00
   6.0377604154969600e+00   2.9231577621583291e+00   2.0000000000000000e+00
   4.5457008292325884e+00   8.2821934730407119e+00   2.0000000000000000e+00
   8.6228260678870683e+00   3.6057066509407432e+00   2.0000000000000000e+00
   8.9610438651412938e-02   5.8623557850966046e+00   2.0000000000000000e+00
   6.8410624930974357e+00   3.0564203435836301e+00   2.0000000000000000e+00
   4.1798085641484199e+00   8.0390607823622702e+00   2.0000000000000000e+00
   1.6597888113562287e+00   5.7261454875856028e+00   2.0000000000000000e+00
   2.5363003688909638e+00   5.8117188345634796e+00   2.0000000000000000e+00
   2.8119399150752433e+00   5.8328043050095051e+00   2.0000000000000000e+00
   6.9483105457080097e+00   1.9813157666551584e+00   2.0000000000000000e+00
   5.7315394724489934e+00   3.1991101989831430e+00   2.0000000000000000e+00
   5.9902915992106749e+00   1.4103457563331223e+00   2.0000000000000000e+00
   8.7709928821871053e+00   3.4335449935887050e+00   2.0000000000000000e+00
   2.7056433263879454e+00   6.7766140369145695e+00   2.0000000000000000e+00
   2.5846327935450288e+00   6.9343006079208376e+00   2.0000000000000000e+00
   4.2788173141551775e+00   8.2981373639870153e+00   2.0000000000000000e+00
   5.2729516113806678e+00   1.0908383465475990e+00   2.0000000000000000e+00
   3.5564501421415082e+00   7.3211067276301476e+00   2.0000000000000000e+00
   4.1856718448201988e+00   7.0881214979544183e+00   2.0000000000000000e+00
   9.5601712650160131e+00   4.2946199061638213e+00   2.0000000000000000e+00
   7.3620836254895998e+00   4.3736398807228429e+00   2.0000000000000000e+00
   3.2253750387606086e+00   7.1331538252736495e+00   2.0000000000000000e+00
   9.3470702034899933e-01   5.6921456289684240e+00   2.0000000000000000e+00
   4.3067728423859144e+00   8.7508656743009769e+00   2.0000000000000000e+00
   9.4836075133510729e+00   3.8609263537046159e+00   2.0000000000000000e+00
   5.5502677088298320e+00   8.0068481369825917e-01   2.0000000000000000e+00
   5.7297819025634178e+00   6.3778485724250378e-01   2.0000000000000000e+00
   1.0401735840864856e+00   5.8415352985842759e+00   2.0000000000000000e+00
   3.3667042151563695e+00   6.8453949887502610e+00   2.0000000000000000e+00
   7.6376772404747388e+00   3.7770797083213292e+00   2.0000000000000000e+00
   9.0174647348466159e+00   3.8989870351917988e+00   2.0000000000000000e+00
   5.3016835443991379e+00   1.9889834164017461e-01   2.0000000000000000e+00
   4.4292760953607111e+00   9.1327402520703611e+00   2.0000000000000000e+00
   6.3642504897365342e+00   1.7647839963766720e+00   2.0000000000000000e+00
   2.2622525254053958e+00   6.6499971100113999e+00   2.0000000000000000e+00
   6.4090704700488956e+00   2.6879241364891540e+00   2.0000000000000000e+00
   2.1549502412386068e+00   6.9336171028478226e+00   2.0000000000000000e+00
   6.6639118923886649e+00   2.0357367436757388e+00   2.0000000000000000e+00
   6.5804373994329772e+00   2.6175388859868631e+00   2.0000000000000000e+00
   6.9314926715629070e+00   2.5043704490478058e+00   2.0000000000000000e+00
   2.5218534658591407e+00   6.0773875198883101e+00   2.0000000000000000e+00
   6.3312086635271827e+00   1.6977705058949333e+00   2.0000000000000000e+00
   5.3480512196657468e+00   2.3983106444700031e-01   2.0000000000000000e+00
   8.7877012138045050e+00   3.6978835188830619e+00   2.0000000000000000e+00
   9.6957143676395519e-01   6.1703085316768576e+00   2.0000000000000000e+00
   1.9450188075811015e+00   5.9975108922067175e+00   2.0000000000000000e+00
   3.8840150922841632e+00   7.2969440901825138e+00   2.0000000000000000e+00
   8.5309138084283944e+00   4.2769618942261909e+00   2.0000000000000000e+00
   6.4943190629161576e+00   4.1908672027416589e+00   2.0000000000000000e+00
   9.5124790999461553e+00   4.2563048714217944e+00   2.0000000000000000e+00
   5.7812750396504669e+00   1.7676420504445711e+00   2.0000000000000000e+00
   4.3288809335411207e+00   6.2945244242702190e+00   2.0000000000000000e+00
   4.6709665628384425e+00   8.1490368948540510e+00   2.0000000000000000e+00
   3.1988416670194884e+00   7.2262135534066028e+00   2.0000000000000000e+00
   6.3894984896375320e+00   1.9837769188176646e+00   2.0000000000000000e+00
   2.2704569523716236e+00   5.9484151745726770e+00   2.0000000000000000e+00
   9.6097889916735841e+00   4.6312815849484750e+00   2.0000000000000000e+00
   4.4474092299986800e+00   6.9302832691369662e+00   2.0000000000000000e+00
   5.9641449597363083e+00   3.6156871612886166e+00   2.0000000000000000e+00
   5.6429071341676087e+00   1.0538254200042496e+00   2.0000000000000000e+00
   4.3080066195591682e-01   5.7856365399105902e+00   2.0000000000000000e+00
   2.2047916433044046e+00   6.1774894786400942e+00   2.0000000000000000e+00
   3.8431377094715891e+00   5.8254044234314852e+00   2.0000000000000000e+00
   8.4523869465226031e+00   3.7261135995353047e+00   2.0000000000000000e+00
   9.2250011383514465e+00   3.8736264643257288e+00   2.0000000000000000e+00
   7.4740630563237467e+00   4.2301816065653233e+00   2.0000000000000000e+00
   8.9301883379054772e+00   4.1580541655334757e+00   2.0000000000000000e+00
   5.6845270899995581e+00   2.9608398922219892e+00   2.0000000000000000e+00
   1.8034391734541466e+00   6.4230014336647701e+00   2.0000000000000000e+00
   5.5471399289686651e+00   3.2301573962315047e+00   2.0000000000000000e+00
   7.6643311353243204e+00   3.9275687827353192e+00   2.0000000000000000e+00
   2.4315257781148958e-02   5.5886590532432256e+00   2.0000000000000000e+00
   4.0045583168355421e+00   7.1787725607888735e+00   2.0000000000000000e+00
   5.1998826157521272e-01   5.5653593327561781e+00   2.0000000000000000e+00
   7.0113542490634453e+00   2.5804467575427106e+00   2.0000000000000000e+00
   3.7037608534940913e+00   9.5951446451922990e+00   2.0000000000000000e+00
   8.8126438703532415e+00   3.8281481176388943e+00   2.0000000000000000e+00
   4.2228300314870779e+00   6.3367024438754926e+00   2.0000000000000000e+00
   5.8448351915060703e+00   4.3330527690996545e-01   2.0000000000000000e+00
   5.4517743168933137e+00   1.2481876978770545e+00   2.0000000000000000e+00
   5.4834950612746125e-01   5.5463025469870182e+00   2.0000000000000000e+00
   2.6952578876168087e-01   5.5996432428651399e+00   2.0000000000000000e+00
   4.1263066836167077e+00   9.0252880719342023e+00   2.0000000000000000e+00
   6.9116828578047729e+00   3.7795979590564341e+00   2.0000000000000000e+00
   5.4461630421205758e+00   2.7262855647037156e+00   2.0000000000000000e+00
   4.4738961662728780e+00   7.7072773893448563e+00   2.0000000000000000e+00
   7.0401109773783723e+00   3.8434245804715497e+00   2.0000000000000000e+00
   2.8473185206752794e+00   5.2138954484273272e+00   3.0000000000000000e+00
   1.6780888242445868e+00   5.1866346195004294e+00   3.0000000000000000e+00
   2.7429631519891062e+00   4.5995518358900416e+00   3.0000000000000000e+00
   5.0733694628251467e+00   6.9802094324941222e-01   3.0000000000000000e+00
   5.3866026414304216e+00   4.9707569796203934e+00   3.0000000000000000e+00
   5.1365804757880706e+00   3.3442467130999520e+00   3.0000000000000000e+00
   5.0420059520116265e+00   8.8997897961731898e+00   3.0000000000000000e+00
   4.8136618065752259e+00   1.0584046286301962e+00   3.0000000000000000e+00
   5.1522304258683507e+00   2.6278303339946643e+00   3.0000000000000000e+00
   5.4675428150465857e+00   5.6724100503081223e+00   3.0000000000000000e+00
   1.3528426794293669e-01   5.1785349125687219e+00   3.0000000000000000e+00
   1.8804584985714690e-01   4.9966172870888217e+00   3.0000000000000000e+00
   5.4176061304784771e+00   6.1344379919304739e+00   3.0000000000000000e+00
   5.5539219832760311e+00   6.0926142878348744e+00   3.0000000000000000e+00
   5.9204943644928729e+00   5.4732782228196815e+00   3.0000000000000000e+00
   3.4486592942898864e+00   4.5498397484907258e+00   3.0000000000000000e+00
   3.8860057473910512e+00   4.0010185642445908e+00   3.0000000000000000e+00
   8.1514380731920557e+00   4.8389518374989535e+00   3.0000000000000000e+00
   7.0842927793519301e+00   4.9858466776053314e+00   3.0000000000000000e+00
   4.7097849373709275e+00   6.0401356042363630e-01   3.0000000000000000e+00
   4.0002180760165906e+00   4.2633465598849014e+00   3.0000000000000000e+00
   5.2288832992514802e+00   5.9133724157669354e+00   3.0000000000000000e+00
   4.8131514520415788e+00   2.4165109721339881e+00   3.0000000000000000e+00
   4.9463958371088603e+00   9.0018911503101897e+00   3.0000000000000000e+00
   1.0146374715454221e+00   4.6019232468582771e+00   3.0000000000000000e+00
   5.3244923601694447e+00   5.7101100274399155e+00   3.0000000000000000e+00
   4.7050344560077999e+00   7.0957559063716702e-01   3.0000000000000000e+00
   5.2093709660548662e+00   9.5201058233283948e+00   3.0000000000000000e+00
   5.2159701286474816e+00   2.0257073455700980e+00   3.0000000000000000e+00
   7.3629684371375177e+00   5.0836212897835606e+00   3.0000000000000000e+00
   3.4478921005207344e+00   4.3423966459859642e+00   3.0000000000000000e+00
   8.9952531006775001e+00   4.8178181033710965e+00   3.0000000000000000e+00
   4.0580602642986117e+00   5.5271637204050350e+00   3.0000000000000000e+00
   9.1877926632856273e+00   5.2114444362830703e+00   3.0000000000000000e+00
   7.0054925551788827e-01   4.8519014109412684e+00   3.0000000000000000e+00
   3.4056937260661204e+00   4.7868323132980368e+00   3.0000000000000000e+00
   4.9457404258755853e+00   4.5428674462363272e+00   3.0000000000000000e+00
   3.9462894256201588e+00   4.5182200945017641e+00   3.0000000000000000e+00
   4.9834297884609660e+00   1.3626011552461315e+00   3.0000000000000000e+00
   2.1484667579492145e+00   4.6235032243824472e+00   3.0000000000000000e+00
   5.0310411773211037e+00   9.7648773153617476e+00   3.0000000000000000e+00
   5.1691465151856333e+00   2.3356415609632233e+00   3.0000000000000000e+00
   5.6042208893532672e+00   6.1312856757035057e+00   3.0000000000000000e+00
   4.9158632537004729e+00   2.7977883938267247e+00   3.0000000000000000e+00
   6.3431739895269201e+00   6.0222210054502572e+00   3.0000000000000000e+00
   2.3975472012803669e+00   4.8191112995936720e+00   3.0000000000000000e+00
   5.1721899195666019e+00   4.4422104270962750e+00   3.0000000000000000e+00
   5.7557127686253837e+00   4.9296038155112374e+00   3.0000000000000000e+00
   4.7006290408411360e+00   5.2894774080026821e+00   3.0000000000000000e+00
   5.9324322183881826e+00   5.9286838745789430e+00   3.0000000000000000e+00
   6.9286246154643596e+00   5.2503994270957985e+00   3.0000000000000000e+00
   5.0299972368401580e+00   1.8216573256643187e+00   3.0000000000000000e+00
   5.0193091515743085e+00   5.7585804786880725e+00   3.0000000000000000e+00
   4.8895380117943450e+00   9.9239667221786227e+00   3.0000000000000000e+00
   5.1517336193077865e+00   6.6839748915130990e+00   3.0000000000000000e+00
   6.0152969176240170e+00   4.7943396401239653e+00   3.0000000000000000e+00
   4.3076925995422988e+00   4.2137310948402220e+00   3.0000000000000000e+00
   4.7015672570834708e+00   1.6050075066705349e+00   3.0000000000000000e+00
   3.2762902052984866e+00   4.8145465303502855e+00   3.0000000000000000e+00
   4.5495903485099953e+00   1.7456134235229193e+00   3.0000000000000000e+00
   4.6343225330977607e+00   5.1561726297125334e+00   3.0000000000000000e+00
   6.0751755245596515e+00   4.6542865781009182e+00   3.0000000000000000e+00
   5.2434987839565359e+00   5.3263905048928279e+00   3.0000000000000000e+00
   4.5890190947211877e+00   5.7955465037295149e+00   3.0000000000000000e+00
   8.5624045389146666e+00   4.9610518321792476e+00   3.0000000000000000e+00
   5.1666511227289522e+00   5.2488041835758761e+00   3.0000000000000000e+00
   3.8780134475809303e+00   4.6277824983957130e+00   3.0000000000000000e+00
   5.3484873787432097e+00   8.3309266719471982e+00   3.0000000000000000e+00
   9.1716759220310013e+00   4.8087628427046782e+00   3.0000000000000000e+00
   1.3662060493459005e+00   5.0904656590358499e+00   3.0000000000000000e+00
   4.4293484527980382e+00   4.6527810015704034e+00   3.0000000000000000e+00
   2.1762650075541523e+00   5.2138242624516673e+00   3.0000000000000000e+00
   5.1561651224074723e+00   3.5666105114955657e+00   3.0000000000000000e+00
   4.1968520400447851e-01   4.7123948123372639e+00   3.0000000000000000e+00
   3.8003916295727826e+00   4.5827381736066650e+00   3.0000000000000000e+00
   6.8452067626959217e+00   4.7568879826095722e+00   3.0000000000000000e+00
   6.0256414217961884e+00   4.3249661308006662e+00   3.0000000000000000e+00
   4.2842025344810075e+00   4.1269161551870335e+00   3.0000000000000000e+00
   5.3437276659574220e+00   4.7273751045225589e+00   3.0000000000000000e+00
   4.6303767696525879e+00   4.6662769410112572e+00   3.0000000000000000e+00
   4.8579411012750642e+00   8.3754391309905141e-01   3.0000000000000000e+00
   4.1285687551554515e+00   5.6866908121841249e+00   3.0000000000000000e+00
   3.4099418663459593e+00   5.5063560266494127e+00   3.0000000000000000e+00
   4.5536249595986789e+00   6.2143610937751248e+00   3.0000000000000000e+00
   4.7463801838991060e+00   3.2694482873393782e+00   3.0000000000000000e+00
   9.3188908986722012e+00   5.1681810986422247e+00   3.0000000000000000e+00
   4.6487546440156189e+00   6.0608493780386175e+00   3.0000000000000000e+00
   4.2362156772568049e+00   3.3355293956161214e+00   3.0000000000000000e+00
   5.0461326397327566e+00   7.4868740389277626e+00   3.0000000000000000e+00
   6.5084366483584475e+00   5.5268987458870349e+00   3.0000000000000000e+00
   4.4884235196097713e+00   4.7728550677031443e+00   3.0000000000000000e+00
   6.6179987248954530e+00   5.5490905652526044e+00   3.0000000000000000e+00
   1.2564130259003159e+00   4.6513440042199248e+00   3.0000000000000000e+00
   4.4555424161366188e+00   4.0463065707759318e+00   3.0000000000000000e+00
   3.6584227158687344e+00   5.0434073105090347e+00   3.0000000000000000e+00
   4.2323271104515179e+00   4.4549652466665304e+00   3.0000000000000000e+00
   5.5823881707248511e+00   4.1709644001133093e+00   3.0000000000000000e+00
   1.3616532321059416e+00   4.9899963766952329e+00   3.0000000000000000e+00
   5.3065647534439719e+00   9.4651660930547425e+00   3.0000000000000000e+00
   1.7505998945959766e+00   4.5263430084352816e+00   3.0000000000000000e+00
   3.0779905352010961e+00   5.2303381217701217e+00   3.0000000000000000e+00
   6.1317263116246750e+00   4.9794655312850296e+00   3.0000000000000000e+00
   4.1287548045925888e+00   3.3823437461533712e+00   3.0000000000000000e+00
   5.1414830511005309e+00   4.7149605047624332e+00   3.0000000000000000e+00
   3.3548613547615469e+00   4.2608412470641932e+00   3.0000000000000000e+00
   4.7040223101238183e+00   2.1147201536332307e+00   3.0000000000000000e+00
   2.3898662682040737e+00   5.2040672074765979e+00   3.0000000000000000e+00
   2.7708679488709809e+00   4.5094383499677235e+00   3.0000000000000000e+00
   5.3328670843671242e+00   9.3030235641317862e+00   3.0000000000000000e+00
   4.7232325809892419e+00   3.7712963332896221e+00   3.0000000000000000e+00
   5.2901918513230362e+00   9.5889136450470787e+00   3.0000000000000000e+00
   5.5628752310643339e+00   6.6933862642863753e+00   3.0000000000000000e+00
   6.2016054549332509e+00   4.4729905499636864e+00   3.0000000000000000e+00
   5.1869189240235238e+00   4.7840542063646185e-01   3.0000000000000000e+00
   5.4983760299566615e+00   5.6731245653586093e+00   3.0000000000000000e+00
   1.5964501645548024e+00   4.7816557102748805e+00   3.0000000000000000e+00
   5.6644664653440424e+00   4.0280647508496505e+00   3.0000000000000000e+00
   1.8900397253417156e+00   5.0787322227654155e+00   3.0000000000000000e+00
   5.8818938601225472e+00   6.1638640927662323e+00   3.0000000000000000e+00
   8.6102672327352581e-01   4.6532672320455379e+00   3.0000000000000000e+00
   2.6718357894547751e+00   4.9652937174839646e+00   3.0000000000000000e+00
   5.0553327762893687e+00   8.5866101123487066e+00   3.0000000000000000e+00
   8.4866928598255527e+00   5.0536286238329122e+00   3.0000000000000000e+00
   4.9176830697645073e+00   7.2758468333858382e+00   3.0000000000000000e+00
   5.1530587937257994e+00   5.9696362378662950e+00   3.0000000000000000e+00
   4.9246545553329568e+00   4.8441846472658723e+00   3.0000000000000000e+00
   7.8969932122675432e+00   5.0117788790729954e+00   3.0000000000000000e+00
   4.6005959514285681e+00   3.4680793651281117e+00   3.0000000000000000e+00
   7.0856529022146306e+00   5.1942905763334499e+00   3.0000000000000000e+00
   3.0444045814362442e+00   5.0925764122591852e+00   3.0000000000000000e+00
   4.7524430018266006e+00   4.3082511607242129e+00   3.0000000000000000e+00
   5.2704541269436476e+00   7.8797632827878541e+00   3.0000000000000000e+00
   7.2964070893159017e+00   5.2271285614915790e+00   3.0000000000000000e+00
   8.5598204915186500e+00   5.0645545489201300e+00   3.0000000000000000e+00
   6.8816781943735785e+00   5.1449890685499824e+00   3.0000000000000000e+00
   4.9431918457571831e+00   3.8118627155533780e+00   3.0000000000000000e+00
   4.5216083325436411e+00   4.7449676646208481e+00   3.0000000000000000e+00
   6.4702727517671548e+00   5.8161919928585393e+00   3.0000000000000000e+00
   4.7311427073828671e+00   1.1672675299976376e+00   3.0000000000000000e+00
   7.9500235520486848e+00   5.2902739101537675e+00   3.0000000000000000e+00
   5.0788810086688985e+00   7.7671886385900208e+00   3.0000000000000000e+00
   4.5621232681697315e+00   5.0409062485811065e+00   3.0000000000000000e+00
   4.8426511476735481e+00   6.4043690494034786e+00   3.0000000000000000e+00
   2.1528308270411136e+00   5.0095344160848088e+00   3.0000000000000000e+00
   5.2025282081059583e+00   1.3605006460061264e+00   3.0000000000000000e+00
   6.6244703530967648e+00   5.3838951276847329e+00   3.0000000000000000e+00
   5.3644877354781819e+00   5.5450945342869993e+00   3.0000000000000000e+00
   3.9613038848031010e+00   3.6905801623772163e+00   3.0000000000000000e+00
   2.8117092319258310e+00   5.1648549883134764e+00   3.0000000000000000e+00
   9.8215889362213389e+00   5.2873955974187616e+00   3.0000000000000000e+00
   2.1421642953923383e+00   4.7489743088242449e+00   3.0000000000000000e+00
   5.0019312292968330e+00   9.3934791750020441e+00   3.0000000000000000e+00
   4.2091329633132668e+00   4.9464770258260051e+00   3.0000000000000000e+00
   2.8553955822850288e+00   5.3388773623797334e+00   3.0000000000000000e+00
   8.7601628205015238e+00   4.9113994641282810e+00   3.0000000000000000e+00
   7.7236210497104851e+00   4.7072716791840783e+00   3.0000000000000000e+00
   5.5866072801079305e+00   6.9872230139491078e+00   3.0000000000000000e+00
   5.3271766193787009e+00   4.2733257835610337e+00   3.0000000000000000e+00
   4.7832765700531157e+00   1.0029338020080414e+00   3.0000000000000000e+00
   2.5949941446605127e+00   5.0708903777940320e+00   3.0000000000000000e+00
   7.3402494071055258e-01   5.0036721988231996e+00   3.0000000000000000e+00
   4.9224928900324176e+00   9.6739353330924196e+00   3.0000000000000000e+00
   5.3628845872418669e+00   3.4226698288199984e+00   3.0000000000000000e+00
   8.0266915062120354e+00   4.9106110255262960e+00   3.0000000000000000e+00
   6.2384832081586241e+00   5.6237611402902985e+00   3.0000000000000000e+00
   6.2115714939700082e+00   4.7454006631563903e+00   3.0000000000000000e+00
   3.1126563356964221e+00   4.7553397627586129e+00   3.0000000000000000e+00
   4.5332531498008031e+00   6.2079082349061103e+00   3.0000000000000000e+00
   9.3875014381722526e+00   4.7826760552328773e+00   3.0000000000000000e+00
   3.6223312810575656e+00   5.3418185364506829e+00   3.0000000000000000e+00
   2.7295214427019818e+00   5.3691876902448588e+00   3.0000000000000000e+00
   5.0234526197023941e+00   6.3717581266213035e+00   3.0000000000000000e+00
   6.0859247066465958e+00   5.8999747365565423e+00   3.0000000000000000e+00
   4.6191577874521981e+00   6.0455294624751659e+00   3.0000000000000000e+00
   4.5403790332302876e+00   5.0724216051556699e+00   3.0000000000000000e+00
   6.0672555270639252e+00   5.9952480472613034e+00   3.0000000000000000e+00
   4.8678235952221360e+00   7.6823237755865224e+00   3.0000000000000000e+00
   4.6060988417947595e+00   5.6712061401516358e+00   3.0000000000000000e+00
   4.8129281793810801e+00   3.1956285346281588e-01   3.0000000000000000e+00
   6.6208766256407152e+00   4.5501705523152234e+00   3.0000000000000000e+00
   6.7237524689738546e+00   4.5693860157348007e+00   3.0000000000000000e+00
   3.6919508025122583e+00   5.3517847251589927e+00   3.0000000000000000e+00
   4.9275585795916497e+00   2.2168200646405900e-01   3.0000000000000000e+00
   3.9831994568935656e+00   5.2315681874731705e+00   3.0000000000000000e+00
   4.7583956489366077e+00   7.2507383636230109e+00   3.0000000000000000e+00
   5.2851302581869088e+00   3.2652047455888198e+00   3.0000000000000000e+00
   7.0805735937261582e+00   5.1037950442604574e+00   3.0000000000000000e+00
   4.3094117801049503e+00   4.2306588682575388e+00   3.0000000000000000e+00
   2.0367659341726538e+00   4.8830230127765031e+00   3.0000000000000000e+00
   3.5038760319448770e+00   5.0690831906119804e+00   3.0000000000000000e+00
   5.5043158053620056e+00   5.4723190898430900e+00   3.0000000000000000e+00
   4.5427898046658193e+00   1.8851195967487666e+00   3.0000000000000000e+00
   4.6386040905810919e+00   4.2715530111156594e+00   3.0000000000000000e+00
   4.1298297977548621e+00   3.8192617681915708e+00   3.0000000000000000e+00
   5.8024471966963649e+00   6.4074140714435703e+00   3.0000000000000000e+00
   5.4448732241171358e+00   8.2258843014933234e+00   3.0000000000000000e+00
   5.6530025754964282e+00   4.3006091434172546e+00   3.0000000000000000e+00
   2.2032395755010725e+00   4.3709899832586174e+00   4.0000000000000000e+00
   1.0330623173290088e+00   4.2943624037595356e+00   4.0000000000000000e+00
   8.8684822544061248e+00   5.9772755734088232e+00   4.0000000000000000e+00
   3.9373174085217135e+00   3.6067136605709416e+00   4.0000000000000000e+00
   3.1568442798229768e+00   3.8900006948556207e+00   4.0000000000000000e+00
   8.4695428358752576e+00   6.7183770106191503e+00   4.0000000000000000e+00
   5.8998095221028581e+00   9.9851907753201967e+00   4.0000000000000000e+00
   1.8812581331243228e+00   3.8041185695706869e+00   4.0000000000000000e+00
   6.2274386417648229e+00   8.0660608759611883e+00   4.0000000000000000e+00
   9.1464643979043938e+00   6.3044797474680738e+00   4.0000000000000000e+00
   8.7968575586918760e+00   5.5264501928043908e+00   4.0000000000000000e+00
   6.2813888160201605e+00   7.7157922213844525e+00   4.0000000000000000e+00
   3.1212859514449418e+00   1.8321649783757421e+00   4.0000000000000000e+00
   3.5079970964001705e+00   2.2177609162719412e+00   4.0000000000000000e+00
   2.9294394203426464e+00   3.5061928096270867e+00   4.0000000000000000e+00
   5.9359295602276818e+00   7.0013455841223324e+00   4.0000000000000000e+00
   5.8764085343670729e+00   9.5010420999524303e+00   4.0000000000000000e+00
   3.2946936800747229e-01   4.3503154619512463e+00   4.0000000000000000e+00
   6.2654879606794500e+00   6.5805346345087408e+00   4.0000000000000000e+00
   6.9002071333909072e+00   7.6370767597000997e+00   4.0000000000000000e+00
   3.8199581131411131e+00   3.3973924642000686e+00   4.0000000000000000e+00
   6.1664908132072940e+00   6.6976264111390424e+00   4.0000000000000000e+00
   3.7531275931368069e+00   2.8867009077267349e+00   4.0000000000000000e+00
   4.1127981678390491e+00   2.0973464793832761e+00   4.0000000000000000e+00
   4.1092156278943115e+00   1.7338386553699736e+00   4.0000000000000000e+00
   3.5774099541243798e+00   2.2548468602954630e+00   4.0000000000000000e+00
   8.4863430571195959e+00   5.4369354627114017e+00   4.0000000000000000e+00
   1.5530669686423515e+00   3.6008971020204439e+00   4.0000000000000000e+00
   3.0331821795392289e+00   3.1649601183933340e+00   4.0000000000000000e+00
   5.3838475132679751e+00   9.1997373209335827e+00   4.0000000000000000e+00
   6.2826161228438284e+00   7.6342796583152426e+00   4.0000000000000000e+00
   2.5939474782525194e+00   2.8641991377532072e+00   4.0000000000000000e+00
   8.8365542194854338e+00   5.5734476994772573e+00   4.0000000000000000e+00
   1.4863782222692545e+00   3.4313265104958601e+00   4.0000000000000000e+00
   3.1257869263653451e+00   1.9815313814877511e+00   4.0000000000000000e+00
   2.8910254848920056e+00   4.1681210987736854e+00   4.0000000000000000e+00
   9.1792171706188856e+00   6.1728760303122021e+00   4.0000000000000000e+00
   2.6736539909274972e+00   3.2350002226745711e+00   4.0000000000000000e+00
   4.3875693727843910e+00   1.2212799067242042e+00   4.0000000000000000e+00
   3.0941798282262756e+00   3.8308410748625734e+00   4.0000000000000000e+00
   6.0783477270524910e+00   8.0798669028457724e+00   4.0000000000000000e+00
   2.5716305912542259e+00   3.2587416185188847e+00   4.0000000000000000e+00
   4.0876031395037105e+00   6.3270286094253225e-01   4.0000000000000000e+00
   8.2096518921754207e+00   5.9620364086823452e+00   4.0000000000000000e+00
   1.5287686463846595e+00   3.6187601758429011e+00   4.0000000000000000e+00
   2.2640482263433848e+00   4.0652313211841840e+00   4.0000000000000000e+00
   8.1764977285062610e+00   6.0944645828178885e+00   4.0000000000000000e+00
   5.5292239370359262e+00   9.4453229303745800e+00   4.0000000000000000e+00
   3.5368865251880988e-01   4.2455387836188221e+00   4.0000000000000000e+00
   7.4989259835761244e+00   6.0290887702420690e+00   4.0000000000000000e+00
   6.8291941966154539e+00   7.2429471978645497e+00   4.0000000000000000e+00
   3.6072985309884853e+00   1.0307977731987683e+00   4.0000000000000000e+00
   7.9628233450891317e-01   3.8145235030431399e+00   4.0000000000000000e+00
   2.5588693870292731e+00   3.4662190800559758e+00   4.0000000000000000e+00
   5.6889403526423692e+00   7.1781411018476344e+00   4.0000000000000000e+00
   6.9826955798478538e+00   6.6378784330056959e+00   4.0000000000000000e+00
   6.3158724958281622e+00   6.3891074484617327e+00   4.0000000000000000e+00
   9.2197466414504543e+00   5.6561865263327951e+00   4.0000000000000000e+00
   7.2799086592840538e+00   6.9166402670485745e+00   4.0000000000000000e+00
   1.1885188144778469e+00   3.9901356557273737e+00   4.0000000000000000e+00
   7.6393447667082670e-01   4.4012405915216588e+00   4.0000000000000000e+00
   7.0352725743138533e+00   7.5455442785491131e+00   4.0000000000000000e+00
   5.5068691399504308e+00   9.0515659963297956e+00   4.0000000000000000e+00
   8.5866649951957008e+00   5.5324339021144064e+00   4.0000000000000000e+00
   3.6561172493656735e+00   8.5888228199733407e-01   4.0000000000000000e+00
   2.5680769187941510e+00   4.1746561063856706e+00   4.0000000000000000e+00
   8.3626400479797383e+00   5.5920671319055408e+00   4.0000000000000000e+00
   9.0631095676021509e+00   5.7582535788396267e+00   4.0000000000000000e+00
   5.4952863555511966e+00   9.0812261376315657e+00   4.0000000000000000e+00
   8.8331718796298127e+00   5.5655154141066436e+00   4.0000000000000000e+00
   3.4921886937898030e+00   2.2093020131898342e+00   4.0000000000000000e+00
   8.0319677286218685e+00   5.5453700841266560e+00   4.0000000000000000e+00
   6.0502409466185236e-01   4.1931881902834869e+00   4.0000000000000000e+00
   1.4049706813862128e+00   3.3991752058328508e+00   4.0000000000000000e+00
   3.6133207059051555e+00   3.4999573680802740e+00   4.0000000000000000e+00
   7.2583823741344347e+00   7.3996534357039767e+00   4.0000000000000000e+00
   6.8363207335078346e+00   7.4106857626859277e+00   4.0000000000000000e+00
   3.4102501332709823e+00   3.7024089724547817e+00   4.0000000000000000e+00
   9.5640160846296034e+00   5.3671883484822782e+00   4.0000000000000000e+00
   8.0143302305800042e+00   6.7215330560513014e+00   4.0000000000000000e+00
   1.8004214163034871e+00   4.1878727360795800e+00   4.0000000000000000e+00
   6.7173402660123269e+00   6.0209751247893859e+00   4.0000000000000000e+00
   1.3894602808097900e+00   3.7978278178756986e+00   4.0000000000000000e+00
   9.4420128088737112e+00   6.0371806983595535e+00   4.0000000000000000e+00
   8.4202462157335809e+00   5.8164427637802607e+00   4.0000000000000000e+00
   6.1655700350798872e+00   8.3349110745520623e+00   4.0000000000000000e+00
   3.9212158853818533e+00   1.9181165764108510e+00   4.0000000000000000e+00
   3.1750307372795183e+00   2.3737636602980872e+00   4.0000000000000000e+00
   6.0047102447730154e+00   6.8640133341439764e+00   4.0000000000000000e+00
   9.2266121202592828e+00   5.3923250290726639e+00   4.0000000000000000e+00
   9.3746437069778175e+00   6.3252830610839990e+00   4.0000000000000000e+00
   6.8849681781752325e+00   6.8140382517641198e+00   4.0000000000000000e+00
   6.1576576252365731e+00   6.7713566516695600e+00   4.0000000000000000e+00
   3.2930173268494678e+00   3.9766046190152284e+00   4.0000000000000000e+00
   7.2972025902713433e+00   6.0225544448790860e+00   4.0000000000000000e+00
   3.9822221658926615e+00   2.0640783252518680e+00   4.0000000000000000e+00
   3.4978020796647282e+00   1.3881621378426534e+00   4.0000000000000000e+00
   6.9418734196763374e+00   7.4211767120568952e+00   4.0000000000000000e+00
   2.6646028663377108e+00   4.2693751580944905e+00   4.0000000000000000e+00
   2.8791053599159575e+00   4.0374578175315943e+00   4.0000000000000000e+00
   6.8707938332140897e+00   6.9844624215600088e+00   4.0000000000000000e+00
   5.2712095515312640e-02   4.3418810727176451e+00   4.0000000000000000e+00
   7.6566032894305103e+00   6.2091047020313237e+00   4.0000000000000000e+00
   2.7275346813880064e+00   2.7049819475518664e+00   4.0000000000000000e+00
   6.4002630745292795e+00   6.3035764356304824e+00   4.0000000000000000e+00
   6.8350822644845923e+00   8.2719510994532985e+00   4.0000000000000000e+00
   2.8040889260682622e+00   3.2178195131499567e+00   4.0000000000000000e+00
   7.2262375913547192e+00   6.4710635782769987e+00   4.0000000000000000e+00
   8.6838309636066686e+00   6.1148537567163173e+00   4.0000000000000000e+00
   7.0828379006832476e+00   5.8043029309927396e+00   4.0000000000000000e+00
   3.0734263018227104e+00   2.4773873252705378e+00   4.0000000000000000e+00
   8.1024082570398797e+00   6.0654214145514569e+00   4.0000000000000000e+00
   6.0809289701396132e+00   9.0320180309750757e+00   4.0000000000000000e+00
   3.4205631828967489e+00   2.9176947522340182e+00   4.0000000000000000e+00
   6.5915812562486567e+00   6.6861019769052152e+00   4.0000000000000000e+00
   5.6263724401108197e+00   7.6659891155785118e+00   4.0000000000000000e+00
   5.6948219134288101e+00   9.8067187259030000e+00   4.0000000000000000e+00
   6.9364244619727158e+00   6.2451009446896135e+00   4.0000000000000000e+00
   8.9455590137364496e+00   5.5248892409051953e+00   4.0000000000000000e+00
   6.4924682895362196e+00   7.8333661610783807e+00   4.0000000000000000e+00
   4.6012928427942610e+00   9.3054786639312548e-01   4.0000000000000000e+00
   4.5596298112362152e+00   3.4768739516204183e-01   4.0000000000000000e+00
   2.8637008075190842e+00   3.4049440601896128e+00   4.0000000000000000e+00
   2.8196093656046441e+00   3.6832697298150530e+00   4.0000000000000000e+00
   8.4680214044100541e+00   5.8742826445088454e+00   4.0000000000000000e+00
   3.1088572396268099e+00   2.0944652278591400e+00   4.0000000000000000e+00
   3.2652526913487900e+00   2.6615716821069224e+00   4.0000000000000000e+00
   7.6504982729654039e+00   7.1533664869160196e+00   4.0000000000000000e+00
   2.5252184527819499e+00   3.4339321255776412e+00   4.0000000000000000e+00
   8.5305671517345676e+00   5.9077675781801373e+00   4.0000000000000000e+00
   2.8628894479811882e+00   2.7635451791014698e+00   4.0000000000000000e+00
   4.4572698163740814e+00   6.1317349186476022e-02   4.0000000000000000e+00
   3.6566380559787781e+00   3.7666548041076275e+00   4.0000000000000000e+00
   6.6122714898283839e+00   6.0672040107834855e+00   4.0000000000000000e+00
   7.6313746290601134e+00   6.0883306980511804e+00   4.0000000000000000e+00
   1.2466884552084712e+00   4.5575170117027746e+00   4.0000000000000000e+00
   4.1536221163516815e+00   8.9552839656205419e-01   4.0000000000000000e+00
   6.2918626477695074e+00   6.4166777998555169e+00   4.0000000000000000e+00
   2.6475737303786806e+00   3.9339809184623320e+00   4.0000000000000000e+00
   5.6547443609417094e+00   8.4018223913753829e+00   4.0000000000000000e+00
   6.2587286676129974e+00   6.7970391617145705e+00   4.0000000000000000e+00
   3.5867899283937597e+00   3.8312541561091242e+00   4.0000000000000000e+00
   7.3823356508802060e+00   7.1731441218322889e+00   4.0000000000000000e+00
   1.1607718098999487e+00   4.4823839181455272e+00   4.0000000000000000e+00
   7.2211971378226032e+00   7.6642765408945017e+00   4.0000000000000000e+00
   4.0319411378693495e+00   2.8416799045009435e+00   4.0000000000000000e+00
   5.5815602212549003e+00   8.4539600451875270e+00   4.0000000000000000e+00
   3.4054368567996738e+00   2.4668889933100058e+00   4.0000000000000000e+00
   9.7208051462866436e+00   5.6398251820385257e+00   4.0000000000000000e+00
   2.0650657852186418e+00   3.4490405319557063e+00   4.0000000000000000e+00
   6.0939205438481636e-02   3.8237657562103045e+00   4.0000000000000000e+00
   8.6581943447141825e+00   5.5448980202089917e+00   4.0000000000000000e+00
   4.5813731660148918e+00   1.3476761987497465e+00   4.0000000000000000e+00
   5.8423060977123615e+00   7.8493284947407922e+00   4.0000000000000000e+00
   8.1656124545894944e+00   5.4851959404044131e+00   4.0000000000000000e+00
   9.0858637254119952e+00   6.3032040012479476e+00   4.0000000000000000e+00
   4.1190965180954855e+00   2.8922909028180719e+00   4.0000000000000000e+00
   2.7070247640344403e+00   4.0927412647108499e+00   4.0000000000000000e+00
   3.8373991200332549e+00   2.3847857653235360e+00   4.0000000000000000e+00
   7.1877780642356974e+00   7.4343042653221136e+00   4.0000000000000000e+00
   3.9977731171875366e+00   9.0699234151490393e-01   4.0000000000000000e+00
   3.5007472248683236e+00   1.1390024270847676e+00   4.0000000000000000e+00
   6.8758659357997640e+00   6.7441191542607495e+00   4.0000000000000000e+00
   8.6721424652922945e+00   5.5177084703896107e+00   4.0000000000000000e+00
   3.5211743426619710e+00   2.8394222450791418e+00   4.0000000000000000e+00
   3.8711442133302687e+00   3.2601949659878837e+00   4.0000000000000000e+00
   3.2755652232427090e+00   4.0854910108296183e+00   4.0000000000000000e+00
   8.2053873891888642e+00   5.8678441897596336e+00   4.0000000000000000e+00
   3.7121080266667028e+00   1.4347726532159599e+00   4.0000000000000000e+00
   7.0316017629443381e+00   6.6842537957073498e+00   4.0000000000000000e+00
   4.1222603255669199e+00   3.3022005717324676e+00   4.0000000000000000e+00
   2.1743213502610770e+00   4.0287754767851212e+00   4.0000000000000000e+00
   4.3237428298538161e-01   4.3965508940331155e+00   4.0000000000000000e+00
   5.0624767867549103e-01   2.0682946665119317e+00   5.0000000000000000e+00
   1.9846703837054624e+00   2.1849651728907138e+00   5.0000000000000000e+00
   4.1555943696973574e-01   1.5049756873889353e+00   5.0000000000000000e+00
   7.5544543393124926e+00   8.7408901912320029e+00   5.0000000000000000e+00
   8.9283308475003320e-02   4.5405543528119097e-01   5.0000000000000000e+00
   2.3699543245418186e+00   9.3168239679815579e-01   5.0000000000000000e+00
   9.0549417384693438e+00   7.5767339260097719e+00   5.0000000000000000e+00
   8.8157009481580051e+00   8.7068015526551861e+00   5.0000000000000000e+00
   9.2003862115602217e+00   7.5587038607767347e+00   5.0000000000000000e+00
   1.9027229023137704e+00   8.8324923726098237e-01   5.0000000000000000e+00
   8.4353557533994170e+00   8.6183345956387409e+00   5.0000000000000000e+00
   9.8245352626155267e+00   8.6542819781477931e+00   5.0000000000000000e+00
   2.0224495183552413e+00   2.3010016743266437e+00   5.0000000000000000e+00
   8.0908002474499234e+00   7.3337145872163472e+00   5.0000000000000000e+00
   1.1587038195946964e+00   2.8814097019422613e+00   5.0000000000000000e+00
   1.6945105967007057e+00   2.2970170656149556e+00   5.0000000000000000e+00
   1.4496211651792612e+00   2.2014831654324052e-01   5.0000000000000000e+00
   6.9210907057956073e-01   2.5122333115001592e+00   5.0000000000000000e+00
   9.4051235733322294e+00   7.3541330863968044e+00   5.0000000000000000e+00
   2.1398846716548281e+00   1.3700842544143554e+00   5.0000000000000000e+00
   3.1109994947968147e+00   1.6155984268487278e+00   5.0000000000000000e+00
   5.0777487311495229e-02   3.4928740732649253e+00   5.0000000000000000e+00
   9.0779267131275869e+00   7.8752418375316022e+00   5.0000000000000000e+00
   8.3681327427997019e+00   7.0372934621162653e+00   5.0000000000000000e+00
   8.2145998534295050e-01   7.1551839876153212e-01   5.0000000000000000e+00
   3.3594726446971590e-02   3.4136823521836632e+00   5.0000000000000000e+00
   8.2257960644798818e+00   7.5098790002032665e+00   5.0000000000000000e+00
   1.6841421282767965e+00   2.7824705255883799e+00   5.0000000000000000e+00
   1.8483717065917737e+00   2.3111001047032689e+00   5.0000000000000000e+00
   6.9741692985714598e+00   8.6265223856299009e+00   5.0000000000000000e+00
   2.8467200210799759e+00   8.7275180960359688e-01   5.0000000000000000e+00
   9.8670551131978517e+00   8.1846042430319805e+00   5.0000000000000000e+00
   9.5013048091835994e+00   9.6810674355576651e+00   5.0000000000000000e+00
   9.2169669227219622e+00   8.6908668168029060e+00   5.0000000000000000e+00
   4.3630016348377265e-01   3.1633734728146710e+00   5.0000000000000000e+00
   1.3574345946166000e+00   1.0704654126407620e+00   5.0000000000000000e+00
   7.7822536087773342e+00   7.2446564575076833e+00   5.0000000000000000e+00
   7.7754111721636026e+00   9.4015052781299975e+00   5.0000000000000000e+00
   3.0612043881037945e+00   3.7750442437534781e-01   5.0000000000000000e+00
   2.1531227006694831e+00   2.2145772427084029e+00   5.0000000000000000e+00
   2.0059559198034318e+00   1.4065324123508705e+00   5.0000000000000000e+00
   2.2648850557068068e+00   2.0025822988428885e+00   5.0000000000000000e+00
   8.6087614864293140e+00   8.5262009469857798e+00   5.0000000000000000e+00
   2.6909340116283986e-01   2.5891441100042889e+00   5.0000000000000000e+00
   1.2981970661297693e-01   8.8260585647483958e-01   5.0000000000000000e+00
   1.1004937371357271e+00   2.0986391233106128e+00   5.0000000000000000e+00
   8.0740293242543064e+00   8.1123875416439724e+00   5.0000000000000000e+00
   9.9064965525771265e-01   2.5471220776088286e+00   5.0000000000000000e+00
   5.9206065250574369e-01   2.1085185282283945e+00   5.0000000000000000e+00
   2.3897085030829226e+00   1.1097777894489957e-01   5.0000000000000000e+00
   1.4065085379941644e+00   3.5259508941750339e-01   5.0000000000000000e+00
   1.7055404682813224e+00   2.4857015457580789e-01   5.0000000000000000e+00
   8.9683793044754427e+00   7.5528856375960354e+00   5.0000000000000000e+00
   1.8083738177678277e-01   2.2647420238468507e+00   5.0000000000000000e+00
   7.3489529025318854e+00   8.8860080214254751e+00   5.0000000000000000e+00
   8.8058151336247565e+00   6.9514536410747638e+00   5.0000000000000000e+00
   9.4575520289516102e-01   1.4465663733489231e+00   5.0000000000000000e+00
   9.6844518866639575e+00   7.3363392541693795e+00   5.0000000000000000e+00
   3.1361386711516257e+00   4.4571403157593226e-01   5.0000000000000000e+00
   8.3837088103899529e+00   7.6928608773100473e+00   5.0000000000000000e+00
   9.2179610475931000e+00   9.1828604146781352e+00   5.0000000000000000e+00
   7.4238318806194137e+00   9.8385500392885490e+00   5.0000000000000000e+00
   9.3105263909792519e+00   7.8584578947282147e+00   5.0000000000000000e+00
   9.4604612843459872e+00   8.9228723415007138e+00   5.0000000000000000e+00
   9.6351397389118354e-02   6.7020783922920102e-01   5.0000000000000000e+00
   9.5688857687357540e+00   6.7062087769347221e+00   5.0000000000000000e+00
   6.9993539785615013e+00   9.2288387450612817e+00   5.0000000000000000e+00
   1.3146900365948577e+00   1.7831476736011120e+00   5.0000000000000000e+00
   9.6789391171617432e+00   9.6085558467601100e+00   5.0000000000000000e+00
   7.8007807346980478e+00   9.2247321361389218e+00   5.0000000000000000e+00
   2.4968704233463104e+00   1.1964730417853886e+00   5.0000000000000000e+00
   2.2219745735884358e+00   3.5347105604118245e-01   5.0000000000000000e+00
   8.5713106060623705e+00   7.1476609705267951e+00   5.0000000000000000e+00
   3.5327395386808758e+00   6.6601060741343754e-01   5.0000000000000000e+00
   6.1404378695783968e-01   3.3329613507471780e+00   5.0000000000000000e+00
   1.0506615908348149e+00   2.6474801898003539e+00   5.0000000000000000e+00
   9.7448632598149842e-01   3.0318097593635973e+00   5.0000000000000000e+00
   3.4799038642253155e+00   4.6612919201005520e-01   5.0000000000000000e+00
   1.9694922689484673e+00   5.9569336944147899e-01   5.0000000000000000e+00
   1.7390561525616799e+00   1.0327092779763636e+00   5.0000000000000000e+00
   7.9208917176287947e+00   7.4887707783411885e+00   5.0000000000000000e+00
   8.7496957526671189e+00   8.7842277594393945e+00   5.0000000000000000e+00
   3.5709325602248598e+00   4.7426605676386568e-01   5.0000000000000000e+00
   2.1985403416960536e-01   3.5973161370083764e+00   5.0000000000000000e+00
   7.4405356239917904e+00   9.0618413553654129e+00   5.0000000000000000e+00
   1.2806090167067574e+00   9.4362791615258623e-01   5.0000000000000000e+00
   1.7524357614492247e+00   3.0035168326785655e+00   5.0000000000000000e+00
   1.1542846492033321e+00   3.1443428365189519e+00   5.0000000000000000e+00
   1.7640067316730845e-01   2.9197696941544038e+00   5.0000000000000000e+00
   9.0416351626069744e+00   7.6454234299973276e+00   5.0000000000000000e+00
   7.9155179980555079e+00   8.0853396658926187e+00   5.0000000000000000e+00
   2.0246861925467963e+00   1.4351725542233762e+00   5.0000000000000000e+00
   2.1856611829445094e-01   1.6869592786794396e+00   5.0000000000000000e+00
   1.5387469506875839e+00   1.9370606601716389e+00   5.0000000000000000e+00
   2.1282194240408439e+00   5.6511701215755106e-01   5.0000000000000000e+00
   8.0605399649573357e+00   7.5292913096394409e+00   5.0000000000000000e+00
   3.4185660347244182e+00   6.3648925683955415e-01   5.0000000000000000e+00
   3.2869698970720007e-02   2.8693718216682029e+00   5.0000000000000000e+00
   7.4516685028846403e+00   7.9725557800950240e+00   5.0000000000000000e+00
   2.3817815823104524e+00   1.2878720760435503e-01   5.0000000000000000e+00
   3.1406175727675367e+00   1.0708066998533916e+00   5.0000000000000000e+00
   8.1515695203641840e+00   8.0152731312604235e+00   5.0000000000000000e+00
   8.6691531892705225e+00   8.4842983673374484e+00   5.0000000000000000e+00
   3.2159527124937992e+00   8.2421436130143744e-01   5.0000000000000000e+00
   1.3518403496968767e+00   5.9281425859646797e-01   5.0000000000000000e+00
   8.5732962246514681e+00   8.0817978375877466e+00   5.0000000000000000e+00
   7.5910390661994089e+00   9.8447690218378163e+00   5.0000000000000000e+00
   2.8468007323411082e+00   1.2356400836274495e+00   5.0000000000000000e+00
   6.8496944437483354e+00   9.4409279634788081e+00   5.0000000000000000e+00
   9.0615653025563496e+00   8.6709693191761694e+00   5.0000000000000000e+00
   7.1028755453660235e+00   8.3791523767927281e+00   5.0000000000000000e+00
   1.5085755505245779e+00   3.2390394243913234e+00   5.0000000000000000e+00
   9.5330985658008611e+00   7.7746889902958944e+00   5.0000000000000000e+00
   7.7441488433032601e+00   9.3094573772343487e+00   5.0000000000000000e+00
   8.2975093856097040e+00   9.4314829534263076e+00   5.0000000000000000e+00
   6.2555687472926946e-01   1.3401730354557018e+00   5.0000000000000000e+00
   1.1834413600358540e+00   2.2091128231787338e+00   5.0000000000000000e+00
   7.4813980565903329e+00   8.0287818192786382e+00   5.0000000000000000e+00
   1.2974738856628476e-01   1.2292223993442741e+00   5.0000000000000000e+00
   1.6553061247478573e-01   1.3283003016379924e+00   5.0000000000000000e+00
   7.8690820654798488e+00   9.5282990534315797e+00   5.0000000000000000e+00
   1.4393083135098850e+00   3.2481814969338627e+00   5.0000000000000000e+00
   3.0823118329226817e+00   3.1416211900200497e-01   5.0000000000000000e+00
   9.9237163984829184e+00   7.4846086659692119e+00   5.0000000000000000e+00
   9.9270300463580750e+00   7.2399326095440921e+00   5.0000000000000000e+00
   2.7546562072344507e+00   9.3632940302706857e-01   5.0000000000000000e+00
   8.4139064803013053e+00   6.9471373751177703e+00   5.0000000000000000e+00
   2.3233089065210057e+00   6.1370487261793727e-02   5.0000000000000000e+00
   7.6571635791288077e+00   7.8623103165956651e+00   5.0000000000000000e+00
   7.4845532446190854e-01   1.3338058915939355e+00   5.0000000000000000e+00
   8.9341861384868215e-01   1.1152253197625073e+00   5.0000000000000000e+00
   8.6974685816338688e+00   7.2750733779133769e+00   5.0000000000000000e+00
   9.7085778495598767e+00   9.1887206173511888e+00   5.0000000000000000e+00
   7.3746812537122786e-01   2.0738088677639341e+00   5.0000000000000000e+00
   2.2917781752739517e+00   1.6495596011449631e+00   5.0000000000000000e+00
   1.6133180886696985e+00   2.4018539971732897e+00   5.0000000000000000e+00
   8.6848325115611775e+00   8.1977041615395958e+00   5.0000000000000000e+00
   7.0804380941950260e+00   9.9095390948498316e+00   5.0000000000000000e+00
   1.7295968580997367e+00   1.1679069838741152e+00   5.0000000000000000e+00
   8.7922825553288178e+00   7.3148022674549553e+00   5.0000000000000000e+00
   2.7862288478206834e+00   7.3884189302172332e-01   5.0000000000000000e+00
   9.0773753467847449e+00   9.3011004578727334e+00   5.0000000000000000e+00
   3.3956121026627839e+00   3.3773900304068238e-03   5.0000000000000000e+00
   2.9549539673256575e-01   1.9571886052345699e+00   5.0000000000000000e+00
   1.1648791270608005e+00   2.0233297197828612e+00   5.0000000000000000e+00
   1.5037915441924465e+00   2.2381111356625394e+00   5.0000000000000000e+00
   3.5811607982049853e-01   1.9789737802764718e-01   5.0000000000000000e+00
   1.3677388596888895e+00   1.9771874031121117e+00   5.0000000000000000e+00
   2.2025130131652215e+00   2.1134495028544045e+00   5.0000000000000000e+00
   2.9064475451663796e-01   5.7619475788952323e-01   5.0000000000000000e+00
   7.0058483631726731e-01   2.6472749926099515e+00   5.0000000000000000e+00
   8.9342462473628252e+00   9.4187687707363850e+00   5.0000000000000000e+00
   6.9664194110235655e+00   8.0053161228927099e+00   5.0000000000000000e+00
   7.9369815846809812e+00   9.1557408475933393e+00   5.0000000000000000e+00
   2.7874785718609854e+00   9.6968913154376946e-01   5.0000000000000000e+00
   9.3948430443622009e+00   9.4111324102689835e+00   5.0000000000000000e+00
   6.8624388506184228e+00   8.9690832826108071e+00   5.0000000000000000e+00
   2.5242093037485214e+00   3.1705547454578653e-01   5.0000000000000000e+00
   2.7310568564619775e-01   3.2261380020412700e+00   5.0000000000000000e+00
   8.2387038542080049e+00   7.2006595299710074e+00   5.0000000000000000e+00
   9.6522270247653257e+00   7.8176247816924089e+00   5.0000000000000000e+00
   1.4000267690995261e+00   1.2716332558383836e+00   5.0000000000000000e+00
   8.7568588550121103e+00   8.8189490911640380e+00   5.0000000000000000e+00
   7.5588950538834414e+00   7.4627542896597117e+00   5.0000000000000000e+00
   8.8859639670019313e+00   8.0539527389249059e+00   5.0000000000000000e+00
   8.2322062650006806e+00   7.4026941671350501e+00   5.0000000000000000e+00
   1.7940190111988208e+00   2.4879909162524361e+00   5.0000000000000000e+00
   2.1607425011344130e+00   3.2265529302582974e-01   5.0000000000000000e+00
   8.7505352606586175e+00   6.6310888669652961e+00   5.0000000000000000e+00
   5.2931525184519046e-01   1.4692536487487651e+00   5.0000000000000000e+00
   1.9826286636080770e+00   2.2528374891679426e+00   5.0000000000000000e+00
   9.1488589779311429e+00   6.5012374166623621e+00   5.0000000000000000e+00
   8.9169100625012696e+00   9.6814693858681569e+00   5.0000000000000000e+00
   9.1058252445318182e+00   6.5596655040114138e+00   5.0000000000000000e+00
   1.8566050915277477e+00   2.5316776003161623e-01   5.0000000000000000e+00
   7.2847911201119970e+00   9.8256013770051389e+00   5.0000000000000000e+00
   6.4675101497546521e+00   9.1894056034705116e+00   5.0000000000000000e+00
   2.4473362765890849e-01   2.5649892255410545e+00   5.0000000000000000e+00
   9.4001646349824384e+00   8.0793660318971874e+00   5.0000000000000000e+00
   1.0064810746017105e+00   2.1417441187022201e+00   5.0000000000000000e+00
   8.1091325804445287e+00   9.0971732129276344e+00   5.0000000000000000e+00
   7.1089964303417785e+00   8.7321110795572405e+00   5.0000000000000000e+00
   2.0036321276576272e+00   7.2394694134938264e-01   5.0000000000000000e+00
   9.0985081221204904e+00   8.4667109629162436e+00   5.0000000000000000e+00
   8.2774171897107927e+00   7.0594517209786485e+00   5.0000000000000000e+00
   1.8822591916261344e-01   2.5723333276581375e+00   5.0000000000000000e+00
   2.5176514323538681e+00   4.8173623961423218e-01   5.0000000000000000e+00
   3.5953329371400065e+00   4.5821811788942068e-01   5.0000000000000000e+00
   9.9619750495153134e+00   8.5867537425836122e+00   5.0000000000000000e+00
   9.2839835800316912e+00   8.7166666466557761e+00   5.0000000000000000e+00
   9.6334354418537185e+00   9.2894612810970472e+00   5.0000000000000000e+00
   2.2471070319225928e+00   1.5823370535326675e-01   5.0000000000000000e+00
   1.0903128751862268e+00   3.0321947210708498e+00   5.0000000000000000e+00
   7.9798125899298986e+00   9.2525189483030079e+00   5.0000000000000000e+00
   6.5293948390451115e+00   9.1283871954147191e+00   5.0000000000000000e+00
   9.1158858694446216e+00   7.2342645156175589e+00   5.0000000000000000e+00
   2.8810054394647677e-01   1.1867085928071841e+00   5.0000000000000000e+00
   1.7836934662990356e+00   2.7262410616390342e-01   5.0000000000000000e+00
   7.0518278941701205e+00   9.7586331369576254e+00   5.0000000000000000e+00
