   2.8284798621939977e+00   8.6135018846471958e+00   1.0000000000000000e+00
   9.3007140026486077e+00   9.5907020518647856e-01   1.0000000000000000e+00
   8.4791284609860851e-02   7.9368322177141826e+00   1.0000000000000000e+00
   1.1677466642250134e+00   8.7875187479863399e+00   1.0000000000000000e+00
   2.1663861307426879e+00   8.8134728509326816e+00   1.0000000000000000e+00
   2.3330937009036212e-01   9.3824651050599392e+00   1.0000000000000000e+00
   1.3752602463651387e+00   9.4466836161167222e+00   1.0000000000000000e+00
   2.7505773255134969e+00   9.9664183694133985e+00   1.0000000000000000e+00
   2.6098208172416282e+00   9.2090505956716857e+00   1.0000000000000000e+00
   8.5096263888452288e+00   1.1096218508291544e+00   1.0000000000000000e+00
   2.1175057321050952e+00   8.2476380940277831e+00   1.0000000000000000e+00
   8.7693580156917772e+00   2.6199300487753829e+00   1.0000000000000000e+00
   9.8228074772024208e+00   2.1971930102013406e+00   1.0000000000000000e+00
   5.6079891586656605e-01   8.2073728156323877e+00   1.0000000000000000e+00
   1.1303322701771801e+00   8.6332211180413729e+00   1.0000000000000000e+00
   4.6626340815292933e-01   7.9750514889974253e+00   1.0000000000000000e+00
   2.5478460530868210e+00   8.5433059877269564e+00   1.0000000000000000e+00
   1.0656630128430333e+00   7.8832603820278102e+00   1.0000000000000000e+00
   9.1534414141081673e+00   1.3184150228581215e-01   1.0000000000000000e+00
   9.1362016268046968e+00   8.7329359394462847e-01   1.0000000000000000e+00
   2.2692577955163906e+00   8.5187253181854974e+00   1.0000000000000000e+00
   1.7498389852100804e+00   9.8916348637213130e+00   1.0000000000000000e+00
   9.7357094426670638e+00   2.5233077311663319e+00   1.0000000000000000e+00
   1.2962437616002220e+00   8.2658834613124270e+00   1.0000000000000000e+00
   2.8646888574995408e+00   9.1990667919549871e+00   1.0000000000000000e+00
   2.0794276002215484e+00   8.0445603880528775e+00   1.0000000000000000e+00
   7.3058514409800290e+00   1.5197426842818385e+00   1.0000000000000000e+00
   8.7107782959219726e-01   9.7390008002686805e+00   1.0000000000000000e+00
   1.8900000863881761e+00   8.2767592189415442e+00   1.0000000000000000e+00
   1.1682947750764083e+00   9.4666987686857915e+00   1.0000000000000000e+00
   8.9155712756933632e+00   5.0987715804513223e-01   1.0000000000000000e+00
   7.9609339188677231e+00   1.1028167296978719e+00   1.0000000000000000e+00
   7.5563944160180876e+00   1.3331167230182561e+00   1.0000000000000000e+00
   1.1365056210706492e-01   9.8304130519104476e+00   1.0000000000000000e+00
   7.5294831679968333e+00   2.0174267864768360e+00   1.0000000000000000e+00
   7.3161430080894920e+00   1.9402795393565342e+00   1.0000000000000000e+00
   2.5175572244917710e+00   8.7987099592744116e+00   1.0000000000000000e+00
   1.4389501775078806e-01   7.3840654866485433e+00   1.0000000000000000e+00
   6.2426877255431945e-01   7.4876214516850705e+00   1.0000000000000000e+00
   7.6838559766735859e+00   1.1414288762070890e+00   1.0000000000000000e+00
   2.4220794175092641e+00   9.1570507186089163e+00   1.0000000000000000e+00
   5.6208789409778803e-01   7.5429608071093268e+00   1.0000000000000000e+00
   2.7812306027285572e-01   8.1940363106177454e+00   1.0000000000000000e+00
   2.9562291229783266e+00   8.9317065096421935e+00   1.0000000000000000e+00
   1.1920093013939470e+00   7.9711297649713666e+00   1.0000000000000000e+00
   4.9172298219361643e-01   8.6293401949163364e+00   1.0000000000000000e+00
   9.4825457779109747e+00   1.5235496053769437e+00   1.0000000000000000e+00
   6.8255751299614156e+00   1.2069070610343813e+00   1.0000000000000000e+00
   2.3818166598296497e+00   9.6289506958768083e+00   1.0000000000000000e+00
   4.1980403950874545e-01   8.8042515630850549e+00   1.0000000000000000e+00
   7.6712063052035386e+00   1.7344166894684787e+00   1.0000000000000000e+00
   8.0092288871045199e+00   1.9441531166143966e+00   1.0000000000000000e+00
   1.6181482795025803e+00   8.6624582055980035e+00   1.0000000000000000e+00
   8.1387792040629137e+00   1.5870671813874893e+00   1.0000000000000000e+00
   1.4467812752809128e+00   8.9620445003212872e+00   1.0000000000000000e+00
   8.9787275072870010e+00   1.4281157422011459e+00   1.0000000000000000e+00
   8.0294696317744556e+00   9.5993988310610900e-01   1.0000000000000000e+00
   7.7889280306152138e+00   2.8015930952185295e+00   1.0000000000000000e+00
   1.0019295286968499e+00   8.2760302867330200e+00   1.0000000000000000e+00
   9.9075046988769984e+00   8.6938483079050499e-01   1.0000000000000000e+00
   2.6539171839074651e+00   9.5285953495618152e+00   1.0000000000000000e+00
   7.8348612905722090e+00   1.2154243835401135e+00   1.0000000000000000e+00
   8.0189161113526310e+00   2.0492737113409931e-01   1.0000000000000000e+00
   9.2124703765036635e+00   3.5032451499139317e+00   1.0000000000000000e+00
   2.6494925847081352e-01   6.9161519062451617e+00   1.0000000000000000e+00
   8.7050207570838118e+00   2.0132450247872011e+00   1.0000000000000000e+00
   6.4139873669939877e+00   2.4899477247299906e-01   1.0000000000000000e+00
   9.7343247049843873e-01   8.7235562045116062e+00   1.0000000000000000e+00
   1.5932995429114316e+00   8.4760839738520453e+00   1.0000000000000000e+00
   3.0794672873248330e-01   7.8280161858016486e+00   1.0000000000000000e+00
   1.0079411755074885e+00   7.7939600240628657e+00   1.0000000000000000e+00
   9.0991163768806373e+00   1.0690736136288070e+00   1.0000000000000000e+00
   7.7083143935289034e-01   8.2928268687379241e+00   1.0000000000000000e+00
   8.3536499097344397e+00   2.9608588379343548e+00   1.0000000000000000e+00
   9.4914609036016646e+00   7.1348420860500639e-01   1.0000000000000000e+00
   2.2481663784212902e-02   7.8483394201686787e+00   1.0000000000000000e+00
   8.9162637651200587e+00   3.3911153245952184e+00   1.0000000000000000e+00
   3.2303211980356572e-01   9.1593301029437306e+00   1.0000000000000000e+00
   7.4362354330456482e+00   7.2957747907551607e-02   1.0000000000000000e+00
   9.8235836177255322e+00   1.3148251101174591e+00   1.0000000000000000e+00
   9.0367470599718391e-01   8.4422056064112407e+00   1.0000000000000000e+00
   1.9881744862890849e-01   6.3452697087848815e+00   1.0000000000000000e+00
   2.6621724419037562e+00   9.8085981970996485e+00   1.0000000000000000e+00
   6.7011924918673191e+00   8.5708912108040214e-01   1.0000000000000000e+00
   7.8038095070690812e+00   2.7991592187166061e+00   1.0000000000000000e+00
   3.0493497764408852e+00   9.3222016183595517e+00   1.0000000000000000e+00
   8.4898406672697639e+00   1.3527268992680319e+00   1.0000000000000000e+00
   2.4198044544333519e+00   8.3177147227571879e+00   1.0000000000000000e+00
   1.1368772655049697e+00   9.5747258622455558e+00   1.0000000000000000e+00
   6.7157195616905807e-01   7.8543283471844560e+00   1.0000000000000000e+00
   7.9443116883617488e+00   1.4498011440736314e+00   1.0000000000000000e+00
   7.6524218549390985e+00   9.8109052691874310e-01   1.0000000000000000e+00
   7.9126991287102610e+00   5.0633166296414789e-01   1.0000000000000000e+00
   1.1089908482031041e+00   7.3197262954454541e+00   1.0000000000000000e+00
   1.8121513253069910e+00   7.2496344320744939e+00   1.0000000000000000e+00
   9.2472502747705789e+00   1.2151988175983408e+00   1.0000000000000000e+00
   9.0811658119468177e+00   2.5204090375277155e-01   1.0000000000000000e+00
   9.7467048948255570e+00   2.6506924760286452e+00   1.0000000000000000e+00
   3.0385447467962114e+00   8.9011230391296259e+00   1.0000000000000000e+00
   9.0702049712788373e+00   3.2718573833838969e+00   1.0000000000000000e+00
   1.5876033406018153e+00   8.8993953169182340e+00   1.0000000000000000e+00
   9.6776669263841733e+00   7.5536514718431369e-01   1.0000000000000000e+00
   2.2462615709455971e+00   9.6528400439136917e+00   1.0000000000000000e+00
   8.7825867870732051e+00   1.8578756215321479e+00   1.0000000000000000e+00
   2.1814825868746821e+00   7.4382520943339294e+00   1.0000000000000000e+00
   8.5605471702055382e+00   3.0941367069853642e+00   1.0000000000000000e+00
   7.7695842374047004e+00   1.1970093329441456e+00   1.0000000000000000e+00
   1.8115472465623772e+00   9.5655286475353662e+00   1.0000000000000000e+00
   6.9432777074502914e+00   1.4897825062060355e+00   1.0000000000000000e+00
   9.6782043893503893e+00   1.2249732124612989e+00   1.0000000000000000e+00
   6.1500128400410081e-01   7.1261140304566819e+00   1.0000000000000000e+00
   1.3280884953924654e+00   7.3823654440888333e+00   1.0000000000000000e+00
   7.7215235858505826e+00   1.7584265446651037e-01   1.0000000000000000e+00
   2.6708526047300127e+00   8.4470225304827409e+00   1.0000000000000000e+00
   6.9575110459302074e+00   1.7996634324413352e+00   1.0000000000000000e+00
   8.3518489559127591e+00   2.4982155256690897e-01   1.0000000000000000e+00
   2.5889440050554935e-02   7.8213452332055544e+00   1.0000000000000000e+00
   7.1495791395261854e-01   8.9437060728793192e+00   1.0000000000000000e+00
   2.0412694118567876e+00   8.0895664745803781e+00   1.0000000000000000e+00
   3.2549383904244591e+00   9.9289492414874836e+00   1.0000000000000000e+00
   8.7652699043278606e+00   3.1357446770158450e+00   1.0000000000000000e+00
   1.0479426802819969e+00   9.5117285317563116e+00   1.0000000000000000e+00
   3.5190825858905752e+00   9.7454371452500936e+00   1.0000000000000000e+00
   2.6816425188954240e+00   7.6791224156702622e+00   1.0000000000000000e+00
   7.6857320887551150e-01   6.8097240377948172e+00   1.0000000000000000e+00
   6.7344785616354619e+00   1.1209145017844047e+00   1.0000000000000000e+00
   8.8919856568908937e+00   3.1473002986024712e+00   1.0000000000000000e+00
   1.9454069750518388e+00   7.4420969870876350e+00   1.0000000000000000e+00
   7.9436422625385195e+00   2.2434094098074353e+00   1.0000000000000000e+00
   6.8500753461149326e+00   1.2709754950472751e+00   1.0000000000000000e+00
   7.5761540662753735e+00   1.3795430858094959e+00   1.0000000000000000e+00
   2.8022197019232586e+00   9.7992647385083647e+00   1.0000000000000000e+00
   8.4237431759689425e+00   2.9308645602794270e+00   1.0000000000000000e+00
   9.2320058434001151e-02   6.3646679834907136e+00   1.0000000000000000e+00
   3.2176844226745525e+00   8.7353641710603238e+00   1.0000000000000000e+00
   2.3299159866404184e-01   7.9969642281220477e+00   1.0000000000000000e+00
   6.7849522648256837e+00   6.7889730941029347e-01   1.0000000000000000e+00
   2.3806280340992036e+00   9.2721782038036764e+00   1.0000000000000000e+00
   2.4325316369485925e+00   8.9115994904506763e+00   1.0000000000000000e+00
   7.7220608923184866e+00   2.7182617930921826e+00   1.0000000000000000e+00
   8.7852174696138867e+00   2.9511772045759974e+00   1.0000000000000000e+00
   2.1120745083530568e-01   9.1902761785440319e+00   1.0000000000000000e+00
   4.4985057349944957e-01   9.1157123013906531e+00   1.0000000000000000e+00
   1.2303858174416871e+00   9.7585671145525570e+00   1.0000000000000000e+00
   6.9832571083923787e+00   1.0371011624719229e+00   1.0000000000000000e+00
   5.1190264152880527e-02   7.2134394663449184e+00   1.0000000000000000e+00
   1.9661311002119874e-01   8.5784273321827484e+00   1.0000000000000000e+00
   8.5549027001208380e+00   9.1887796007117828e-01   1.0000000000000000e+00
   7.7852158897384340e+00   4.4290030657425428e-01   1.0000000000000000e+00
   9.9997891542856578e+00   3.2814325083424958e+00   1.0000000000000000e+00
   4.9222544517239064e-01   6.4723132787764550e+00   1.0000000000000000e+00
   1.9289887265226269e+00   8.1180942444837303e+00   1.0000000000000000e+00
   7.7979969725526486e+00   2.4370254262124433e+00   1.0000000000000000e+00
   8.1722394945159227e+00   1.2097069009835426e-02   1.0000000000000000e+00
   7.1151551211241868e+00   1.2418231193402074e+00   1.0000000000000000e+00
   1.5062319260522317e+00   8.2216043809150712e+00   1.0000000000000000e+00
   9.1328417226075143e+00   3.0879833650798716e-01   1.0000000000000000e+00
   7.5641185406020837e+00   1.6152905525296990e+00   1.0000000000000000e+00
   6.4470814445161464e+00   2.1143473054914819e-01   1.0000000000000000e+00
   8.5403572740151379e+00   3.0500320496589062e+00   1.0000000000000000e+00
   9.7797687233881874e+00   1.6347829690626048e+00   1.0000000000000000e+00
   2.8425332159365890e+00   8.4585571128649946e+00   1.0000000000000000e+00
   2.3002427570789354e+00   9.4992828738898485e+00   1.0000000000000000e+00
   9.1623593121070623e+00   1.2516843106167086e+00   1.0000000000000000e+00
   3.5348412461071765e+00   9.3213012631964780e+00   1.0000000000000000e+00
   2.1500677153765357e-01   9.3676986338676098e+00   1.0000000000000000e+00
   1.9242816952028063e+00   8.2403820177861213e+00   1.0000000000000000e+00
   9.5430397512182097e+00   1.8936353203896139e+00   1.0000000000000000e+00
   9.1756119394892668e+00   2.3989434937102958e+00   1.0000000000000000e+00
   8.7716361502685363e+00   1.0293288412531121e+00   1.0000000000000000e+00
   3.6316698291300242e-01   9.1942776490674376e+00   1.0000000000000000e+00
   2.4145074249671685e+00   8.7909349081110495e+00   1.0000000000000000e+00
   9.5367559867852592e+00   3.5866907550374680e+00   1.0000000000000000e+00
   8.8718580288801157e+00   2.8211436411239643e+00   1.0000000000000000e+00
   9.8251597364320524e+00   8.7494770646244890e-01   1.0000000000000000e+00
   8.5788704074648336e-01   9.3553228828344288e+00   1.0000000000000000e+00
   2.2228767043442899e-01   7.2577478020513633e+00   1.0000000000000000e+00
   7.4934887398228813e+00   8.9799193293425894e-01   1.0000000000000000e+00
   8.3368703889307874e+00   1.5269170398571208e+00   1.0000000000000000e+00
   2.0783314753014528e+00   9.8848471279916748e+00   1.0000000000000000e+00
   1.1350173937602948e+00   9.6052857287995401e+00   1.0000000000000000e+00
   8.2858289733068045e+00   2.3878955231737886e+00   1.0000000000000000e+00
   9.8612259731666652e-01   9.2946650800726047e+00   1.0000000000000000e+00
   1.2420813731273572e+00   9.8834099709304937e+00   1.0000000000000000e+00
   1.0079192302360762e-01   7.1345318257463202e+00   1.0000000000000000e+00
   8.8309076247199503e+00   1.0300400501236273e+00   1.0000000000000000e+00
   6.7588321373285156e+00   4.4741489484878105e-01   1.0000000000000000e+00
   7.8567620848266078e+00   8.8285671011559930e-01   1.0000000000000000e+00
   2.0153628692658012e+00   8.7323895473225033e+00   1.0000000000000000e+00
   6.3364955930619082e-01   9.5821514254783740e+00   1.0000000000000000e+00
   9.5338529412536293e+00   7.9389624646656332e-02   1.0000000000000000e+00
   3.1928949824829465e+00   9.4400931751962744e+00   1.0000000000000000e+00
   2.2588577760172202e-01   9.7036028511470427e+00   1.0000000000000000e+00
   7.2551955323851072e+00   9.5604998788700879e-03   1.0000000000000000e+00
   8.0812444925469826e+00   3.0926413324616950e+00   1.0000000000000000e+00
   1.9902997436932579e-01   6.7154161170123032e+00   1.0000000000000000e+00
   2.8136008553510337e+00   8.9330037716826993e+00   1.0000000000000000e+00
   9.3131771726064301e+00   2.2285820530289691e+00   1.0000000000000000e+00
   9.5968349749287558e+00   2.4037573129868517e+00   1.0000000000000000e+00
   8.0093692988491707e+00   6.9873683038644829e-02   1.0000000000000000e+00
   9.9400721710619120e+00   2.9651683218354110e+00   1.0000000000000000e+00
   1.5269088001585140e+00   7.8123536329371843e+00   1.0000000000000000e+00
   9.9984051005442840e+00   1.7811865800570137e+00   1.0000000000000000e+00
   1.5534497577106521e+00   8.0255448491272148e+00   1.0000000000000000e+00
   1.4437251802146189e+00   8.5353315712995670e+00   1.0000000000000000e+00
   9.9774725245215983e+00   2.4149662815229709e+00   1.0000000000000000e+00
   5.7447496418306709e-01   7.9929311642624343e+00   1.0000000000000000e+00
   9.9272599894479789e+00   3.6160316943413950e+00   1.0000000000000000e+00
   7.8098690242129565e-01   9.8093234912126057e+00   1.0000000000000000e+00
   1.6811551332476693e+00   7.8102888482240775e+00   1.0000000000000000e+00
   9.1866156538137798e+00   3.3782372982063427e+00   1.0000000000000000e+00
   7.6641025382484163e+00   2.1311418716465247e-01   1.0000000000000000e+00
   3.2296272564843953e+00   8.4898692675678529e+00   1.0000000000000000e+00
   8.7092072663224620e+00   2.8592547173887772e+00   1.0000000000000000e+00
   9.0482855653320549e+00   2.7449206857082862e+00   1.0000000000000000e+00
   8.2246079933925138e+00   1.2185590241550082e+00   1.0000000000000000e+00
   2.2268482486560828e+00   8.5764103198946913e+00   1.0000000000000000e+00
   7.5840282335031670e+00   1.1310109480189501e+00   1.0000000000000000e+00
   9.1357513043888243e+00   1.3981330192011654e+00   1.0000000000000000e+00
   8.7856890735986042e+00   1.7478888934055736e+00   1.0000000000000000e+00
   3.2504977457752302e+00   8.5050621378799569e+00   1.0000000000000000e+00
   2.6058182301202129e+00   9.9449114649829671e+00   1.0000000000000000e+00
   1.1991714174322232e+00   8.1549124306201701e+00   1.0000000000000000e+00
   3.2533071133937574e+00   9.9582879094534942e+00   1.0000000000000000e+00
   7.7488507234413255e+00   1.8769541421650804e+00   1.0000000000000000e+00
   8.2182301623105101e+00   9.3908448154648716e-01   1.0000000000000000e+00
   2.3188688630855827e+00   9.4110543258327386e+00   1.0000000000000000e+00
   9.4877309798204355e+00   2.2897628676978066e+00   1.0000000000000000e+00
   7.9997973173185937e+00   2.0676948982995969e+00   1.0000000000000000e+00
   9.2971763939620686e+00   4.7544953199291529e+00   2.0000000000000000e+00
   3.5215767517105103e+00   5.8120255233801235e+00   2.0000000000000000e+00
   7.3339442066860308e+00   4.4539432896811713e+00   2.0000000000000000e+00
   8.9936099973458710e+00   3.5308368784827726e+00   2.0000000000000000e+00
   8.1641738216914668e+00   3.6789097638180381e+00   2.0000000000000000e+00
   4.1113642732970188e+00   8.1735289244681812e+00   2.0000000000000000e+00
   5.8397684153075673e+00   1.0133825474197489e+00   2.0000000000000000e+00
   5.5186056296015620e+00   1.1450963291082017e+00   2.0000000000000000e+00
   2.1544370253814926e+00   6.2840137618317371e+00   2.0000000000000000e+00
   2.7959350835055297e-01   5.7879266312268687e+00   2.0000000000000000e+00
   3.8761012998792155e+00   9.0396708131584269e+00   2.0000000000000000e+00
   3.1646133828513445e+00   7.7097997225485093e+00   2.0000000000000000e+00
   3.3202467652956869e+00   8.2725242417313787e+00   2.0000000000000000e+00
   3.4053165840458268e+00   7.9542057590213746e+00   2.0000000000000000e+00
   7.1126966010013328e+00   3.6207503761106983e+00   2.0000000000000000e+00
   8.7724302131723100e+00   4.5838077962469495e+00   2.0000000000000000e+00
   6.2060402003100936e+00   4.1523391841963333e+00   2.0000000000000000e+00
   9.1328807471876452e+00   3.6764803531665624e+00   2.0000000000000000e+00
   6.2268177917947085e+00   3.4672722754769403e+00   2.0000000000000000e+00
   4.7581792210198426e-02   5.4560820736302054e+00   2.0000000000000000e+00
   2.0160952892433226e+00   5.4795677808158239e+00   2.0000000000000000e+00
   3.8840150922841632e+00   7.2969440901825138e+00   2.0000000000000000e+00
   7.2798934003813471e+00   3.8295743121771633e+00   2.0000000000000000e+00
   1.1557743218866057e+00   5.7123350012946261e+00   2.0000000000000000e+00
   7.9338840760686100e+00   4.6742862223132340e+00   2.0000000000000000e+00
   7.6805987315773052e+00   4.5492528074227749e+00   2.0000000000000000e+00
   6.3090983848187543e+00   1.5146077176874018e+00   2.0000000000000000e+00
   3.8764792978948592e+00   8.4580609196526790e+00   2.0000000000000000e+00
   4.4296057585064164e+00   7.3774789019228502e+00   2.0000000000000000e+00
   2.5481169721485122e+00   6.6713794108591165e+00   2.0000000000000000e+00
   1.4432228616609566e+00   5.2783064227023493e+00   2.0000000000000000e+00
   5.9565135900529391e+00   2.3838401785135819e+00   2.0000000000000000e+00
   9.1356772758493410e-01   5.3009938160829426e+00   2.0000000000000000e+00
   8.3307582531831126e-01   6.3527405143433233e+00   2.0000000000000000e+00
   5.6555452595115261e+00   1.0322974021463793e+00   2.0000000000000000e+00
   6.1311552566539991e+00   3.4376827341894756e+00   2.0000000000000000e+00
   5.7586276948718949e+00   1.8572541099557571e+00   2.0000000000000000e+00
   3.2576965973840375e+00   7.7154169969987159e+00   2.0000000000000000e+00
   2.1421834609103829e+00   5.6326191486087174e+00   2.0000000000000000e+00
   7.7414757072480516e+00   3.8697412601488645e+00   2.0000000000000000e+00
   7.0513172169094087e+00   4.2074228350926095e+00   2.0000000000000000e+00
   8.3795984292235719e+00   3.2255115177064733e+00   2.0000000000000000e+00
   9.1337627780257300e+00   4.7183735547935681e+00   2.0000000000000000e+00
   1.2329807306948315e+00   5.9797405698870501e+00   2.0000000000000000e+00
   7.7028707472849431e+00   4.3300570991029455e+00   2.0000000000000000e+00
   5.5789085049170382e+00   1.8769338259288226e+00   2.0000000000000000e+00
   6.3889623109523779e+00   1.5815569093059878e+00   2.0000000000000000e+00
   1.3846105611719617e+00   5.7274158521241620e+00   2.0000000000000000e+00
   2.1686013998139231e+00   5.8195689575775775e+00   2.0000000000000000e+00
   7.7165027561406605e+00   3.1005686863236503e+00   2.0000000000000000e+00
   6.9301139920935837e+00   4.2081637270892926e+00   2.0000000000000000e+00
   5.3920623777540388e+00   1.5795155241949155e+00   2.0000000000000000e+00
   4.4069911149753116e+00   8.9454963635184495e+00   2.0000000000000000e+00
   3.8637413190982239e+00   7.6501179079169068e+00   2.0000000000000000e+00
   3.9947644591499665e+00   9.7634796626287397e+00   2.0000000000000000e+00
   6.3837364594540347e+00   1.7498975748046164e+00   2.0000000000000000e+00
   7.1439655027715858e+00   4.4137930629495292e+00   2.0000000000000000e+00
   9.5921987127251036e+00   4.6678650961730694e+00   2.0000000000000000e+00
   5.3435251672630546e+00   3.8258908013922288e-01   2.0000000000000000e+00
   5.8922566644993761e+00   3.7834731315614887e+00   2.0000000000000000e+00
   7.3276135798007331e+00   2.5116345544689245e+00   2.0000000000000000e+00
   4.3272939783086164e+00   7.1853664083517028e+00   2.0000000000000000e+00
   6.9278942391617822e+00   2.1592235859660356e+00   2.0000000000000000e+00
   9.7536171640580482e-01   5.5558853378696273e+00   2.0000000000000000e+00
   4.3824411093425244e+00   6.6159733337749032e+00   2.0000000000000000e+00
   2.9677707233088246e+00   7.4134558734908200e+00   2.0000000000000000e+00
   6.9571004610669629e+00   2.4030629376817956e+00   2.0000000000000000e+00
   8.3448171496561478e+00   3.6885317719780431e+00   2.0000000000000000e+00
   5.4111832959384571e+00   8.9991727588209391e-01   2.0000000000000000e+00
   5.9716193441560517e+00   2.3410378216929084e+00   2.0000000000000000e+00
   9.1449801234398560e+00   4.3448732697432231e+00   2.0000000000000000e+00
   3.5813035475252430e+00   7.6299309352156381e+00   2.0000000000000000e+00
   6.9054240006737211e-01   5.9515955543643004e+00   2.0000000000000000e+00
   8.8288928159688069e+00   3.5446141476862136e+00   2.0000000000000000e+00
   8.6902329856793692e+00   4.0244955573535703e+00   2.0000000000000000e+00
   6.4147260918805129e+00   9.1494926050807002e-01   2.0000000000000000e+00
   7.4192780841523405e+00   2.8646151303028864e+00   2.0000000000000000e+00
   3.3195291730178345e+00   8.4542200479548306e+00   2.0000000000000000e+00
   4.5009141119414071e+00   9.6737565260672369e+00   2.0000000000000000e+00
   3.0680275935339916e+00   6.3000152709004880e+00   2.0000000000000000e+00
   2.1864561522759729e+00   6.9792823736991894e+00   2.0000000000000000e+00
   4.5950940250642702e+00   9.5528420830745162e+00   2.0000000000000000e+00
   7.4540726315860866e+00   2.6921835668383154e+00   2.0000000000000000e+00
   9.7511906701160331e+00   3.8672780511710614e+00   2.0000000000000000e+00
   2.1666163202898514e+00   6.6581061508148167e+00   2.0000000000000000e+00
   7.3212541674385214e+00   2.4048880689329910e+00   2.0000000000000000e+00
   2.9954818947040396e+00   7.6406775810200367e+00   2.0000000000000000e+00
   6.2559675615100732e+00   3.8320381003041568e+00   2.0000000000000000e+00
   5.6237742912600863e+00   6.8167849747095222e-01   2.0000000000000000e+00
   5.4897943095631643e+00   1.8399911079036912e+00   2.0000000000000000e+00
   5.5226925617828160e+00   3.0895042148309027e+00   2.0000000000000000e+00
   7.6049485094363156e+00   2.9276836594414393e+00   2.0000000000000000e+00
   1.6851936645279331e+00   5.4555662432510239e+00   2.0000000000000000e+00
   3.1333597817725489e+00   6.6423584526873345e+00   2.0000000000000000e+00
   8.6253174557491512e+00   3.7459451526318146e+00   2.0000000000000000e+00
   6.2603895035480637e+00   3.2863597454021209e+00   2.0000000000000000e+00
   2.0842346795520470e+00   5.8958040375362852e+00   2.0000000000000000e+00
   9.5601712650160131e+00   4.2946199061638213e+00   2.0000000000000000e+00
   9.5498887215304862e-01   5.4581107258107284e+00   2.0000000000000000e+00
   7.0765293465931425e+00   2.5487570863646800e+00   2.0000000000000000e+00
   8.7328939047911813e+00   4.2939179528473073e+00   2.0000000000000000e+00
   5.5582562661840926e+00   1.2200467021112693e+00   2.0000000000000000e+00
   1.7795377360150599e+00   5.3624991268996416e+00   2.0000000000000000e+00
   4.0058142134600603e+00   6.8553766120123836e+00   2.0000000000000000e+00
   8.8439881069298032e+00   3.4815794573235106e+00   2.0000000000000000e+00
   6.2748772651390059e+00   3.1929089392031083e+00   2.0000000000000000e+00
   2.1184502753309351e+00   6.3169744656796247e+00   2.0000000000000000e+00
   8.0575363522626695e+00   4.5810007755047764e+00   2.0000000000000000e+00
   1.7282197503906227e+00   6.8081989726155605e+00   2.0000000000000000e+00
   8.8046783996980871e+00   4.6883275277277434e+00   2.0000000000000000e+00
   4.5457008292325884e+00   8.2821934730407119e+00   2.0000000000000000e+00
   3.4248077888409467e+00   6.9646997874118473e+00   2.0000000000000000e+00
   1.6607992647311298e+00   6.2055844469147967e+00   2.0000000000000000e+00
   5.7124645366463920e+00   1.5334684110409735e+00   2.0000000000000000e+00
   7.1093320499074757e+00   2.2090015654246322e+00   2.0000000000000000e+00
   1.2637545365217828e+00   5.3217800840971208e+00   2.0000000000000000e+00
   1.0401735840864856e+00   5.8415352985842759e+00   2.0000000000000000e+00
   3.3246869092986699e+00   6.6656574472250902e+00   2.0000000000000000e+00
   6.7540015086919158e+00   1.9182189547903439e+00   2.0000000000000000e+00
   4.0661256943181243e+00   9.0950635516566933e+00   2.0000000000000000e+00
   9.3020090387422947e+00   4.3659595163607614e+00   2.0000000000000000e+00
   7.1237622609693849e+00   3.3178829750636329e+00   2.0000000000000000e+00
   6.8101803559262333e+00   3.9235011235933905e+00   2.0000000000000000e+00
   3.1313934391139453e+00   5.8446129721146178e+00   2.0000000000000000e+00
   3.4162633778377627e+00   8.1977628065438211e+00   2.0000000000000000e+00
   8.3940780078109665e+00   4.3724384601965527e+00   2.0000000000000000e+00
   3.5987515439081887e+00   8.8117905878375637e+00   2.0000000000000000e+00
   7.6521268035046699e+00   2.8699639192915138e+00   2.0000000000000000e+00
   1.7744740634598188e-01   5.7794371388173857e+00   2.0000000000000000e+00
   9.3572173159856664e-01   5.9400743452367291e+00   2.0000000000000000e+00
   3.9987075469353526e+00   6.8940394639764282e+00   2.0000000000000000e+00
   2.3108533406503851e+00   6.6536467825005321e+00   2.0000000000000000e+00
   9.1114250410919695e-02   6.1686364342477162e+00   2.0000000000000000e+00
   1.7344243272970783e+00   6.6805742061076927e+00   2.0000000000000000e+00
   3.9866968424209501e+00   8.7630086948017993e+00   2.0000000000000000e+00
   9.9820447882479773e+00   4.0470815378208975e+00   2.0000000000000000e+00
   8.4371025292508488e+00   4.1584627741062752e+00   2.0000000000000000e+00
   4.6377330131328689e+00   7.2876323002834456e+00   2.0000000000000000e+00
   8.1439822014250911e+00   4.5161022945342175e+00   2.0000000000000000e+00
   4.3542419854494572e+00   6.6523336536213282e+00   2.0000000000000000e+00
   3.8069073111796534e+00   9.9699606269977217e+00   2.0000000000000000e+00
   6.9322356936233778e+00   4.4093841233199971e+00   2.0000000000000000e+00
   2.6886069199771323e+00   5.7377474211491748e+00   2.0000000000000000e+00
   2.6717738488088303e+00   7.0528524278916098e+00   2.0000000000000000e+00
   9.6969793280787400e+00   3.9345904441300359e+00   2.0000000000000000e+00
   4.0971502306206151e+00   6.4600174771681331e+00   2.0000000000000000e+00
   4.3137175433257369e+00   7.0910136326502400e+00   2.0000000000000000e+00
   6.9382664829309739e+00   3.9098507079217915e+00   2.0000000000000000e+00
   4.3258245398408777e+00   9.2623175075109057e+00   2.0000000000000000e+00
   3.0376951642867764e+00   7.1634989953950825e+00   2.0000000000000000e+00
   4.5735968693482976e+00   7.7437480651151969e+00   2.0000000000000000e+00
   2.3874697093996078e+00   7.2206331915871580e+00   2.0000000000000000e+00
   2.0860465195899724e+00   6.6736674055091640e+00   2.0000000000000000e+00
   6.0772571730909473e+00   6.4436688780867835e-02   2.0000000000000000e+00
   5.8516247773317556e+00   2.9305500886092362e+00   2.0000000000000000e+00
   7.3168835977124900e+00   2.9829561302067296e+00   2.0000000000000000e+00
   6.6523629779712081e+00   3.2501073811120005e+00   2.0000000000000000e+00
   2.8946443066556271e+00   6.4150060256997037e+00   2.0000000000000000e+00
   7.1361432009696157e+00   3.8673433296317929e+00   2.0000000000000000e+00
   1.0663052402905682e+00   5.6722916644339660e+00   2.0000000000000000e+00
   6.9161228501833039e+00   2.5361797363409035e+00   2.0000000000000000e+00
   2.2746693770849538e+00   7.0172311013701840e+00   2.0000000000000000e+00
   3.8222300897192762e+00   9.7314985708345709e+00   2.0000000000000000e+00
   5.3327896894085569e-01   5.8630269621732625e+00   2.0000000000000000e+00
   4.3818102825843219e+00   6.7475506073885905e+00   2.0000000000000000e+00
   7.7673297429765320e+00   4.2935549382778522e+00   2.0000000000000000e+00
   1.6588759904632544e+00   6.6537623376881347e+00   2.0000000000000000e+00
   4.3316498518038156e+00   6.7365560075674145e+00   2.0000000000000000e+00
   5.6848891339260206e+00   3.2264439193887142e+00   2.0000000000000000e+00
   3.1986731851583872e+00   6.7434146560594810e+00   2.0000000000000000e+00
   5.9192126916074699e+00   2.3146840468095675e-02   2.0000000000000000e+00
   9.3080687817944394e+00   3.6261455360011441e+00   2.0000000000000000e+00
   8.9264941789304526e+00   4.0936822086779685e+00   2.0000000000000000e+00
   9.2101719751288744e+00   3.9224004510964017e+00   2.0000000000000000e+00
   7.5591291801105758e+00   3.0759575877482161e+00   2.0000000000000000e+00
   4.0942234404421809e+00   7.3340702970020271e+00   2.0000000000000000e+00
   5.8911619370483397e+00   1.7593180971058109e-01   2.0000000000000000e+00
   9.1496059276003443e+00   3.6955114320488214e+00   2.0000000000000000e+00
   6.7246438185886941e+00   2.1506921615535224e+00   2.0000000000000000e+00
   9.9101549463469301e+00   4.1062722975569566e+00   2.0000000000000000e+00
   6.6827849992711972e+00   2.6213002969364885e+00   2.0000000000000000e+00
   8.8001107679762445e+00   3.5543667155997891e+00   2.0000000000000000e+00
   5.5502677088298320e+00   8.0068481369825917e-01   2.0000000000000000e+00
   5.9620973198568183e-01   6.0868890714608277e+00   2.0000000000000000e+00
   4.0663361468671910e+00   8.5124289861703755e+00   2.0000000000000000e+00
   4.1041663239977968e+00   8.5579670912318822e+00   2.0000000000000000e+00
   1.7726690212484120e+00   6.3323959494115503e+00   2.0000000000000000e+00
   3.5887697821908091e+00   8.1788272518515264e+00   2.0000000000000000e+00
   4.1540042809824058e+00   9.4889910769231740e+00   2.0000000000000000e+00
   7.7757861508655495e+00   4.1295399294045776e+00   2.0000000000000000e+00
   4.5973861905308926e+00   8.0732448650970312e+00   2.0000000000000000e+00
   4.1248519871881575e+00   6.5945803692882086e+00   2.0000000000000000e+00
   1.6742536048952916e+00   5.8775475779168129e+00   2.0000000000000000e+00
   8.4434086749207165e+00   3.9340282958287229e+00   2.0000000000000000e+00
   6.8343029355360629e-01   6.0533337562266487e+00   2.0000000000000000e+00
   8.0783782015846803e+00   3.3381553597246194e+00   2.0000000000000000e+00
   2.0401724564205526e-01   5.3130469899445583e+00   2.0000000000000000e+00
   6.2205877017803681e+00   3.3840022229242672e+00   2.0000000000000000e+00
   2.5163366238023563e+00   6.5183306930575142e+00   2.0000000000000000e+00
   6.2573960100250581e+00   5.2046160038524358e-01   2.0000000000000000e+00
   7.4333240455175265e+00   4.0186380497463716e+00   2.0000000000000000e+00
   3.5456127169908669e+00   5.7371466444038566e+00   2.0000000000000000e+00
   5.5402472961007634e+00   6.1885090927889297e-01   2.0000000000000000e+00
   1.7013803735028066e+00   6.6249876955091676e+00   2.0000000000000000e+00
   6.2186500336231196e+00   2.0053739571511100e+00   2.0000000000000000e+00
   6.9279276071328821e+00   4.5223087397946493e+00   2.0000000000000000e+00
   2.7622355842667199e+00   6.1723326218725489e+00   2.0000000000000000e+00
   9.7927120466028814e+00   4.2144942067685029e+00   2.0000000000000000e+00
   5.5608414861674671e+00   4.0236916545742272e+00   3.0000000000000000e+00
   5.2901918513230362e+00   9.5889136450470787e+00   3.0000000000000000e+00
   4.3588395978289114e+00   5.8057496940536701e+00   3.0000000000000000e+00
   6.5084366483584475e+00   5.5268987458870349e+00   3.0000000000000000e+00
   2.9616007618487874e+00   5.2540714380882516e+00   3.0000000000000000e+00
   2.8741235412932054e+00   4.6638015272672151e+00   3.0000000000000000e+00
   8.4445790697697642e-01   4.8684200106988360e+00   3.0000000000000000e+00
   5.0120707146215153e+00   1.9152123765545592e+00   3.0000000000000000e+00
   4.9431022262024991e+00   8.3734115825208839e+00   3.0000000000000000e+00
   4.9487691224722230e+00   7.8900540506457588e+00   3.0000000000000000e+00
   4.5856974557224657e+00   3.3749920719531223e+00   3.0000000000000000e+00
   4.9043136953492326e+00   7.9624729558035519e+00   3.0000000000000000e+00
   5.2422763154184784e+00   5.5592283106637588e+00   3.0000000000000000e+00
   7.4099256447627839e+00   4.9498588270270982e+00   3.0000000000000000e+00
   7.5062819087433574e+00   5.0030252455060964e+00   3.0000000000000000e+00
   4.9766615452290299e+00   6.3411795227149117e+00   3.0000000000000000e+00
   5.2412967101391637e+00   5.7559384387554813e+00   3.0000000000000000e+00
   9.4646552163740090e+00   5.2288421093706638e+00   3.0000000000000000e+00
   4.4706144663264338e+00   5.2640310082274100e+00   3.0000000000000000e+00
   1.3276805492248644e+00   4.6306218286833012e+00   3.0000000000000000e+00
   4.5790803275842373e+00   4.0703804759224083e+00   3.0000000000000000e+00
   6.1514719683627206e+00   5.9868624393034509e+00   3.0000000000000000e+00
   1.6502770322502358e-01   4.6972580201568084e+00   3.0000000000000000e+00
   4.8898882470510996e+00   6.8070750582679036e+00   3.0000000000000000e+00
   4.0672680721616485e+00   4.0039524111387035e+00   3.0000000000000000e+00
   5.2187040808580019e+00   1.2367786108914025e+00   3.0000000000000000e+00
   5.1995573297104727e+00   5.8217663036178147e+00   3.0000000000000000e+00
   4.6902109708401127e+00   1.2752796162566327e+00   3.0000000000000000e+00
   5.2857611421014505e+00   5.7247609534104926e+00   3.0000000000000000e+00
   1.4996900317430817e+00   5.1934714866569482e+00   3.0000000000000000e+00
   5.3879599334097890e+00   8.4472759444429837e+00   3.0000000000000000e+00
   5.2801248313962965e+00   8.2181121899558214e+00   3.0000000000000000e+00
   5.0233562841921824e+00   9.5878032195999339e+00   3.0000000000000000e+00
   7.1665253680599852e+00   5.4877020833019579e+00   3.0000000000000000e+00
   4.8534584226017587e+00   1.1736302925763287e+00   3.0000000000000000e+00
   5.1616731315399491e+00   9.3832557504389342e+00   3.0000000000000000e+00
   4.6493710521741658e+00   2.0480334578876338e+00   3.0000000000000000e+00
   5.8024471966963649e+00   6.4074140714435703e+00   3.0000000000000000e+00
   5.0514441182302194e+00   9.1972430941177770e+00   3.0000000000000000e+00
   2.8396254127592546e+00   4.9092924461955807e+00   3.0000000000000000e+00
   9.0148239999331157e+00   4.7820994470949980e+00   3.0000000000000000e+00
   4.2951667099951365e+00   3.3285370843591702e+00   3.0000000000000000e+00
   6.7910105410135104e+00   5.0906243446858621e+00   3.0000000000000000e+00
   4.0580602642986117e+00   5.5271637204050350e+00   3.0000000000000000e+00
   2.9099749594922839e+00   4.3125196556777015e+00   3.0000000000000000e+00
   5.2520491313683841e+00   2.5750301980756909e+00   3.0000000000000000e+00
   5.2389006526525117e+00   4.4315340520536886e+00   3.0000000000000000e+00
   5.9132711151218338e+00   5.3129671685303705e+00   3.0000000000000000e+00
   5.6040190326012338e+00   3.9873807301666564e+00   3.0000000000000000e+00
   5.9461968655401769e+00   4.7538072604725183e+00   3.0000000000000000e+00
   5.2457172844996611e+00   1.7020578994471258e+00   3.0000000000000000e+00
   7.2854871311996403e+00   5.0409734702495923e+00   3.0000000000000000e+00
   7.8835654768360355e+00   4.7151994437143063e+00   3.0000000000000000e+00
   6.3727041233577184e+00   4.8913228941661071e+00   3.0000000000000000e+00
   5.7949521628996674e+00   4.1821670194297420e+00   3.0000000000000000e+00
   6.4105809215467877e+00   4.3109783538428328e+00   3.0000000000000000e+00
   5.3266937452290897e+00   8.0819291132539703e+00   3.0000000000000000e+00
   2.6640156638000558e+00   5.2793509362118645e+00   3.0000000000000000e+00
   3.1599510249405660e+00   5.3669115509059617e+00   3.0000000000000000e+00
   2.8997755217388113e+00   4.3211078288572917e+00   3.0000000000000000e+00
   4.7900119152429932e+00   2.9042759369676654e+00   3.0000000000000000e+00
   3.1393405073234018e+00   4.5278325221510363e+00   3.0000000000000000e+00
   1.1958045964887343e+00   5.2069433180896798e+00   3.0000000000000000e+00
   4.7410434403186237e+00   4.6286418416288333e+00   3.0000000000000000e+00
   5.9704510943750897e+00   4.7410949260866841e+00   3.0000000000000000e+00
   9.1808983797506745e+00   4.9862371990859291e+00   3.0000000000000000e+00
   3.9444865044641277e+00   4.5050365400499714e+00   3.0000000000000000e+00
   5.5112794093596200e+00   5.9609292826443205e+00   3.0000000000000000e+00
   2.9830318081654394e+00   4.4187864801619767e+00   3.0000000000000000e+00
   4.5535383359743422e+00   3.7222406627164095e+00   3.0000000000000000e+00
   4.0237057611259361e+00   3.5782337786389649e+00   3.0000000000000000e+00
   2.3052148384238302e+00   5.0946566779282429e+00   3.0000000000000000e+00
   7.8179909008104183e+00   4.7312037271680438e+00   3.0000000000000000e+00
   4.6549674263355207e+00   7.6437559065818039e+00   3.0000000000000000e+00
   4.9330465017655900e+00   3.2546667794883231e+00   3.0000000000000000e+00
   8.1375389251764183e+00   4.7426380709184492e+00   3.0000000000000000e+00
   5.3811701011123674e+00   5.0938643372630654e+00   3.0000000000000000e+00
   5.2990071820695706e+00   8.3891577380697875e+00   3.0000000000000000e+00
   6.6472623398123289e+00   5.3359027585569550e+00   3.0000000000000000e+00
   5.0568091307963536e+00   2.3492444340969176e+00   3.0000000000000000e+00
   8.1702398262688796e+00   5.0484416324875339e+00   3.0000000000000000e+00
   4.7097849373709275e+00   6.0401356042363630e-01   3.0000000000000000e+00
   3.4277168833176299e+00   5.2885223796637870e+00   3.0000000000000000e+00
   4.9252358605782458e+00   3.0973879271573002e+00   3.0000000000000000e+00
   3.7487838299609355e+00   4.9996822269997523e+00   3.0000000000000000e+00
   5.3813823512853656e+00   4.9776328855796699e+00   3.0000000000000000e+00
   5.0151729240619787e+00   6.1107208619794502e+00   3.0000000000000000e+00
   8.3457609343821701e+00   5.1160888764540697e+00   3.0000000000000000e+00
   3.4129836554807813e+00   5.4465834554762385e+00   3.0000000000000000e+00
   4.7949179878774473e+00   3.3750946129366532e+00   3.0000000000000000e+00
   5.2413930404727243e+00   6.6132273548647325e+00   3.0000000000000000e+00
   7.8894902914821161e+00   5.3531164394762349e+00   3.0000000000000000e+00
   4.9134533170092132e+00   6.7300724011731115e+00   3.0000000000000000e+00
   7.4506436286172395e+00   4.6627136075617779e+00   3.0000000000000000e+00
   5.2851302581869088e+00   3.2652047455888198e+00   3.0000000000000000e+00
   6.3714928756198566e+00   5.8827211341481807e+00   3.0000000000000000e+00
   4.4908527535801879e+00   6.3570796771695237e+00   3.0000000000000000e+00
   7.6980531001019203e-01   5.0741385910342851e+00   3.0000000000000000e+00
   5.8257445703505937e+00   4.1017442740120549e+00   3.0000000000000000e+00
   1.1493655704540184e+00   4.9061772546424463e+00   3.0000000000000000e+00
   8.0293143920864054e+00   4.9293715928208703e+00   3.0000000000000000e+00
   8.3089344544076233e+00   5.3103958616891758e+00   3.0000000000000000e+00
   4.7996708887719688e+00   7.1671333526662453e+00   3.0000000000000000e+00
   3.9165466825094883e+00   4.2325650494366176e+00   3.0000000000000000e+00
   5.9204943644928729e+00   5.4732782228196815e+00   3.0000000000000000e+00
   5.2098711498574923e+00   1.1973451658979539e+00   3.0000000000000000e+00
   3.7495987927177099e+00   5.1017187864289735e+00   3.0000000000000000e+00
   2.0093175820800724e-01   4.9681549656407942e+00   3.0000000000000000e+00
   5.2486649069865896e+00   4.1591459567748990e+00   3.0000000000000000e+00
   4.5536249595986789e+00   6.2143610937751248e+00   3.0000000000000000e+00
   4.0083389649180781e+00   4.1375451431375385e+00   3.0000000000000000e+00
   4.0002180760165906e+00   4.2633465598849014e+00   3.0000000000000000e+00
   4.8703007626463890e+00   4.0436316791035143e+00   3.0000000000000000e+00
   4.1352467185413051e+00   3.3406186877271216e+00   3.0000000000000000e+00
   5.5480835562576694e+00   3.3845566658221160e+00   3.0000000000000000e+00
   9.4151885370418853e+00   4.9032521129691400e+00   3.0000000000000000e+00
   5.5288062370054423e+00   4.1103550784116578e+00   3.0000000000000000e+00
   5.4778127392680940e+00   6.0409486325747164e+00   3.0000000000000000e+00
   4.8602007765081057e+00   9.4340230304731669e+00   3.0000000000000000e+00
   3.5238552771575793e+00   4.0253662502293563e+00   3.0000000000000000e+00
   9.5845192523750509e+00   4.9626360406694801e+00   3.0000000000000000e+00
   4.7006290408411360e+00   5.2894774080026821e+00   3.0000000000000000e+00
   4.4240923407746067e+00   6.4368599629168077e+00   3.0000000000000000e+00
   4.3377719162720743e+00   4.5745535089239340e+00   3.0000000000000000e+00
   5.5601337514586575e+00   6.0848028068701758e+00   3.0000000000000000e+00
   4.8675221319559920e+00   1.4946053730256259e-01   3.0000000000000000e+00
   4.1968520400447851e-01   4.7123948123372639e+00   3.0000000000000000e+00
   3.8659288424027394e+00   5.5090675331425611e+00   3.0000000000000000e+00
   4.5726561147489386e+00   5.2678979820690595e+00   3.0000000000000000e+00
   4.7560214616752896e+00   3.1141168956281851e+00   3.0000000000000000e+00
   4.8287604785370153e+00   1.4710461295531663e+00   3.0000000000000000e+00
   5.5881220518729702e+00   6.1128369830454581e+00   3.0000000000000000e+00
   5.0339923456017956e+00   8.4650206299591684e+00   3.0000000000000000e+00
   6.0881133748089491e+00   6.2575647840657194e+00   3.0000000000000000e+00
   6.4776164492593580e+00   5.4615423612680756e+00   3.0000000000000000e+00
   4.7563999701842548e+00   2.2556925483468659e+00   3.0000000000000000e+00
   3.8001300774993951e+00   5.3763302153250443e+00   3.0000000000000000e+00
   4.3778745052324277e+00   5.4016204597041053e+00   3.0000000000000000e+00
   2.4678608901243706e+00   5.0771102404882082e+00   3.0000000000000000e+00
   5.2298056737203211e+00   9.3278174349515357e+00   3.0000000000000000e+00
   5.1151929712756701e+00   5.3877848586529886e-02   3.0000000000000000e+00
   6.2728005822262620e+00   4.8322382481063730e+00   3.0000000000000000e+00
   5.4472765293157988e+00   6.8530646625312190e+00   3.0000000000000000e+00
   3.4056937260661204e+00   4.7868323132980368e+00   3.0000000000000000e+00
   4.7595501353732743e+00   2.0367916044095047e-01   3.0000000000000000e+00
   7.8436451687637643e+00   4.9358839271858104e+00   3.0000000000000000e+00
   2.4126734489070580e+00   5.0654772602258546e+00   3.0000000000000000e+00
   3.9026993709043643e+00   5.3364410491498688e+00   3.0000000000000000e+00
   3.6243613047411993e+00   4.2428322706504140e+00   3.0000000000000000e+00
   1.6817578714711834e+00   4.5966071054974567e+00   3.0000000000000000e+00
   4.9798729340363943e+00   2.2779864428336269e+00   3.0000000000000000e+00
   6.1496291186477281e+00   4.5221260588485404e+00   3.0000000000000000e+00
   1.6295708917686613e-01   4.7960394625675278e+00   3.0000000000000000e+00
   5.2898545353958690e+00   1.9507322476129185e+00   3.0000000000000000e+00
   5.2719169304384996e+00   2.9201894341948140e+00   3.0000000000000000e+00
   5.8508385882197791e+00   4.9554334059350467e+00   3.0000000000000000e+00
   5.4749173276048824e+00   6.4876704072428435e+00   3.0000000000000000e+00
   5.0321305540169723e+00   8.1182953491641801e+00   3.0000000000000000e+00
   3.4247209253102815e+00   5.0345604010524063e+00   3.0000000000000000e+00
   3.3864092065404714e+00   5.4957387895841716e+00   3.0000000000000000e+00
   2.6313031504857323e+00   4.6933988063295287e+00   3.0000000000000000e+00
   4.7292285046848228e+00   4.1050196615045698e+00   3.0000000000000000e+00
   5.4013773354143346e+00   4.3807494159089853e+00   3.0000000000000000e+00
   5.1456914315264788e+00   7.4108888499162040e+00   3.0000000000000000e+00
   4.8146497630215288e+00   4.0486093619053909e+00   3.0000000000000000e+00
   1.1134326932011140e+00   4.8601987411799303e+00   3.0000000000000000e+00
   4.8059649162441067e+00   8.4734846784902889e+00   3.0000000000000000e+00
   4.6495715400181687e+00   2.1521972867261887e+00   3.0000000000000000e+00
   8.4175046136200589e+00   5.4127400450944316e+00   3.0000000000000000e+00
   2.7661770250188855e+00   5.3649726847354131e+00   3.0000000000000000e+00
   5.1517336193077865e+00   6.6839748915130990e+00   3.0000000000000000e+00
   5.2157234943917530e+00   2.3413078390817512e+00   3.0000000000000000e+00
   2.2648588511115486e+00   5.2320803121418704e+00   3.0000000000000000e+00
   4.3849174740992227e+00   4.4776451746598864e+00   3.0000000000000000e+00
   5.2672888252614403e+00   6.9478944179562605e+00   3.0000000000000000e+00
   5.2471197768848485e+00   9.3521270773458269e+00   3.0000000000000000e+00
   3.5445861200493378e+00   5.5909188471888243e+00   3.0000000000000000e+00
   5.4675428150465857e+00   5.6724100503081223e+00   3.0000000000000000e+00
   2.6450628831984524e+00   5.3115488870605310e+00   3.0000000000000000e+00
   6.2374594560083594e+00   4.5338883578394862e+00   3.0000000000000000e+00
   9.5007331041992664e+00   5.1332719032757144e+00   3.0000000000000000e+00
   2.5717589100063707e+00   4.4601009061567556e+00   3.0000000000000000e+00
   5.3324454561808752e+00   8.0028947874951246e+00   3.0000000000000000e+00
   4.8056292951086519e+00   4.3483919167270972e+00   3.0000000000000000e+00
   2.6361763299127441e+00   4.4913967415995870e+00   3.0000000000000000e+00
   4.5331235450062204e+00   6.4371352456644138e+00   3.0000000000000000e+00
   6.2663354857630402e+00   5.1887013572095793e+00   3.0000000000000000e+00
   5.3581031627499565e+00   5.6726629293032360e+00   3.0000000000000000e+00
   4.1092156278943115e+00   1.7338386553699736e+00   4.0000000000000000e+00
   4.2173913325278782e+00   1.5263149915965135e+00   4.0000000000000000e+00
   7.1439661411675974e+00   6.8432020650490610e+00   4.0000000000000000e+00
   2.0711473306832593e+00   3.0778479712838047e+00   4.0000000000000000e+00
   3.6871807597474660e-01   4.0326711203061683e+00   4.0000000000000000e+00
   7.9711498354765986e+00   5.5133300948421580e+00   4.0000000000000000e+00
   7.4971953280317010e+00   5.6344711606521249e+00   4.0000000000000000e+00
   7.6163839896073160e+00   7.2101507180751643e+00   4.0000000000000000e+00
   7.2963518186624423e+00   7.2723003111530273e+00   4.0000000000000000e+00
   7.6795151714907584e-01   3.8184282309414597e+00   4.0000000000000000e+00
   8.3747098816682879e+00   6.7287063134668825e+00   4.0000000000000000e+00
   3.4412210818976163e+00   3.0146753102283173e+00   4.0000000000000000e+00
   8.3323967871412830e-01   3.9939957880344936e+00   4.0000000000000000e+00
   5.9259504841657282e+00   7.7137064226456529e+00   4.0000000000000000e+00
   5.8035073325967961e+00   7.2892597247447704e+00   4.0000000000000000e+00
   7.2253670516490276e+00   7.6450588478418178e+00   4.0000000000000000e+00
   1.9033679327608533e+00   4.1845448418554643e+00   4.0000000000000000e+00
   3.1302904230541628e+00   3.1811746718929621e+00   4.0000000000000000e+00
   3.3802111778045285e+00   3.9890931148207240e+00   4.0000000000000000e+00
   3.4243902983683339e+00   3.0158556598170749e+00   4.0000000000000000e+00
   9.3428645391886782e+00   5.8810350359647012e+00   4.0000000000000000e+00
   6.3427404596808010e+00   6.7827171852626673e+00   4.0000000000000000e+00
   4.3839377593511308e+00   8.9253538308565528e-01   4.0000000000000000e+00
   7.6450025140325817e+00   7.2068264165860141e+00   4.0000000000000000e+00
   2.0505713311173235e+00   3.1417150638172178e+00   4.0000000000000000e+00
   3.6279899210990720e+00   2.6501360140358168e+00   4.0000000000000000e+00
   2.4635851223142025e+00   4.0130669648779591e+00   4.0000000000000000e+00
   6.2139834971016681e+00   8.7331385819988476e+00   4.0000000000000000e+00
   6.4901634297561648e+00   8.0176376072352422e+00   4.0000000000000000e+00
   6.0345667411169330e+00   7.4064276339771045e+00   4.0000000000000000e+00
   4.5904704134158330e+00   8.4721519602833917e-02   4.0000000000000000e+00
   7.8183354546555894e-01   4.2510325490713017e+00   4.0000000000000000e+00
   5.9679151022761934e+00   8.4507935989202956e+00   4.0000000000000000e+00
   3.1763908756299930e+00   2.7402259295997657e+00   4.0000000000000000e+00
   4.1974850931263532e+00   2.9527899297921723e+00   4.0000000000000000e+00
   8.4656755197875970e+00   5.8238650493386492e+00   4.0000000000000000e+00
   2.3980780594966222e-01   4.6020816302955811e+00   4.0000000000000000e+00
   3.6389674040964937e+00   2.5307434358953893e+00   4.0000000000000000e+00
   9.4869716165393410e+00   6.0424351315534341e+00   4.0000000000000000e+00
   2.7275346813880064e+00   2.7049819475518664e+00   4.0000000000000000e+00
   5.6363702215258913e+00   9.6288547847709278e+00   4.0000000000000000e+00
   9.8902079660455335e+00   6.2178484153079880e+00   4.0000000000000000e+00
   8.1773602903415838e+00   5.6658431933931581e+00   4.0000000000000000e+00
   1.1656738534052136e-01   4.1833494789734686e+00   4.0000000000000000e+00
   2.4459119551035755e+00   3.3995752223415900e+00   4.0000000000000000e+00
   6.7108982884828077e+00   8.2456979293355399e+00   4.0000000000000000e+00
   2.4967518111816345e+00   3.4199275399906659e+00   4.0000000000000000e+00
   5.7442776964669919e+00   7.5679383567870815e+00   4.0000000000000000e+00
   3.4813478158814624e+00   1.6242298847126158e+00   4.0000000000000000e+00
   8.8763316958236924e+00   6.1993613441316295e+00   4.0000000000000000e+00
   7.6474567067868477e+00   7.0411103938470525e+00   4.0000000000000000e+00
   6.9740210047448867e+00   5.8769565815120037e+00   4.0000000000000000e+00
   2.9160052907734437e+00   3.0050953848395237e+00   4.0000000000000000e+00
   6.5964937825658119e+00   7.8682610076285631e+00   4.0000000000000000e+00
   4.4947977985323009e+00   1.0606180830005396e+00   4.0000000000000000e+00
   6.6303276499793897e+00   7.3458473620151548e+00   4.0000000000000000e+00
   8.2473747188321873e+00   6.5639899840467431e+00   4.0000000000000000e+00
   1.5478196279006928e-01   4.6206112603256546e+00   4.0000000000000000e+00
   3.6074433805511075e+00   1.4873098552963326e+00   4.0000000000000000e+00
   2.8506651859611387e+00   3.3559418999926094e+00   4.0000000000000000e+00
   5.9991902158440364e+00   7.0994424374531819e+00   4.0000000000000000e+00
   7.3718332757136746e+00   7.0084399876264056e+00   4.0000000000000000e+00
   3.3847898469251412e+00   3.0680108395060914e+00   4.0000000000000000e+00
   3.0753585126217264e+00   2.2864874321895732e+00   4.0000000000000000e+00
   3.9408270257861333e+00   9.3861021825345503e-01   4.0000000000000000e+00
   2.4147836093077402e+00   4.2656220219525025e+00   4.0000000000000000e+00
   8.7359480029765262e+00   6.0062700685278401e+00   4.0000000000000000e+00
   8.9004240084298729e+00   5.6934621624995705e+00   4.0000000000000000e+00
   7.0914469059344167e+00   6.6955593762862335e+00   4.0000000000000000e+00
   8.4953955788821354e+00   6.6502852250937030e+00   4.0000000000000000e+00
   5.9654764111059517e+00   8.8548728376355097e+00   4.0000000000000000e+00
   7.6239499885720718e+00   6.7720839689421357e+00   4.0000000000000000e+00
   1.8251824280119766e+00   3.7827944495100985e+00   4.0000000000000000e+00
   3.1812286120947997e+00   2.3232936814245875e+00   4.0000000000000000e+00
   2.8854545903228379e+00   2.6734226878265774e+00   4.0000000000000000e+00
   3.5265558763049532e+00   3.2926139149522116e+00   4.0000000000000000e+00
   6.2851509602213076e+00   7.6686506661260587e+00   4.0000000000000000e+00
   4.2413418381294665e+00   2.7814177873000432e+00   4.0000000000000000e+00
   3.1593251152728241e+00   2.8642457781943289e+00   4.0000000000000000e+00
   8.4360720957104292e+00   6.0972956473140414e+00   4.0000000000000000e+00
   9.3882310318573081e-01   4.4313643711345998e+00   4.0000000000000000e+00
   1.2297286625444392e+00   4.4231166250301275e+00   4.0000000000000000e+00
   5.2083661747319598e-01   4.0719099597359198e+00   4.0000000000000000e+00
   4.2494573540833898e+00   2.5189299897242279e+00   4.0000000000000000e+00
   1.0330623173290088e+00   4.2943624037595356e+00   4.0000000000000000e+00
   6.5995052096696316e-01   4.1017984493147193e+00   4.0000000000000000e+00
   6.5179757037254715e+00   6.2315090043135202e+00   4.0000000000000000e+00
   4.1997664604397613e+00   1.7168924017835907e+00   4.0000000000000000e+00
   7.8329868397303652e+00   5.9607866178442244e+00   4.0000000000000000e+00
   8.1130116488597732e+00   6.3239511166580584e+00   4.0000000000000000e+00
   8.1755361659195946e-01   4.5119540581705699e+00   4.0000000000000000e+00
   3.3723747104685908e+00   3.4329658601076951e+00   4.0000000000000000e+00
   6.9099594993362352e+00   6.7898656327812112e+00   4.0000000000000000e+00
   4.1865628793185659e+00   2.2523528868919573e+00   4.0000000000000000e+00
   1.5955592868923651e+00   3.3810982562926251e+00   4.0000000000000000e+00
   2.5588693870292731e+00   3.4662190800559758e+00   4.0000000000000000e+00
   3.3753888066486279e+00   3.2937059567898217e+00   4.0000000000000000e+00
   2.7356069125804017e+00   3.3770635731418217e+00   4.0000000000000000e+00
   6.3430752271496278e+00   7.6500750183148796e+00   4.0000000000000000e+00
   7.1847469999601437e+00   7.6640757834128799e+00   4.0000000000000000e+00
   4.1046661194718412e+00   1.4606967740554078e+00   4.0000000000000000e+00
   6.1123242528722646e+00   6.5292018861142580e+00   4.0000000000000000e+00
   8.0090354135532067e+00   6.1707934751208002e+00   4.0000000000000000e+00
   5.6622330873367890e+00   7.5788619763672651e+00   4.0000000000000000e+00
   6.5359838677032123e+00   8.6381580794915998e+00   4.0000000000000000e+00
   3.6337649505527625e+00   1.8014287709626042e+00   4.0000000000000000e+00
   6.6251028106769114e+00   7.0038952859816028e+00   4.0000000000000000e+00
   6.7421538228751379e+00   7.2836961830423705e+00   4.0000000000000000e+00
   8.4680214044100541e+00   5.8742826445088454e+00   4.0000000000000000e+00
   8.6322347301344244e+00   5.4727526469661267e+00   4.0000000000000000e+00
   3.7642236341257860e+00   3.4233533638644387e+00   4.0000000000000000e+00
   4.2196367408928159e+00   2.4046404735300619e+00   4.0000000000000000e+00
   1.4919559796824389e+00   3.4820848499490973e+00   4.0000000000000000e+00
   6.3486307205634951e+00   7.3383583678296285e+00   4.0000000000000000e+00
   2.4084245060214404e+00   3.5530067596717165e+00   4.0000000000000000e+00
   7.7478270016183579e+00   6.9823994895564736e+00   4.0000000000000000e+00
   2.3927016795734311e+00   3.1640796262867319e+00   4.0000000000000000e+00
   3.4771616246585388e+00   3.8370034792779295e+00   4.0000000000000000e+00
   7.7947456733873812e+00   6.6059510618546238e+00   4.0000000000000000e+00
   8.9538912543974831e+00   6.4628395668070144e+00   4.0000000000000000e+00
   1.5354919898709884e+00   3.6423283480409729e+00   4.0000000000000000e+00
   1.6422375773902798e+00   4.4374546544265243e+00   4.0000000000000000e+00
   2.8591506220891394e+00   3.5437980338811395e+00   4.0000000000000000e+00
   6.3528724560348104e+00   8.4531388296251091e+00   4.0000000000000000e+00
   2.0685289179980551e+00   3.0451275877169612e+00   4.0000000000000000e+00
   2.2231891639165555e+00   4.1969388013928359e+00   4.0000000000000000e+00
   7.1850929111980157e+00   6.6942121332410407e+00   4.0000000000000000e+00
   8.1234689508944022e+00   6.6287187440928905e+00   4.0000000000000000e+00
   2.7711502943045998e+00   3.8491415973712395e+00   4.0000000000000000e+00
   9.6033813083151323e+00   5.5826491864806567e+00   4.0000000000000000e+00
   7.0020232364948516e+00   6.8660993310569403e+00   4.0000000000000000e+00
   2.1715716387505446e+00   3.9029505470737424e+00   4.0000000000000000e+00
   5.7351247147197437e+00   7.6449610842801086e+00   4.0000000000000000e+00
   2.6921547641658283e+00   2.9561191479076521e+00   4.0000000000000000e+00
   8.1957035537377063e+00   6.7068121411040815e+00   4.0000000000000000e+00
   4.2247706246933792e+00   1.0104079321553827e+00   4.0000000000000000e+00
   7.4927373725130835e+00   5.6690686249756386e+00   4.0000000000000000e+00
   1.6973708601793103e+00   4.2315316769181024e+00   4.0000000000000000e+00
   3.5820867756737451e+00   2.8277469801654789e+00   4.0000000000000000e+00
   6.2736915452699469e+00   9.1604054840324380e+00   4.0000000000000000e+00
   8.8322671573438316e-01   4.2939852136049206e+00   4.0000000000000000e+00
   8.1764977285062610e+00   6.0944645828178885e+00   4.0000000000000000e+00
   6.2058665893032847e+00   9.8887886621213354e+00   4.0000000000000000e+00
   3.6699091916962656e+00   3.5313990021365571e+00   4.0000000000000000e+00
   6.2117051444677394e+00   9.6924457350607174e+00   4.0000000000000000e+00
   3.8227969712913188e+00   9.4305810167578219e-01   4.0000000000000000e+00
   1.7656567233718190e+00   3.1624056728076799e+00   4.0000000000000000e+00
   9.3776045842146587e+00   5.9527195164521647e+00   4.0000000000000000e+00
   7.2986672433952835e+00   6.5482199931721050e+00   4.0000000000000000e+00
   4.3241233204184502e+00   1.6984192521022379e+00   4.0000000000000000e+00
   3.6387629387171474e+00   2.4979004952866113e+00   4.0000000000000000e+00
   2.4934028116130591e+00   3.6065182996996992e+00   4.0000000000000000e+00
   7.3853834519283872e+00   6.0179387494360626e+00   4.0000000000000000e+00
   8.4762926957428864e+00   6.1277456950663893e+00   4.0000000000000000e+00
   4.5102540765451486e+00   1.3852290729389127e+00   4.0000000000000000e+00
   6.6940359427304097e+00   7.8622984694257543e+00   4.0000000000000000e+00
   6.3707298628233691e+00   7.1860139304050561e+00   4.0000000000000000e+00
   6.0316572722665942e+00   6.8386635496587713e+00   4.0000000000000000e+00
   7.6499353614586063e+00   5.7834512500455171e+00   4.0000000000000000e+00
   2.5865312800417684e+00   3.3672706122205911e+00   4.0000000000000000e+00
   3.9386306218128331e+00   1.0521999129414761e-02   4.0000000000000000e+00
   8.6972571923978457e+00   5.8182493797654731e+00   4.0000000000000000e+00
   7.1682363670105502e+00   7.3384287771516785e+00   4.0000000000000000e+00
   2.8402472455314873e+00   3.5845433292687168e+00   4.0000000000000000e+00
   8.2680196903511938e+00   6.4869219169186376e+00   4.0000000000000000e+00
   9.0589197218346218e+00   6.3081257447128971e+00   4.0000000000000000e+00
   5.5056815898188969e+00   9.9113205310374255e+00   4.0000000000000000e+00
   4.2637474176212145e+00   2.4705912618589343e-01   4.0000000000000000e+00
   5.6606102404221144e+00   8.3876705397099940e+00   4.0000000000000000e+00
   5.6948219134288101e+00   9.8067187259030000e+00   4.0000000000000000e+00
   2.6207705900990677e+00   4.2745456990884776e+00   4.0000000000000000e+00
   2.8910254848920056e+00   4.1681210987736854e+00   4.0000000000000000e+00
   3.2189947765288740e+00   3.1445133140197354e+00   4.0000000000000000e+00
   6.2864412830048080e+00   7.4324946442267246e+00   4.0000000000000000e+00
   3.3951771426832442e+00   3.4865952402118427e+00   4.0000000000000000e+00
   6.1670825868636170e+00   8.4163802780802097e+00   4.0000000000000000e+00
   4.0413310856940088e+00   5.0047673907930301e-01   4.0000000000000000e+00
   9.4231787164221430e+00   6.0739174550108741e+00   4.0000000000000000e+00
   3.9822221658926615e+00   2.0640783252518680e+00   4.0000000000000000e+00
   6.1824727586489550e+00   6.6923073406019151e+00   4.0000000000000000e+00
   1.2701869673479271e+00   3.8249144776106081e+00   4.0000000000000000e+00
   5.6254827896080739e+00   9.8876082777847056e+00   4.0000000000000000e+00
   6.0784445452562679e+00   9.1377444471355869e+00   4.0000000000000000e+00
   2.8136331880986254e+00   3.8260298030377649e+00   4.0000000000000000e+00
   1.6205638326997029e+00   3.3340918515142715e+00   4.0000000000000000e+00
   2.3085370495985256e+00   4.2252883525972607e+00   4.0000000000000000e+00
   8.1820214849949924e+00   6.5121069524125357e+00   4.0000000000000000e+00
   3.8711442133302687e+00   3.2601949659878837e+00   4.0000000000000000e+00
   6.6461485284412909e+00   8.5980826159597949e+00   4.0000000000000000e+00
   2.9353395417983199e+00   2.2562794976394516e+00   4.0000000000000000e+00
   4.3922849029542927e+00   9.3026297044609518e-01   4.0000000000000000e+00
   5.6794972518514255e+00   8.3404854165801847e+00   4.0000000000000000e+00
   8.5534325838230991e+00   6.1694097466737414e+00   4.0000000000000000e+00
   8.2384944440352932e+00   8.8104746738242916e+00   5.0000000000000000e+00
   5.0624767867549103e-01   2.0682946665119317e+00   5.0000000000000000e+00
   9.8596922969410841e+00   7.8822788389059113e+00   5.0000000000000000e+00
   8.9943422310143415e+00   7.7850090631860418e+00   5.0000000000000000e+00
   6.2932974840694511e+00   9.8239813927477186e+00   5.0000000000000000e+00
   9.8446003098322947e+00   7.0080852507977305e+00   5.0000000000000000e+00
   7.6096025090581723e+00   9.2090658745841321e+00   5.0000000000000000e+00
   9.5037819137550379e+00   8.6064865119044036e+00   5.0000000000000000e+00
   1.6781003950564699e-01   4.9460974245391420e-01   5.0000000000000000e+00
   1.6342164707640594e+00   2.2883089755431296e+00   5.0000000000000000e+00
   9.5109512945550403e+00   8.9964423144242485e+00   5.0000000000000000e+00
   9.8362808903278847e+00   6.4960259278551931e+00   5.0000000000000000e+00
   7.6922367848833195e+00   8.9268740915486617e+00   5.0000000000000000e+00
   9.3491880253427473e-01   1.8480544516072517e+00   5.0000000000000000e+00
   1.7917000436110730e+00   2.0988964502497796e+00   5.0000000000000000e+00
   1.9863978346376865e+00   2.6677683721525236e-01   5.0000000000000000e+00
   5.7369022383347845e-02   1.1286846212926682e+00   5.0000000000000000e+00
   6.9894936524731772e+00   8.0894562358400925e+00   5.0000000000000000e+00
   8.8868404751136527e+00   9.6469258124828823e+00   5.0000000000000000e+00
   1.3678466999026317e+00   4.0577483812367254e-01   5.0000000000000000e+00
   7.3708127973628148e+00   8.5651087753651964e+00   5.0000000000000000e+00
   9.5689460475102877e+00   6.5297437075250651e+00   5.0000000000000000e+00
   1.3351839491230422e-01   9.2743766637138902e-01   5.0000000000000000e+00
   7.8398801346080536e+00   7.3983052224164467e+00   5.0000000000000000e+00
   7.5888151801623334e+00   9.5001248143548089e+00   5.0000000000000000e+00
   3.0835629930486719e-01   9.6112081289711715e-01   5.0000000000000000e+00
   7.4647517979426325e+00   9.6836110089430232e+00   5.0000000000000000e+00
   2.2168383773363698e+00   2.1636608637802479e-01   5.0000000000000000e+00
   6.7185824449711244e+00   8.7383723084493710e+00   5.0000000000000000e+00
   3.2367652116989278e+00   1.4587179414260409e+00   5.0000000000000000e+00
   3.7976264823387229e-01   3.6182219474039390e+00   5.0000000000000000e+00
   9.9094378249709685e+00   8.3348450575801145e+00   5.0000000000000000e+00
   2.7545435885118028e+00   1.3761657305141994e+00   5.0000000000000000e+00
   7.1965519611999529e+00   8.9601473849302344e+00   5.0000000000000000e+00
   4.8288283920796538e-02   2.8130015186731940e+00   5.0000000000000000e+00
   7.5440377672810319e+00   8.6700025202299216e+00   5.0000000000000000e+00
   7.6620641756791343e+00   7.8985838037416229e+00   5.0000000000000000e+00
   1.3110550290478773e+00   1.8631884294831391e+00   5.0000000000000000e+00
   9.3471328544796837e+00   7.2807217421859622e+00   5.0000000000000000e+00
   3.6511308462880332e+00   9.2387660186534770e-02   5.0000000000000000e+00
   8.6592784773784697e+00   8.7457401123277769e+00   5.0000000000000000e+00
   2.7664198852418331e+00   1.5546277300201750e+00   5.0000000000000000e+00
   8.5049707795625693e+00   9.0228837135371993e+00   5.0000000000000000e+00
   8.3840598037802714e+00   6.8996239139942972e+00   5.0000000000000000e+00
   6.4724598225137200e+00   9.3438734201178075e+00   5.0000000000000000e+00
   6.4041571790890695e+00   9.3998517338610927e+00   5.0000000000000000e+00
   7.6931724653335900e+00   8.9864196702787194e+00   5.0000000000000000e+00
   9.7604523887325243e+00   7.8406984009276668e+00   5.0000000000000000e+00
   9.6338541693938797e+00   6.4791011815293640e+00   5.0000000000000000e+00
   1.1652348677752966e+00   2.9072905394438608e+00   5.0000000000000000e+00
   6.7317461287130778e+00   9.7925197056505713e+00   5.0000000000000000e+00
   1.0891807581693735e+00   3.3437727652896667e+00   5.0000000000000000e+00
   8.8078759279185128e+00   9.2887059924090529e+00   5.0000000000000000e+00
   3.9118858001291335e-02   1.4270647156935812e+00   5.0000000000000000e+00
   5.2157764603917522e-01   2.4736249426056145e+00   5.0000000000000000e+00
   9.1706109784313039e-02   6.3332162034315909e-01   5.0000000000000000e+00
   8.5150243473830827e+00   9.5025221558908708e+00   5.0000000000000000e+00
   9.1461944848212102e+00   8.3372571454527993e+00   5.0000000000000000e+00
   7.0075097248543248e+00   9.2497845629410786e+00   5.0000000000000000e+00
   9.8929893662414461e+00   6.6955690039127838e+00   5.0000000000000000e+00
   3.3956121026627839e+00   3.3773900304068238e-03   5.0000000000000000e+00
   9.7982015583445286e+00   8.7479454282403974e+00   5.0000000000000000e+00
   1.3395335239728678e+00   2.5554704709757292e+00   5.0000000000000000e+00
   1.2272392335727078e+00   3.3451053095402306e+00   5.0000000000000000e+00
   3.2600611988782724e-01   2.2648823378951777e+00   5.0000000000000000e+00
   7.8181150840855640e+00   7.9471169869327820e+00   5.0000000000000000e+00
   9.5067470847639939e+00   8.5470150735649533e+00   5.0000000000000000e+00
   6.3527558594430236e+00   9.5699835981595989e+00   5.0000000000000000e+00
   9.5418768602092516e+00   7.8604533608548133e+00   5.0000000000000000e+00
   1.3947987434213105e-01   2.1538340556238245e+00   5.0000000000000000e+00
   1.9949041529184275e+00   8.0954914494761887e-02   5.0000000000000000e+00
   1.6965345141666865e+00   1.7206681809303503e+00   5.0000000000000000e+00
   8.3837088103899529e+00   7.6928608773100473e+00   5.0000000000000000e+00
   8.1826129185342982e+00   8.7901660206882326e+00   5.0000000000000000e+00
   1.4000267690995261e+00   1.2716332558383836e+00   5.0000000000000000e+00
   7.2449133876496408e+00   8.0487150124647595e+00   5.0000000000000000e+00
   8.8074099875159124e+00   8.3591935364113539e+00   5.0000000000000000e+00
   4.1362756817336921e-02   3.3695917118966454e+00   5.0000000000000000e+00
   1.0536136275322727e+00   2.6586321499413512e+00   5.0000000000000000e+00
   1.1019806145697009e+00   3.1015961146411861e+00   5.0000000000000000e+00
   7.4138384040902361e+00   8.3844237442787790e+00   5.0000000000000000e+00
   1.5311652270298470e+00   1.4937336699952419e+00   5.0000000000000000e+00
   2.8468007323411082e+00   1.2356400836274495e+00   5.0000000000000000e+00
   3.5366793107358685e-02   2.6694904771783188e+00   5.0000000000000000e+00
   8.1552940052753335e+00   7.2124627775744186e+00   5.0000000000000000e+00
   9.7896779619687013e-01   2.7720156588689004e+00   5.0000000000000000e+00
   6.6666357469787298e+00   9.6411072912698188e+00   5.0000000000000000e+00
   6.5140037403692492e+00   8.9999569431804538e+00   5.0000000000000000e+00
   9.6946179545027569e+00   6.8409508007249720e+00   5.0000000000000000e+00
   2.3815443033044872e+00   2.1626431807070312e+00   5.0000000000000000e+00
   3.2742140764377026e+00   9.0306058914912946e-02   5.0000000000000000e+00
   6.6839578101174881e+00   9.6142530561350892e+00   5.0000000000000000e+00
   9.9162988556540608e+00   8.4369062944258495e+00   5.0000000000000000e+00
   9.6973376096437054e+00   8.5792091133694797e+00   5.0000000000000000e+00
   1.9964856088567351e+00   1.4809512058808894e+00   5.0000000000000000e+00
   3.2307179506295092e+00   1.2800253439448894e+00   5.0000000000000000e+00
   7.3029246652959419e+00   8.9486488661079182e+00   5.0000000000000000e+00
   1.2856081740422931e+00   1.7329625455867026e-01   5.0000000000000000e+00
   6.9159891989141808e+00   9.0051054564291171e+00   5.0000000000000000e+00
   8.2027308129271645e+00   6.9053196076288650e+00   5.0000000000000000e+00
   8.7297920733312022e+00   8.2926768769971559e+00   5.0000000000000000e+00
   1.9810110964289918e+00   2.7891371073531781e+00   5.0000000000000000e+00
   7.0691687712664111e+00   8.0871560424417517e+00   5.0000000000000000e+00
   8.3832965351223421e-01   7.8293371704364123e-01   5.0000000000000000e+00
   3.1314783635058685e-01   3.3788254572227561e+00   5.0000000000000000e+00
   2.5123913240096862e+00   2.1261412859062343e+00   5.0000000000000000e+00
   6.7847729323633015e+00   8.7453324773300309e+00   5.0000000000000000e+00
   9.1028363935586807e+00   8.6425384087944490e+00   5.0000000000000000e+00
   9.1634507532923042e+00   6.7313027461444994e+00   5.0000000000000000e+00
   1.2337697445630069e+00   1.1760761525758701e+00   5.0000000000000000e+00
   5.6739502929515795e-01   1.8852947986817004e+00   5.0000000000000000e+00
   8.4617500157176639e+00   6.9763690657362973e+00   5.0000000000000000e+00
   1.6204437870919985e+00   9.5356047592908721e-01   5.0000000000000000e+00
   2.8561875369810386e+00   2.1362187612010910e+00   5.0000000000000000e+00
   9.3079756415300512e+00   8.6550235148551877e+00   5.0000000000000000e+00
   9.3587409127765699e+00   7.2972422857153108e+00   5.0000000000000000e+00
   7.9295267365049371e+00   7.7552037024286848e+00   5.0000000000000000e+00
   8.7985439779451085e+00   6.9137968435783108e+00   5.0000000000000000e+00
   7.5541097855680803e+00   7.5427138630625645e+00   5.0000000000000000e+00
   2.1525114315007143e-01   2.4567436428043687e+00   5.0000000000000000e+00
   6.3874194919307756e+00   9.5120048269444659e+00   5.0000000000000000e+00
   6.6895285510591211e+00   9.3105715069272659e+00   5.0000000000000000e+00
   9.1493654242225979e+00   9.3849177848372154e+00   5.0000000000000000e+00
   1.2784471957853505e+00   1.4684840808202493e+00   5.0000000000000000e+00
   1.1630682424206140e+00   3.4574796755941328e-01   5.0000000000000000e+00
   7.4474115150036324e-01   7.2697603113281217e-01   5.0000000000000000e+00
   6.9135297409436181e+00   9.9892503591499722e+00   5.0000000000000000e+00
   2.9607815707283325e-01   1.8428525796807871e-01   5.0000000000000000e+00
   9.3226604827134789e+00   8.4835510054643244e+00   5.0000000000000000e+00
   3.7440291530893122e-01   2.5677958652180601e+00   5.0000000000000000e+00
   2.5985051079375276e+00   1.3336832004365118e+00   5.0000000000000000e+00
   7.0166600565862436e-01   1.1046016465789432e+00   5.0000000000000000e+00
   1.7935549437931297e-01   2.7313666403226131e+00   5.0000000000000000e+00
   8.8618489478718132e+00   9.4667953112301308e+00   5.0000000000000000e+00
   9.9130476281316433e+00   8.7130648342305079e+00   5.0000000000000000e+00
   1.6230369766738506e+00   1.3495471556528371e+00   5.0000000000000000e+00
   1.3742842721257520e+00   6.8252214804737865e-01   5.0000000000000000e+00
   8.5777811167606224e+00   7.5770878880474699e+00   5.0000000000000000e+00
   8.3186402508612609e+00   7.1957467662674013e+00   5.0000000000000000e+00
   1.0538055825828530e+00   9.1244794840287802e-01   5.0000000000000000e+00
   9.7594475267936631e-01   1.6567075476606019e+00   5.0000000000000000e+00
   1.9530173729966693e+00   1.1262936918695632e+00   5.0000000000000000e+00
   1.9472724975659439e+00   1.1277006696663372e+00   5.0000000000000000e+00
   1.1830352438352987e+00   7.6850629709747320e-01   5.0000000000000000e+00
   2.9862950062778948e-01   2.0755469633868096e-01   5.0000000000000000e+00
   1.5652723944011182e+00   3.0157704404683883e+00   5.0000000000000000e+00
   1.0989826452617169e+00   1.0724425144177763e+00   5.0000000000000000e+00
   6.9909209103319823e+00   8.3065306337525495e+00   5.0000000000000000e+00
   2.5895680039412481e+00   1.2200936491926828e+00   5.0000000000000000e+00
   1.6383300381697163e+00   5.9990106923778264e-01   5.0000000000000000e+00
   9.7244314259015212e+00   9.1832455076861734e+00   5.0000000000000000e+00
   1.5089513756134709e+00   2.0900732033855607e+00   5.0000000000000000e+00
   6.4517520931155592e-01   2.7952609496867451e+00   5.0000000000000000e+00
   9.2740710630273284e+00   8.9584821913157917e+00   5.0000000000000000e+00
   9.1531209199417454e+00   9.8711541873503510e+00   5.0000000000000000e+00
   2.1537297952312127e+00   2.4137790660072858e+00   5.0000000000000000e+00
   8.5423005842410511e+00   8.3305391372645001e+00   5.0000000000000000e+00
   8.2774171897107927e+00   7.0594517209786485e+00   5.0000000000000000e+00
   8.2748593861877717e-02   2.3091895013800001e+00   5.0000000000000000e+00
   6.8498862444750408e+00   8.4808900164822685e+00   5.0000000000000000e+00
   7.6678775456091142e+00   8.5337122325083783e+00   5.0000000000000000e+00
   1.7446769578412291e-01   2.7043905694417769e+00   5.0000000000000000e+00
   8.2976055389962298e+00   7.2555367573795273e+00   5.0000000000000000e+00
   9.4353027548390607e+00   7.1192875923794290e+00   5.0000000000000000e+00
   7.4012110601958634e+00   8.5047853984714283e+00   5.0000000000000000e+00
   7.1646075247058914e+00   8.5904392411995882e+00   5.0000000000000000e+00
   9.5744916821415114e+00   6.5492668814359636e+00   5.0000000000000000e+00
   7.3378169744403001e+00   8.7707090993847103e+00   5.0000000000000000e+00
   2.5466902221293730e+00   3.0599943107815220e-01   5.0000000000000000e+00
   4.2070662451875518e-01   9.1635444713286884e-01   5.0000000000000000e+00
   9.0232755813297967e+00   6.5650269994088593e+00   5.0000000000000000e+00
   9.1988597128881207e+00   7.7274750020199834e+00   5.0000000000000000e+00
   6.0395295398205429e-01   1.0786285358985481e+00   5.0000000000000000e+00
   9.6872149842023436e+00   9.0442517152768716e+00   5.0000000000000000e+00
   3.1606983556892256e+00   1.5874085385476433e+00   5.0000000000000000e+00
   1.4323105332929387e+00   3.4832119376063120e-01   5.0000000000000000e+00
   9.5627837263317392e+00   8.7355837183371747e+00   5.0000000000000000e+00
   1.1015098818689240e+00   1.7328528338321381e+00   5.0000000000000000e+00
   8.8863131877524495e+00   7.5675025938784026e+00   5.0000000000000000e+00
   7.6407826300370019e+00   7.6239370652765341e+00   5.0000000000000000e+00
   7.4809144085898813e+00   9.1100825432468113e+00   5.0000000000000000e+00
   3.6100930231668493e-01   2.5563799592117711e+00   5.0000000000000000e+00
