   3.5285825154669426e+00   9.1812315106662119e+00   1.0000000000000000e+00
   2.0245505101626438e+00   7.3773259087596781e+00   1.0000000000000000e+00
   6.7963254439129894e+00   7.1787560766131575e-01   1.0000000000000000e+00
   7.0848515320122303e+00   7.7445849771289987e-01   1.0000000000000000e+00
   8.6112206014359014e+00   3.1140379670339238e+00   1.0000000000000000e+00
   9.4719679429820829e+00   1.1838865516221997e+00   1.0000000000000000e+00
   6.5978816418494901e-01   6.8634933346343825e+00   1.0000000000000000e+00
   9.0571164689895092e+00   2.3733700520724565e+00   1.0000000000000000e+00
   8.9255977682814596e+00   2.5020429014471155e+00   1.0000000000000000e+00
   7.5383518567149066e+00   1.5239884158211581e+00   1.0000000000000000e+00
   7.8196873568162095e+00   1.5435963364898719e+00   1.0000000000000000e+00
   3.0227120354125403e+00   8.2066867587611156e+00   1.0000000000000000e+00
   1.2735252865228686e+00   7.3211163576054048e+00   1.0000000000000000e+00
   8.9674793428592370e+00   2.9988891593007927e+00   1.0000000000000000e+00
   7.6588853672322523e+00   7.1036521141886855e-01   1.0000000000000000e+00
   1.1286261780527174e+00   8.2837650317538429e+00   1.0000000000000000e+00
   9.0534972197260171e+00   3.3101507174341007e+00   1.0000000000000000e+00
   2.2885346255930070e+00   7.5274090634200057e+00   1.0000000000000000e+00
   4.6626340815292933e-01   7.9750514889974253e+00   1.0000000000000000e+00
   7.3810162861017279e+00   1.0776393789465433e+00   1.0000000000000000e+00
   1.4852607810372098e+00   7.5323644660310007e+00   1.0000000000000000e+00
   1.1145953425075217e+00   7.3878543023893917e+00   1.0000000000000000e+00
   8.8002575131544649e+00   2.8841686080756324e+00   1.0000000000000000e+00
   1.6988711238364229e+00   8.2694508604061294e+00   1.0000000000000000e+00
   7.0099762202534297e+00   1.8072990239269859e+00   1.0000000000000000e+00
   9.1354778968980330e+00   2.0781813591100340e+00   1.0000000000000000e+00
   9.5518651168345219e+00   3.1933901328831062e+00   1.0000000000000000e+00
   3.0550942287778460e+00   9.7101128105365415e+00   1.0000000000000000e+00
   7.4056895784428534e+00   5.5685014966376456e-01   1.0000000000000000e+00
   1.6655366066313770e+00   7.5395360620505567e+00   1.0000000000000000e+00
   9.8477825308918163e+00   1.8243635793849788e+00   1.0000000000000000e+00
   5.1549941150009326e-01   6.5050454614512550e+00   1.0000000000000000e+00
   8.4530038951969182e+00   3.2394778830904061e+00   1.0000000000000000e+00
   8.2300806319177937e+00   1.2369366461639109e-01   1.0000000000000000e+00
   8.6927262870727384e-02   7.1673457367579205e+00   1.0000000000000000e+00
   1.8667994195894633e+00   8.5183308605257242e+00   1.0000000000000000e+00
   8.4259899071847748e+00   9.9915842399234012e-01   1.0000000000000000e+00
   1.1473487616850941e+00   9.3442840515121919e+00   1.0000000000000000e+00
   3.4686812404346403e+00   9.5730374432619243e+00   1.0000000000000000e+00
   3.7536740976119187e+00   9.8340769890735906e+00   1.0000000000000000e+00
   9.0690806593852642e+00   2.9605608949956674e-01   1.0000000000000000e+00
   8.0162991892537487e+00   2.7160619443447622e+00   1.0000000000000000e+00
   1.1861367736921036e+00   8.2660821288874242e+00   1.0000000000000000e+00
   9.8803819975289002e+00   3.3796532803945789e-02   1.0000000000000000e+00
   9.8854671816888953e+00   3.0224184986819358e+00   1.0000000000000000e+00
   9.2291467244554326e+00   6.7485600682346547e-01   1.0000000000000000e+00
   9.8484129947450434e+00   6.7162529072707366e-01   1.0000000000000000e+00
   9.8978076106599477e+00   3.4062866817858515e+00   1.0000000000000000e+00
   1.3428018069100001e+00   8.1039776333370135e+00   1.0000000000000000e+00
   9.1430058992382008e+00   2.3762132100671094e+00   1.0000000000000000e+00
   8.6671733963627648e+00   1.2372712046181900e+00   1.0000000000000000e+00
   8.2253999703432834e-01   7.9058644021165918e+00   1.0000000000000000e+00
   9.5754652459504932e+00   2.8854692714547561e+00   1.0000000000000000e+00
   8.8447502292858804e-02   6.3443752288068289e+00   1.0000000000000000e+00
   7.6310029806706510e+00   7.1461919828761600e-01   1.0000000000000000e+00
   9.3038102057851297e+00   3.2211869011428007e+00   1.0000000000000000e+00
   9.1756119394892668e+00   2.3989434937102958e+00   1.0000000000000000e+00
   4.5818649161075253e-01   9.0934973946126352e+00   1.0000000000000000e+00
   1.4906346108155555e-01   7.1757651146104973e+00   1.0000000000000000e+00
   1.5752289779441475e+00   7.5407273108670783e+00   1.0000000000000000e+00
   9.4906071232169822e+00   2.9160043170112235e+00   1.0000000000000000e+00
   1.7966341583699785e+00   8.5743392246470602e+00   1.0000000000000000e+00
   4.1602674334345613e-01   6.5392743801787141e+00   1.0000000000000000e+00
   8.2095702682053417e+00   2.5784446956058229e+00   1.0000000000000000e+00
   1.6031742289691464e+00   6.8350804814363428e+00   1.0000000000000000e+00
   7.5840282335031670e+00   1.1310109480189501e+00   1.0000000000000000e+00
   2.4925390753478638e+00   9.3087700382916960e+00   1.0000000000000000e+00
   8.9121352419590991e+00   1.2949603066921966e+00   1.0000000000000000e+00
   1.4235654553178256e+00   9.9419982830000375e+00   1.0000000000000000e+00
   1.9661311002119874e-01   8.5784273321827484e+00   1.0000000000000000e+00
   9.4008466224253535e+00   3.1552909654012620e+00   1.0000000000000000e+00
   1.5695851601874067e+00   8.0912742860580344e+00   1.0000000000000000e+00
   6.7588321373285156e+00   4.4741489484878105e-01   1.0000000000000000e+00
   9.9539361126171899e-02   9.3192367646057743e+00   1.0000000000000000e+00
   1.9358497356215043e+00   9.5132584196946581e+00   1.0000000000000000e+00
   1.3475094558702216e-01   7.4312223861552917e+00   1.0000000000000000e+00
   8.5492841747515094e+00   2.0824419897988458e+00   1.0000000000000000e+00
   3.9096013151987519e-01   6.4426738142912505e+00   1.0000000000000000e+00
   8.4686350415477509e+00   2.5165289269443636e+00   1.0000000000000000e+00
   9.1504157308730658e+00   2.6022834964188912e+00   1.0000000000000000e+00
   2.8854209142980647e+00   7.9056689129308566e+00   1.0000000000000000e+00
   2.6963987825062041e-01   6.8703697634420022e+00   1.0000000000000000e+00
   6.9517341002104596e+00   1.7509729496526638e+00   1.0000000000000000e+00
   1.9337035469452712e+00   8.0138937359548930e+00   1.0000000000000000e+00
   3.9722816573770081e-01   6.2970591480420843e+00   1.0000000000000000e+00
   6.5465567089561603e+00   4.5358396050823480e-01   1.0000000000000000e+00
   8.0334032979545871e+00   2.4424710715399045e+00   1.0000000000000000e+00
   2.6826005942681252e+00   9.7189387593152965e+00   1.0000000000000000e+00
   2.5433080061453506e+00   9.7260914251201793e+00   1.0000000000000000e+00
   1.7689531335719355e+00   8.9172491017968714e+00   1.0000000000000000e+00
   2.3035837009194573e+00   8.7912807350635340e+00   1.0000000000000000e+00
   8.1280550656275494e+00   2.7526746861950588e+00   1.0000000000000000e+00
   1.0483195956809277e+00   8.8236452546083868e+00   1.0000000000000000e+00
   6.9632832712872794e-01   6.6080921027026553e+00   1.0000000000000000e+00
   1.8447284913281070e-03   6.6877958944143643e+00   1.0000000000000000e+00
   9.9984085751743446e-01   8.9481213186239472e+00   1.0000000000000000e+00
   8.1068041435849789e+00   8.5242232946924790e-01   1.0000000000000000e+00
   3.3251485622839838e+00   8.8457167273261277e+00   1.0000000000000000e+00
   7.4526671450524082e+00   5.2666794668994599e-01   1.0000000000000000e+00
   7.5147588322606733e+00   9.2259614008585289e-01   1.0000000000000000e+00
   9.2276729551181127e+00   4.7982394777704163e-01   1.0000000000000000e+00
   1.8302665388430950e-01   7.8455456121388369e+00   1.0000000000000000e+00
   8.0664714027828062e+00   2.4734444091330410e+00   1.0000000000000000e+00
   1.3752602463651387e+00   9.4466836161167222e+00   1.0000000000000000e+00
   9.2508359594470981e+00   2.7245364973689457e+00   1.0000000000000000e+00
   1.9501075489305775e+00   7.2748904221568029e+00   1.0000000000000000e+00
   9.1572387133807602e+00   8.9237902649219603e-03   1.0000000000000000e+00
   9.4214752778633244e+00   3.0798192557833537e+00   1.0000000000000000e+00
   9.2301724504095795e-02   6.3575712591947777e+00   1.0000000000000000e+00
   5.7522976830450157e-01   8.8687987513207567e+00   1.0000000000000000e+00
   2.3299159866404184e-01   7.9969642281220477e+00   1.0000000000000000e+00
   6.5654560284401260e+00   6.6370506333023216e-01   1.0000000000000000e+00
   2.2165365269281603e+00   8.3535773990000894e+00   1.0000000000000000e+00
   9.9174910523334492e-01   8.0477018862915699e+00   1.0000000000000000e+00
   2.0794276002215484e+00   8.0445603880528775e+00   1.0000000000000000e+00
   2.7215375653167762e+00   8.9004239566306858e+00   1.0000000000000000e+00
   8.4805176633647790e+00   2.6801555442748870e-01   1.0000000000000000e+00
   3.6313124614817047e+00   9.5413299129256366e+00   1.0000000000000000e+00
   5.3631766831568339e-01   9.3146629350462700e+00   1.0000000000000000e+00
   9.3505838927657408e+00   3.4581421722025105e+00   1.0000000000000000e+00
   8.8871857859111056e+00   1.4791281467206385e+00   1.0000000000000000e+00
   1.6145191877337872e-01   7.1486091988182103e+00   1.0000000000000000e+00
   7.7215235858505826e+00   1.7584265446651037e-01   1.0000000000000000e+00
   2.7393593767986602e+00   9.9275918509196330e+00   1.0000000000000000e+00
   9.7004465163693236e+00   1.0917857593733982e+00   1.0000000000000000e+00
   2.4218283167036869e+00   7.4569277906438867e+00   1.0000000000000000e+00
   6.9803245676723558e+00   7.5430685977399436e-01   1.0000000000000000e+00
   9.5120530771383187e+00   1.6337366887856708e+00   1.0000000000000000e+00
   8.3269920117272704e+00   2.3533409917503310e+00   1.0000000000000000e+00
   9.7228269054212166e+00   1.9886571199174929e+00   1.0000000000000000e+00
   9.9480133635682186e+00   2.4845153793268739e+00   1.0000000000000000e+00
   8.4987997444617100e+00   4.7803790981382210e-03   1.0000000000000000e+00
   1.0687631560627742e+00   8.4764514199802665e+00   1.0000000000000000e+00
   9.9045617509552208e+00   2.1720561560038454e+00   1.0000000000000000e+00
   6.1500128400410081e-01   7.1261140304566819e+00   1.0000000000000000e+00
   5.2007237909685977e-01   6.5359677818629160e+00   1.0000000000000000e+00
   6.8037616435297785e+00   1.5120208568411753e+00   1.0000000000000000e+00
   8.0208717980151754e+00   1.6451490042063766e+00   1.0000000000000000e+00
   9.5097626483852893e-01   9.6395179548800236e+00   1.0000000000000000e+00
   2.0622261428325803e+00   7.0433717538435801e+00   1.0000000000000000e+00
   1.6314545647906686e+00   7.6883749131077215e+00   1.0000000000000000e+00
   4.1078318717641449e-01   6.4688271875421366e+00   1.0000000000000000e+00
   9.8522735895001041e+00   9.0661289932889244e-01   1.0000000000000000e+00
   9.4755699728898470e+00   1.2622952731449344e+00   1.0000000000000000e+00
   9.4188685821447002e+00   1.4977336298197030e+00   1.0000000000000000e+00
   1.6411974358762016e+00   9.5953416103301787e+00   1.0000000000000000e+00
   9.8677363773282938e+00   1.0379524943706253e+00   1.0000000000000000e+00
   7.6229559079560687e+00   1.7690478423209477e+00   1.0000000000000000e+00
   7.8063546353481073e+00   2.2628253732725891e+00   1.0000000000000000e+00
   8.0351791116021669e+00   1.2867769352629965e+00   1.0000000000000000e+00
   9.9443571708712053e+00   1.8998676124846747e+00   1.0000000000000000e+00
   8.2549168917131883e+00   1.7938049939790746e+00   1.0000000000000000e+00
   6.3977778818841067e+00   5.7466452042516436e-01   1.0000000000000000e+00
   2.4314544646436764e+00   7.4665912916794417e+00   1.0000000000000000e+00
   2.1500677153765357e-01   9.3676986338676098e+00   1.0000000000000000e+00
   8.2869506652026104e+00   3.2434879546776707e-01   1.0000000000000000e+00
   9.0835998797084336e+00   9.3663996560697904e-01   1.0000000000000000e+00
   8.2574705360412608e+00   5.3393042418113934e-01   1.0000000000000000e+00
   3.2511293450575804e+00   9.1369226100061223e+00   1.0000000000000000e+00
   8.1001660929490509e+00   2.5770298728476537e+00   1.0000000000000000e+00
   1.0666775820918817e+00   8.3306087678456091e+00   1.0000000000000000e+00
   9.5132368447334805e+00   2.8420332587502264e+00   1.0000000000000000e+00
   4.8371991820692073e-01   9.4631731875157072e+00   1.0000000000000000e+00
   8.7853850518097021e-01   8.3534790299197290e+00   1.0000000000000000e+00
   9.5266459637175078e+00   2.6003461499192926e+00   1.0000000000000000e+00
   8.8639898425299215e+00   1.3262602401750145e-02   1.0000000000000000e+00
   9.7467059344878386e+00   2.6901781137702185e+00   1.0000000000000000e+00
   1.1254243810978115e+00   7.5639514500147200e+00   1.0000000000000000e+00
   8.9162637651200587e+00   3.3911153245952184e+00   1.0000000000000000e+00
   8.2103333734043087e+00   2.6367897564109000e+00   1.0000000000000000e+00
   2.5802418013085946e+00   8.2554241305041423e+00   1.0000000000000000e+00
   7.9560988354289739e+00   2.1500781420534465e-01   1.0000000000000000e+00
   1.3649282612873603e+00   8.0456138966852855e+00   1.0000000000000000e+00
   7.8480758148227849e+00   1.7716604344823028e+00   1.0000000000000000e+00
   8.6563330708593647e+00   2.0417982355947348e+00   1.0000000000000000e+00
   2.4345368477104143e+00   7.5975781017821618e+00   1.0000000000000000e+00
   8.4237431759689425e+00   2.9308645602794270e+00   1.0000000000000000e+00
   9.3931180822473017e+00   3.5953441649116211e+00   1.0000000000000000e+00
   8.6383643026051726e-01   8.1744116187144513e+00   1.0000000000000000e+00
   8.5912810137090556e+00   2.5320185979777712e+00   1.0000000000000000e+00
   1.8920004171956428e+00   8.5487001893142782e+00   1.0000000000000000e+00
   9.1273397704512060e+00   1.7975678744309287e+00   1.0000000000000000e+00
   1.2899132856667128e+00   9.2617639038154529e+00   1.0000000000000000e+00
   4.5534592261945894e-01   9.1313345478765111e+00   1.0000000000000000e+00
   2.4843736423088880e+00   7.5457631677089489e+00   1.0000000000000000e+00
   3.2908258390083542e+00   8.8530961630694129e+00   1.0000000000000000e+00
   9.4958526631374323e+00   1.6137247333263449e+00   1.0000000000000000e+00
   9.5583440606311143e+00   2.3279282289124446e+00   1.0000000000000000e+00
   9.4589175345473500e+00   2.7537954444586985e+00   1.0000000000000000e+00
   3.1444119251595271e+00   9.6822400943357785e+00   1.0000000000000000e+00
   8.2153192954450116e+00   8.8965821859713579e-01   1.0000000000000000e+00
   3.0625887194465564e+00   8.1753390324471962e+00   1.0000000000000000e+00
   3.2178313132505454e+00   8.5438866605107879e+00   1.0000000000000000e+00
   8.4804691940863606e+00   1.6444477369168586e+00   1.0000000000000000e+00
   9.0630163399067687e+00   3.0537977009597697e+00   1.0000000000000000e+00
   9.6771505713578083e+00   3.2424079780584112e+00   1.0000000000000000e+00
   9.9306113542716865e+00   1.6006140613328945e-01   1.0000000000000000e+00
   1.9097111422432944e+00   7.7470737498132998e+00   1.0000000000000000e+00
   1.1345243291774620e+00   7.9443608684744227e+00   1.0000000000000000e+00
   6.4447826291301293e+00   1.1835262847281469e+00   2.0000000000000000e+00
   3.5408052168963255e-01   5.6533596502835906e+00   2.0000000000000000e+00
   5.8397684153075673e+00   1.0133825474197489e+00   2.0000000000000000e+00
   8.1457616979847458e+00   4.0843755432942679e+00   2.0000000000000000e+00
   6.1989693662756098e+00   1.5566642762322769e+00   2.0000000000000000e+00
   7.1076998173174815e+00   4.1715070240345948e+00   2.0000000000000000e+00
   1.2821464043864783e+00   5.8713755429200356e+00   2.0000000000000000e+00
   6.4915131543789553e+00   4.1891933536387143e+00   2.0000000000000000e+00
   5.6826931289864202e+00   2.5514729867133799e+00   2.0000000000000000e+00
   6.2897010226574226e+00   1.3489044958048213e+00   2.0000000000000000e+00
   6.2245924370993855e+00   1.9791432388400854e+00   2.0000000000000000e+00
   4.2260830675763392e+00   9.9799120783461497e+00   2.0000000000000000e+00
   5.6453285855884214e+00   2.1000487328238906e+00   2.0000000000000000e+00
   1.0223729428262940e+00   6.0664878319544124e+00   2.0000000000000000e+00
   2.6954375015914156e+00   6.4803076714449190e+00   2.0000000000000000e+00
   6.4704070511776655e+00   3.8244376620947840e+00   2.0000000000000000e+00
   9.5598161718398984e+00   4.4751233665749615e+00   2.0000000000000000e+00
   9.3942369711518410e+00   4.5582796400015866e+00   2.0000000000000000e+00
   2.1191345417755461e+00   5.8847996705810823e+00   2.0000000000000000e+00
   2.4767249865180805e+00   6.3444578873451576e+00   2.0000000000000000e+00
   1.6765032190187001e+00   5.8585287887249269e+00   2.0000000000000000e+00
   3.6823763370084848e+00   8.3043542614254111e+00   2.0000000000000000e+00
   8.3189036470850510e+00   3.8167303314867840e+00   2.0000000000000000e+00
   1.7054097416868341e+00   5.7684619218859634e+00   2.0000000000000000e+00
   4.2166409977601562e+00   9.8650638965282003e+00   2.0000000000000000e+00
   6.5195400600141920e+00   2.9901554849045153e+00   2.0000000000000000e+00
   4.6001418278346593e+00   9.5574406364104085e+00   2.0000000000000000e+00
   8.4928268461860554e+00   4.1669581058712826e+00   2.0000000000000000e+00
   6.3482547581057638e+00   4.1006246377757307e+00   2.0000000000000000e+00
   5.7752989509257970e+00   1.2005344537195994e+00   2.0000000000000000e+00
   8.2061437206064642e+00   3.2659956900238796e+00   2.0000000000000000e+00
   4.0115619109925635e+00   7.0294163457034875e+00   2.0000000000000000e+00
   3.6475623500048271e+00   6.6269159235420734e+00   2.0000000000000000e+00
   2.7257644321686323e+00   7.5672757745954620e+00   2.0000000000000000e+00
   7.7673297429765320e+00   4.2935549382778522e+00   2.0000000000000000e+00
   2.0162213247438610e+00   5.6481572130801014e+00   2.0000000000000000e+00
   6.6522998689438566e+00   3.2373176242231407e+00   2.0000000000000000e+00
   3.6888155002614109e+00   7.2376854775554014e+00   2.0000000000000000e+00
   4.2035861948289446e+00   9.2496003985984636e+00   2.0000000000000000e+00
   6.5122332152373144e+00   3.1029959325773038e+00   2.0000000000000000e+00
   7.8006282004084184e+00   3.7116376738189660e+00   2.0000000000000000e+00
   1.0152309069776122e+00   5.7089538474946897e+00   2.0000000000000000e+00
   6.1544620904320269e+00   6.8952075077295505e-01   2.0000000000000000e+00
   2.4534847436340588e+00   6.3585204787368426e+00   2.0000000000000000e+00
   1.0571929578467132e+00   5.8280089528174663e+00   2.0000000000000000e+00
   8.4146305545234643e+00   3.9991450218127578e+00   2.0000000000000000e+00
   6.5192361889980894e+00   3.8959967371382365e+00   2.0000000000000000e+00
   9.8202209002134708e+00   4.5958142651060596e+00   2.0000000000000000e+00
   8.4654199680303819e+00   4.2512957700552265e+00   2.0000000000000000e+00
   5.4425056338863387e+00   1.7721998106129555e+00   2.0000000000000000e+00
   7.6376772404747388e+00   3.7770797083213292e+00   2.0000000000000000e+00
   5.6934919223447489e+00   2.5941390812484566e+00   2.0000000000000000e+00
   3.9079926460985384e+00   8.1185519863564561e+00   2.0000000000000000e+00
   4.6786649060237098e+00   8.7314230311152485e+00   2.0000000000000000e+00
   6.3601209669570622e+00   3.2947219191825896e+00   2.0000000000000000e+00
   7.2235152137319556e+00   4.1697593396935897e+00   2.0000000000000000e+00
   5.5804919361042260e-01   5.7195078259758700e+00   2.0000000000000000e+00
   8.3360128713634687e+00   4.0749319429659270e+00   2.0000000000000000e+00
   1.6597888113562287e+00   5.7261454875856028e+00   2.0000000000000000e+00
   7.0088764350539936e+00   4.2701989927389503e+00   2.0000000000000000e+00
   5.2877661765007389e+00   1.5591295344853928e+00   2.0000000000000000e+00
   4.4246639258128750e+00   7.4071240631045523e+00   2.0000000000000000e+00
   8.6228260678870683e+00   3.6057066509407432e+00   2.0000000000000000e+00
   2.9831727598927471e+00   5.6987051152022126e+00   2.0000000000000000e+00
   9.6969793280787400e+00   3.9345904441300359e+00   2.0000000000000000e+00
   7.7958099969830350e+00   4.5433318908264777e+00   2.0000000000000000e+00
   1.5916479204797884e+00   6.5891217592541160e+00   2.0000000000000000e+00
   3.5471864497681596e+00   9.0399446170388114e+00   2.0000000000000000e+00
   6.5050778202297890e+00   4.3504219715398023e+00   2.0000000000000000e+00
   1.7982808877116052e+00   5.2934876412253731e+00   2.0000000000000000e+00
   6.3819213314400596e+00   2.1421323248313326e+00   2.0000000000000000e+00
   8.5393555909752692e+00   3.7097580273537387e+00   2.0000000000000000e+00
   1.0055379289875677e+00   5.8043104569018844e+00   2.0000000000000000e+00
   2.9741488632437463e+00   6.8589513859793314e+00   2.0000000000000000e+00
   6.5620787710793271e+00   3.0933490794025720e+00   2.0000000000000000e+00
   9.0687215651863156e+00   4.4222631458542327e+00   2.0000000000000000e+00
   5.4951562196110313e+00   1.7940439883290349e+00   2.0000000000000000e+00
   6.3436306320527267e+00   4.1829897563672400e+00   2.0000000000000000e+00
   6.8237214424873995e+00   4.3353235184091110e+00   2.0000000000000000e+00
   9.2891258864880939e+00   3.6238141230024956e+00   2.0000000000000000e+00
   6.5694859717544718e+00   1.4913123341066670e+00   2.0000000000000000e+00
   3.5575958195291402e+00   7.4586181248384715e+00   2.0000000000000000e+00
   6.6933335798076756e+00   1.6452508117457754e+00   2.0000000000000000e+00
   3.2948192702470172e+00   7.8551100555902114e+00   2.0000000000000000e+00
   4.3236870882995575e+00   7.8092348481771836e+00   2.0000000000000000e+00
   9.7266013242326981e+00   4.3106569940825077e+00   2.0000000000000000e+00
   6.7514418401477716e+00   2.8275719897008544e+00   2.0000000000000000e+00
   6.0539695563761331e+00   2.8766307254706280e+00   2.0000000000000000e+00
   6.7215194408219627e+00   3.7221558280529541e+00   2.0000000000000000e+00
   2.7509451848503428e+00   5.9241998032398078e+00   2.0000000000000000e+00
   5.7060996792148977e+00   3.4753554744655091e+00   2.0000000000000000e+00
   5.5718835481680156e+00   3.4791590504901313e+00   2.0000000000000000e+00
   5.6820711743996535e+00   6.0964113465322711e-03   2.0000000000000000e+00
   9.1230212777646162e+00   4.7534032196867990e+00   2.0000000000000000e+00
   7.4948042953437835e+00   2.9045440972936021e+00   2.0000000000000000e+00
   8.7529374086214577e+00   4.3270478538695798e+00   2.0000000000000000e+00
   1.2671358555316614e+00   6.1935318932408165e+00   2.0000000000000000e+00
   3.7054390518034683e+00   7.8537951940335429e+00   2.0000000000000000e+00
   6.3692220164001556e+00   3.1311417256338423e+00   2.0000000000000000e+00
   6.6049264746243370e+00   3.0003637854088461e+00   2.0000000000000000e+00
   7.1132929141864745e+00   4.1219506423587173e+00   2.0000000000000000e+00
   8.4926890330022644e+00   4.7010984582581923e+00   2.0000000000000000e+00
   2.5661937496675380e+00   6.9170625546049527e+00   2.0000000000000000e+00
   7.5354949649155687e+00   2.7419979328495492e+00   2.0000000000000000e+00
   5.4233992288951836e+00   1.0153211810781682e+00   2.0000000000000000e+00
   3.6366453180386680e+00   6.2747402731681792e+00   2.0000000000000000e+00
   5.5488707666716239e+00   2.0599720709631022e+00   2.0000000000000000e+00
   5.6756405053881416e+00   3.0922848555415348e+00   2.0000000000000000e+00
   3.6519626546659953e+00   6.1948994521560277e+00   2.0000000000000000e+00
   5.3658048152241395e+00   6.1883216477278680e-01   2.0000000000000000e+00
   6.2896680419326136e+00   2.8744326483719052e+00   2.0000000000000000e+00
   3.9863740921708022e+00   7.9195036857671655e+00   2.0000000000000000e+00
   6.0909445980847785e+00   3.5280775828246691e+00   2.0000000000000000e+00
   2.0061664890010897e+00   6.7305272225577628e+00   2.0000000000000000e+00
   7.0931656679975061e+00   4.4749967217634783e+00   2.0000000000000000e+00
   2.3327196460810229e+00   6.1362369527663132e+00   2.0000000000000000e+00
   2.8704815269586637e+00   6.5501600005553193e+00   2.0000000000000000e+00
   8.2611527739835928e+00   4.1412896658145790e+00   2.0000000000000000e+00
   4.7021335305329366e+00   9.1866006476359239e+00   2.0000000000000000e+00
   8.4400386702521253e+00   4.2971850629336394e+00   2.0000000000000000e+00
   6.8445329983553851e+00   2.2742235910770860e+00   2.0000000000000000e+00
   1.0769846546432593e+00   5.6336144270343471e+00   2.0000000000000000e+00
   8.1917360874099785e+00   3.8315275679950069e+00   2.0000000000000000e+00
   5.9502945128264155e+00   3.6362899247447067e+00   2.0000000000000000e+00
   5.5777493356738894e+00   1.5622814266746132e+00   2.0000000000000000e+00
   3.7825488763700577e+00   5.9981454633603342e+00   2.0000000000000000e+00
   6.9882249412709836e+00   3.1757604817976661e+00   2.0000000000000000e+00
   7.3620836254895998e+00   4.3736398807228429e+00   2.0000000000000000e+00
   7.6346324461316311e+00   3.3960219902088307e+00   2.0000000000000000e+00
   6.7156602071110498e+00   2.4195490961853903e+00   2.0000000000000000e+00
   3.2583723674047160e+00   6.4531435114706417e+00   2.0000000000000000e+00
   7.8151848006910463e+00   4.2998444550697634e+00   2.0000000000000000e+00
   5.4099870080683417e+00   1.6778860264708761e+00   2.0000000000000000e+00
   2.0850460886916187e+00   6.0844833184003564e+00   2.0000000000000000e+00
   3.4648281469637618e+00   6.5096122401382193e+00   2.0000000000000000e+00
   8.2422303988495838e+00   3.8677791163558570e+00   2.0000000000000000e+00
   4.4358541336784540e+00   9.3120154932159807e+00   2.0000000000000000e+00
   4.1263066836167077e+00   9.0252880719342023e+00   2.0000000000000000e+00
   2.0327062011720920e+00   6.0710910053623204e+00   2.0000000000000000e+00
   5.9538635455521884e+00   3.1471012498703366e+00   2.0000000000000000e+00
   2.9363211937771583e+00   5.6029700142103600e+00   2.0000000000000000e+00
   9.4593055950048299e-01   5.3242673855284544e+00   2.0000000000000000e+00
   4.4226754382773246e+00   9.7910346095380980e+00   2.0000000000000000e+00
   2.6478867128357764e+00   6.1160318906100732e+00   2.0000000000000000e+00
   7.9544965784928579e+00   4.5801035389003344e+00   2.0000000000000000e+00
   1.9062618730839243e+00   6.1263412517536899e+00   2.0000000000000000e+00
   5.9913877065058578e+00   3.5049600773087199e+00   2.0000000000000000e+00
   7.9155381872706698e+00   4.6104911709385163e+00   2.0000000000000000e+00
   5.3327896894085569e-01   5.8630269621732625e+00   2.0000000000000000e+00
   9.7927120466028814e+00   4.2144942067685029e+00   2.0000000000000000e+00
   8.1734303731324065e+00   3.5842467170747860e+00   2.0000000000000000e+00
   6.6276704378858593e+00   3.7774779074106801e+00   2.0000000000000000e+00
   8.2805723637585960e+00   3.4570430068363009e+00   2.0000000000000000e+00
   4.4272581675836484e+00   9.5450576799100855e+00   2.0000000000000000e+00
   6.3964976350948515e+00   2.3053866655607482e+00   2.0000000000000000e+00
   7.7259759609754619e-02   6.0051013045165895e+00   2.0000000000000000e+00
   3.7528125761979316e+00   9.7089442223074389e+00   2.0000000000000000e+00
   4.1727807270185622e+00   8.0182294926353368e+00   2.0000000000000000e+00
   6.6029176360332826e+00   3.1786322821504287e+00   2.0000000000000000e+00
   2.3386055948414231e+00   5.3500403960194554e+00   2.0000000000000000e+00
   1.2296997609613192e+00   6.0753757196203528e+00   2.0000000000000000e+00
   5.6939860690255406e+00   3.0410610823042736e+00   2.0000000000000000e+00
   9.9383052960860017e+00   4.2947181645115062e+00   2.0000000000000000e+00
   6.0377604154969600e+00   2.9231577621583291e+00   2.0000000000000000e+00
   4.3373921629023400e+00   8.9555986451115128e+00   2.0000000000000000e+00
   6.6764699976241850e+00   3.5219831417225480e+00   2.0000000000000000e+00
   8.4096786696725072e+00   4.7214091966454514e+00   2.0000000000000000e+00
   3.8546958403637230e+00   9.9572060083880274e+00   2.0000000000000000e+00
   6.7940735272348416e+00   4.2671062544034779e+00   2.0000000000000000e+00
   6.5116385750105774e+00   4.2660742477440383e+00   2.0000000000000000e+00
   4.0151577473652811e+00   8.5138973039490295e+00   2.0000000000000000e+00
   8.6902149474524180e+00   4.4182465451018693e+00   2.0000000000000000e+00
   4.5030576537362323e+00   6.9550468521120301e+00   2.0000000000000000e+00
   3.9450898664323719e-01   5.7744216754260957e+00   2.0000000000000000e+00
   4.3909849969304249e+00   7.3997926487654775e+00   2.0000000000000000e+00
   6.0904532004146530e+00   2.1129842855160641e+00   2.0000000000000000e+00
   6.8460969986383580e+00   1.8540996045051616e+00   2.0000000000000000e+00
   3.0733396026268425e+00   7.1285788047244836e+00   2.0000000000000000e+00
   5.2250979825931854e-02   6.1646680242668630e+00   2.0000000000000000e+00
   5.5127191810382943e+00   1.2857453236993810e+00   2.0000000000000000e+00
   5.4830038448935934e+00   2.1594467683268723e+00   2.0000000000000000e+00
   3.0948510041799282e+00   6.2899361631684236e+00   2.0000000000000000e+00
   5.7254088272528971e+00   2.6500915219233203e+00   2.0000000000000000e+00
   7.6232109283891898e+00   4.2480464625474523e+00   2.0000000000000000e+00
   5.6399413271902565e+00   1.8640764876212779e+00   2.0000000000000000e+00
   3.8203817100966662e+00   6.1891747534434991e+00   2.0000000000000000e+00
   7.6970154407375126e+00   3.4527612330123070e+00   2.0000000000000000e+00
   4.0663361468671910e+00   8.5124289861703755e+00   2.0000000000000000e+00
   7.3098479644379930e+00   3.1081928233138276e+00   2.0000000000000000e+00
   6.2226259616667186e+00   1.7529613087727047e+00   2.0000000000000000e+00
   9.1953741676872429e+00   4.0545987300492214e+00   2.0000000000000000e+00
   1.5841700163762840e+00   5.2993999913277232e+00   2.0000000000000000e+00
   4.2737338596571828e+00   7.6870960116139706e+00   2.0000000000000000e+00
   2.2685322260484853e+00   6.8298188574202374e+00   2.0000000000000000e+00
   3.7190692643435828e+00   8.9269944781002515e+00   2.0000000000000000e+00
   2.7585954117803513e+00   7.2270989076063943e+00   2.0000000000000000e+00
   5.6554071170540032e+00   4.6521794695533969e-01   2.0000000000000000e+00
   9.7149033754710707e+00   4.0983501368992235e+00   2.0000000000000000e+00
   7.0577404693995014e+00   4.0784917686804203e+00   2.0000000000000000e+00
   1.9057573593052146e+00   5.7274631774026012e+00   2.0000000000000000e+00
   6.6666933526508743e+00   2.8853733231091629e+00   2.0000000000000000e+00
   6.5258299374057174e+00   1.4073317750379488e+00   2.0000000000000000e+00
   4.0025395765333247e+00   9.8383135676689690e+00   2.0000000000000000e+00
   8.6454639972452973e+00   3.6807596644563532e+00   2.0000000000000000e+00
   5.9809073381345037e+00   2.6522750353417459e+00   2.0000000000000000e+00
   4.2043657115049875e+00   7.2637946304145107e+00   2.0000000000000000e+00
   4.3103527966788082e+00   8.1961737121649634e+00   2.0000000000000000e+00
   3.3473722314240515e+00   6.7919760156636846e+00   2.0000000000000000e+00
   6.9626681742362546e+00   2.0027570701409481e+00   2.0000000000000000e+00
   4.1379276995670322e+00   7.4137817251952507e+00   2.0000000000000000e+00
   4.1815396763433466e+00   8.5572068663777721e+00   2.0000000000000000e+00
   1.5284869526034106e+00   6.3108089014142346e+00   2.0000000000000000e+00
   5.9154863394781181e+00   1.7890825611631689e+00   2.0000000000000000e+00
   8.5942645174594006e+00   4.2198088887402596e+00   2.0000000000000000e+00
   3.8761012998792155e+00   9.0396708131584269e+00   2.0000000000000000e+00
   2.5500544376419665e+00   6.5988938680018014e+00   2.0000000000000000e+00
   4.3348251581179040e+00   7.6476457286677562e+00   2.0000000000000000e+00
   4.6600289802292414e+00   9.1529090279414831e+00   2.0000000000000000e+00
   6.9278942391617822e+00   2.1592235859660356e+00   2.0000000000000000e+00
   7.0398645632321237e+00   2.7883432349808226e+00   2.0000000000000000e+00
   1.3361490968957890e+00   6.4250311499451707e+00   2.0000000000000000e+00
   3.5592132109661123e+00   6.7026371457414635e+00   2.0000000000000000e+00
   5.8322708515909749e+00   2.5073456975727870e+00   2.0000000000000000e+00
   7.0330382761293038e+00   3.0709361242131283e+00   2.0000000000000000e+00
   5.8370526619207492e+00   3.8963978508874564e+00   2.0000000000000000e+00
   9.7661573385671940e-01   5.3682323892205677e+00   2.0000000000000000e+00
   4.7636715625245696e+00   9.5446197605197920e+00   2.0000000000000000e+00
   4.0127492749094760e+00   9.4457638639370227e+00   2.0000000000000000e+00
   7.3901492473111450e+00   2.7724670345603277e+00   2.0000000000000000e+00
   8.4147369182066480e+00   3.8780878814658948e+00   2.0000000000000000e+00
   6.1330420778877794e+00   1.0922892300550491e+00   2.0000000000000000e+00
   6.9231675063526410e+00   3.3972951389203079e+00   2.0000000000000000e+00
   8.4124751281824821e+00   4.4373038568636645e+00   2.0000000000000000e+00
   6.1343516679752499e+00   3.3141282143585182e+00   2.0000000000000000e+00
   5.3899585305898876e+00   2.0615465507973543e+00   2.0000000000000000e+00
   2.0860465195899724e+00   6.6736674055091640e+00   2.0000000000000000e+00
   6.0751755245596515e+00   4.6542865781009182e+00   3.0000000000000000e+00
   5.7430880898073911e-02   5.1196978690850825e+00   3.0000000000000000e+00
   3.2546475479999804e+00   4.6269104118426014e+00   3.0000000000000000e+00
   5.0106028713785893e+00   2.4538710485278892e-01   3.0000000000000000e+00
   3.3640712138287188e+00   4.5671287204095119e+00   3.0000000000000000e+00
   4.2640040584390260e+00   3.0803173491102633e+00   3.0000000000000000e+00
   6.6689099664962797e+00   4.6954121157941611e+00   3.0000000000000000e+00
   4.4594197472379085e+00   5.9444835487896555e+00   3.0000000000000000e+00
   1.4216705486568171e-01   5.1086224303620442e+00   3.0000000000000000e+00
   5.8653250174302984e+00   5.5283394244330983e+00   3.0000000000000000e+00
   6.9343822216751274e+00   5.6758806626072271e+00   3.0000000000000000e+00
   5.1738309971966583e+00   5.2824617342744684e-01   3.0000000000000000e+00
   5.3393909123877359e+00   9.3931174116378671e+00   3.0000000000000000e+00
   5.4826739684992045e+00   5.2018553030973278e+00   3.0000000000000000e+00
   9.9969794079156067e+00   5.2375959133436574e+00   3.0000000000000000e+00
   5.2363224619400039e+00   7.5082386015410822e+00   3.0000000000000000e+00
   4.0133487541403090e+00   5.2963438715961253e+00   3.0000000000000000e+00
   5.4202588356150949e+00   7.8572810184324107e+00   3.0000000000000000e+00
   3.7352607822103066e+00   5.2177218295483936e+00   3.0000000000000000e+00
   4.6919204113683364e+00   1.3770133671922080e+00   3.0000000000000000e+00
   4.3843332123919385e+00   3.8950658768580091e+00   3.0000000000000000e+00
   4.6948592039860229e+00   3.1300176587139230e+00   3.0000000000000000e+00
   5.0523900691011328e+00   7.6421979906693256e+00   3.0000000000000000e+00
   5.8647620185690341e+00   4.9097968050598615e+00   3.0000000000000000e+00
   4.2740719842772945e+00   2.9538419152547011e+00   3.0000000000000000e+00
   4.0002180760165906e+00   4.2633465598849014e+00   3.0000000000000000e+00
   5.8949671624098023e+00   4.3511504158164271e+00   3.0000000000000000e+00
   5.0728299855597321e+00   3.4204933545504179e+00   3.0000000000000000e+00
   4.6400202493346976e+00   1.7444426340658636e+00   3.0000000000000000e+00
   5.8306569338240779e+00   4.8412680642870756e+00   3.0000000000000000e+00
   5.0853911209829894e+00   1.2452417374341540e+00   3.0000000000000000e+00
   4.9603434033926028e+00   1.2104086694610017e+00   3.0000000000000000e+00
   3.7309854923870334e+00   4.7760964110298278e+00   3.0000000000000000e+00
   1.9559336288270524e+00   4.9535697640165282e+00   3.0000000000000000e+00
   5.1699469764884851e+00   3.6243478249998020e+00   3.0000000000000000e+00
   4.7446657110700183e+00   9.5912958942922510e-01   3.0000000000000000e+00
   4.3603467141628292e+00   3.6519367217409759e+00   3.0000000000000000e+00
   5.3891833357951366e+00   7.4247218597741691e+00   3.0000000000000000e+00
   4.7896582589729011e+00   6.5959012712686436e+00   3.0000000000000000e+00
   8.3469893802631052e+00   4.8875528821150871e+00   3.0000000000000000e+00
   4.1949282478829701e+00   5.2293172798470184e+00   3.0000000000000000e+00
   2.6716513995762292e+00   5.2731677713257454e+00   3.0000000000000000e+00
   4.8752166874913216e+00   6.3133968212751821e+00   3.0000000000000000e+00
   4.8426511476735481e+00   6.4043690494034786e+00   3.0000000000000000e+00
   4.0336390565317259e+00   4.8786173083871933e+00   3.0000000000000000e+00
   4.6262626290774520e+00   6.2445206026522060e+00   3.0000000000000000e+00
   5.0130517364680234e+00   7.2999280742257948e+00   3.0000000000000000e+00
   5.3333475653313931e+00   9.2051361011023403e+00   3.0000000000000000e+00
   8.1254276385958164e+00   5.1891484248707762e+00   3.0000000000000000e+00
   1.6954525721969016e+00   5.1481946610899403e+00   3.0000000000000000e+00
   1.0022609088201939e+00   4.9556983493365623e+00   3.0000000000000000e+00
   4.2307662144277955e+00   4.9268966794175659e+00   3.0000000000000000e+00
   3.4371303378543381e+00   4.1606052940959817e+00   3.0000000000000000e+00
   1.1509073193784913e+00   4.8211716243368645e+00   3.0000000000000000e+00
   4.5550917304044667e+00   5.8278258934095719e+00   3.0000000000000000e+00
   4.5033629523133856e+00   5.7928123559748057e+00   3.0000000000000000e+00
   4.6095155808172947e+00   6.8612721427152543e+00   3.0000000000000000e+00
   3.6422541091109197e+00   4.7907153645475420e+00   3.0000000000000000e+00
   4.6812737103476181e+00   1.3067751355549051e+00   3.0000000000000000e+00
   5.2094586790391473e+00   7.0227365393857895e+00   3.0000000000000000e+00
   4.8508823899351192e+00   2.2560410743778614e+00   3.0000000000000000e+00
   7.3402494071055258e-01   5.0036721988231996e+00   3.0000000000000000e+00
   4.0022580242091790e+00   5.4710604657174766e+00   3.0000000000000000e+00
   5.0324577522471508e+00   5.7109174731083288e+00   3.0000000000000000e+00
   4.7272074667255071e+00   3.8770209943697798e+00   3.0000000000000000e+00
   4.4106653272279477e+00   4.3736121992585328e+00   3.0000000000000000e+00
   8.7538049538010618e+00   5.2923628126615530e+00   3.0000000000000000e+00
   7.9238399415015621e+00   4.6872714099018085e+00   3.0000000000000000e+00
   4.9370750271908781e+00   1.8222158019215684e+00   3.0000000000000000e+00
   4.4325373165923612e+00   3.0784820838836389e+00   3.0000000000000000e+00
   2.8977588340435503e+00   5.1566830526689778e+00   3.0000000000000000e+00
   5.1538496244933771e+00   7.1102515371029327e+00   3.0000000000000000e+00
   2.9612626131424360e+00   4.6897656004335078e+00   3.0000000000000000e+00
   5.1274290983262460e+00   7.1514078675749815e+00   3.0000000000000000e+00
   2.5437706769714028e+00   4.6596297479923985e+00   3.0000000000000000e+00
   5.2131497398227040e+00   7.0544793584534382e+00   3.0000000000000000e+00
   2.3476845221036635e+00   4.9729751838434675e+00   3.0000000000000000e+00
   3.7945075642103818e+00   4.3123690214299701e+00   3.0000000000000000e+00
   6.8542813977990154e+00   4.7956923213521225e+00   3.0000000000000000e+00
   4.7818258265449334e+00   8.3040619502695741e+00   3.0000000000000000e+00
   4.8987580513656637e+00   2.8712424190948713e+00   3.0000000000000000e+00
   4.8341258620769221e+00   8.3360266194938113e+00   3.0000000000000000e+00
   5.2665408233578317e+00   7.0102480211759266e+00   3.0000000000000000e+00
   6.3727041233577184e+00   4.8913228941661071e+00   3.0000000000000000e+00
   4.7861099450662525e+00   5.8996589352545978e+00   3.0000000000000000e+00
   4.8311107431296998e+00   7.8583704073678078e+00   3.0000000000000000e+00
   5.2526987730859007e+00   3.8339288366759661e+00   3.0000000000000000e+00
   8.6876528161402700e+00   4.7899296561907736e+00   3.0000000000000000e+00
   1.2327401598366194e+00   5.2478928806482328e+00   3.0000000000000000e+00
   5.1481174685421829e+00   5.8001718240571218e+00   3.0000000000000000e+00
   2.6313031504857323e+00   4.6933988063295287e+00   3.0000000000000000e+00
   5.4853924226681663e+00   3.0264111716704933e+00   3.0000000000000000e+00
   3.8328340824163654e+00   5.3232090680091755e+00   3.0000000000000000e+00
   3.4202873428027445e+00   5.2634549867177540e+00   3.0000000000000000e+00
   6.4580064159283745e-01   5.0669275360305104e+00   3.0000000000000000e+00
   2.9983679770870761e+00   5.1883803995740045e+00   3.0000000000000000e+00
   5.0552230882366302e+00   9.1228326306932512e+00   3.0000000000000000e+00
   5.0389683241375813e+00   7.3827369657670090e+00   3.0000000000000000e+00
   3.5927902971950343e+00   4.2924308346242253e+00   3.0000000000000000e+00
   6.1122434520345994e+00   4.4189675087413560e+00   3.0000000000000000e+00
   4.7023112564564755e+00   6.8021288783281477e+00   3.0000000000000000e+00
   4.5525298008059316e+00   1.6184239839733039e+00   3.0000000000000000e+00
   4.9872739941485058e+00   7.4646084655224403e+00   3.0000000000000000e+00
   7.3852613562302221e+00   5.4077256997573198e+00   3.0000000000000000e+00
   3.7890157175755776e+00   4.5561663224637403e+00   3.0000000000000000e+00
   1.1709957657812720e+00   4.9042777459124176e+00   3.0000000000000000e+00
   4.9356092853765894e+00   8.3682813819222126e+00   3.0000000000000000e+00
   4.9224321616750011e+00   1.6377158868028785e+00   3.0000000000000000e+00
   3.5219258397202613e+00   4.7482884075937806e+00   3.0000000000000000e+00
   4.3542301201673164e+00   4.7768528865636926e+00   3.0000000000000000e+00
   5.2771131624857803e+00   3.4175410777420421e+00   3.0000000000000000e+00
   7.0645666851558460e+00   5.3540515336141166e+00   3.0000000000000000e+00
   7.3108367380604653e+00   5.1613741119554692e+00   3.0000000000000000e+00
   6.1637825413319138e+00   5.3642501450868370e+00   3.0000000000000000e+00
   8.2218777174465600e+00   5.2101653626142399e+00   3.0000000000000000e+00
   5.1465166377285385e+00   5.6649130106176511e+00   3.0000000000000000e+00
   4.2887882682648062e+00   4.9529692480708718e+00   3.0000000000000000e+00
   5.2801049161737854e+00   9.6660249083781054e+00   3.0000000000000000e+00
   9.8585982223755622e+00   4.8702130235668575e+00   3.0000000000000000e+00
   9.4811791404335679e+00   4.8453058975597472e+00   3.0000000000000000e+00
   4.2205261197940054e+00   5.3991927496231273e+00   3.0000000000000000e+00
   1.5964501645548024e+00   4.7816557102748805e+00   3.0000000000000000e+00
   4.9374726885658387e+00   1.1749265209994231e+00   3.0000000000000000e+00
   6.9483537453594701e-01   4.7158726569016292e+00   3.0000000000000000e+00
   8.5630511768736657e+00   5.3488713847173646e+00   3.0000000000000000e+00
   3.7012791283286872e+00   5.0363214888515264e+00   3.0000000000000000e+00
   5.0962147482497517e+00   8.0469814699519286e+00   3.0000000000000000e+00
   5.3420312665743355e+00   7.7790882517237456e+00   3.0000000000000000e+00
   1.7092887749051644e+00   5.0859129629312347e+00   3.0000000000000000e+00
   5.0574481032453793e+00   2.0014710655093926e+00   3.0000000000000000e+00
   4.0037661227329142e+00   4.9078203489362711e+00   3.0000000000000000e+00
   5.8673692609050212e+00   4.0859237732320626e+00   3.0000000000000000e+00
   5.5218704951259312e+00   7.4231944731957409e+00   3.0000000000000000e+00
   5.6473379893036935e+00   5.4760775384651792e+00   3.0000000000000000e+00
   6.5688864740936488e+00   5.8811036407868134e+00   3.0000000000000000e+00
   4.8588080559277422e+00   9.2080707837700508e+00   3.0000000000000000e+00
   5.9423577956992970e+00   4.2642636898231681e+00   3.0000000000000000e+00
   4.8066064840489631e+00   1.2121712594974776e+00   3.0000000000000000e+00
   5.9492914978766800e+00   6.1164385529358505e+00   3.0000000000000000e+00
   6.8157991112692127e+00   4.8573692964816146e+00   3.0000000000000000e+00
   5.4012659845977442e+00   3.7954821497487612e+00   3.0000000000000000e+00
   5.5975429064346640e+00   5.1710683846225223e+00   3.0000000000000000e+00
   3.9942003425127193e+00   4.9613302145038762e+00   3.0000000000000000e+00
   3.8719155258758100e+00   4.0208250413214541e+00   3.0000000000000000e+00
   5.1976971165195813e+00   6.4797204934906327e+00   3.0000000000000000e+00
   5.9141407991261818e+00   4.2682370464339625e+00   3.0000000000000000e+00
   5.2006842511498528e+00   2.3372811518074088e+00   3.0000000000000000e+00
   5.1569663760638642e+00   9.4624817342639407e+00   3.0000000000000000e+00
   7.1111802419793584e+00   4.7493308960097504e+00   3.0000000000000000e+00
   4.4892677260379692e+00   3.8889664986913672e+00   3.0000000000000000e+00
   8.5340307995422453e+00   5.1810714243499518e+00   3.0000000000000000e+00
   5.2357134540453574e+00   7.4007689813085413e+00   3.0000000000000000e+00
   1.4303044922276920e+00   5.0166910516962098e+00   3.0000000000000000e+00
   4.9149919278874323e+00   2.3337226805550171e-01   3.0000000000000000e+00
   5.0477135647344102e+00   1.1859811026139300e+00   3.0000000000000000e+00
   1.4751171703802402e+00   4.7430740269933427e+00   3.0000000000000000e+00
   9.1716759220310013e+00   4.8087628427046782e+00   3.0000000000000000e+00
   1.5718355915887561e+00   4.7454964165828128e+00   3.0000000000000000e+00
   6.5308862143823907e+00   5.8543206405507355e+00   3.0000000000000000e+00
   6.3263577991316762e+00   4.5649140913849076e+00   3.0000000000000000e+00
   5.3863915321169200e+00   7.6059863301604755e+00   3.0000000000000000e+00
   4.3076925995422988e+00   4.2137310948402220e+00   3.0000000000000000e+00
   2.0778639139123989e+00   4.5038916594117318e+00   3.0000000000000000e+00
   6.6210399109323594e+00   4.9600781370452482e+00   3.0000000000000000e+00
   2.7708679488709809e+00   4.5094383499677235e+00   3.0000000000000000e+00
   6.2593726623081096e+00   5.9979796422136253e+00   3.0000000000000000e+00
   4.6338247925432006e+00   5.8356904283215130e+00   3.0000000000000000e+00
   5.9955181470660124e+00   4.1815056855937218e+00   3.0000000000000000e+00
   7.3291966770683121e+00   5.2858709837590157e+00   3.0000000000000000e+00
   4.8510470731238939e+00   3.3299780049105152e+00   3.0000000000000000e+00
   5.4076332253520896e+00   7.0165969636373759e+00   3.0000000000000000e+00
   5.3628845872418669e+00   3.4226698288199984e+00   3.0000000000000000e+00
   4.7015672570834708e+00   1.6050075066705349e+00   3.0000000000000000e+00
   4.8250691890150934e+00   5.0989023394944342e+00   3.0000000000000000e+00
   7.8129450014414816e+00   5.4364386203659301e+00   3.0000000000000000e+00
   6.1514719683627206e+00   5.9868624393034509e+00   3.0000000000000000e+00
   4.8383204966473752e+00   9.1999180973998307e+00   3.0000000000000000e+00
   7.0905090226066738e+00   5.6619553329103480e+00   3.0000000000000000e+00
   4.6568502428195604e+00   2.0237411186714684e+00   3.0000000000000000e+00
   4.2139012120954797e+00   5.9776553656648037e+00   3.0000000000000000e+00
   5.2567788626585052e+00   1.5590451693834939e+00   3.0000000000000000e+00
   6.9134007208201904e+00   5.6102791741477374e+00   3.0000000000000000e+00
   4.2305331623957549e+00   5.8271173633441551e+00   3.0000000000000000e+00
   3.6509069645156900e+00   4.8352387016370812e+00   3.0000000000000000e+00
   4.9088623370812723e+00   3.9744416809088809e+00   3.0000000000000000e+00
   4.3078737908707279e+00   3.2984403124757842e+00   3.0000000000000000e+00
   1.9054665261420534e+00   5.0115636425386345e+00   3.0000000000000000e+00
   4.0853366936525646e+00   5.2596630114789322e+00   3.0000000000000000e+00
   5.6584260211620645e+00   4.2792573362585005e+00   3.0000000000000000e+00
   3.5907942797468451e-01   4.8372577120728977e+00   3.0000000000000000e+00
   6.4863184554037048e+00   5.5310762794862498e+00   3.0000000000000000e+00
   7.0124372989245014e+00   5.1223533127802243e+00   3.0000000000000000e+00
   5.3350758533226941e+00   7.1667852370547127e+00   3.0000000000000000e+00
   8.2451185994979745e+00   5.1007219687310297e+00   3.0000000000000000e+00
   5.0909979700047900e+00   4.2045630595054710e+00   3.0000000000000000e+00
   5.2857285637039775e+00   3.0037417568019134e+00   3.0000000000000000e+00
   5.1342929765905261e+00   3.2994014321238705e+00   3.0000000000000000e+00
   1.6262451565802227e+00   5.0746059005555537e+00   3.0000000000000000e+00
   2.1794314938253887e+00   5.3293843617214298e+00   3.0000000000000000e+00
   4.6507554786359959e+00   4.6508893278829246e+00   3.0000000000000000e+00
   4.9622523127370428e+00   4.2637568006514144e+00   3.0000000000000000e+00
   6.0139916758778424e+00   5.0589872846830790e+00   3.0000000000000000e+00
   7.5156038372351288e+00   5.2460843020583825e+00   3.0000000000000000e+00
   5.0006161341981432e+00   3.0982818047485861e+00   3.0000000000000000e+00
   4.9343395263495173e+00   7.5073192765760011e+00   3.0000000000000000e+00
   2.1188620705310788e+00   5.0896350083533202e+00   3.0000000000000000e+00
   4.5273513969807482e+00   5.7369334617407794e+00   3.0000000000000000e+00
   5.1144996252066699e+00   6.4875569192107907e-01   3.0000000000000000e+00
   6.5225366944276564e+00   5.6897681926836041e+00   3.0000000000000000e+00
   2.3975472012803669e+00   4.8191112995936720e+00   3.0000000000000000e+00
   2.8139477900292764e+00   3.5313845514805156e+00   4.0000000000000000e+00
   6.5863260469014211e+00   6.3991675151458853e+00   4.0000000000000000e+00
   3.4430249206267494e+00   1.9695162225200691e+00   4.0000000000000000e+00
   3.5772974944308675e+00   1.1243694380126446e+00   4.0000000000000000e+00
   8.8981844848969178e+00   5.8731045493046405e+00   4.0000000000000000e+00
   1.3816510621496347e+00   3.8691758828400804e+00   4.0000000000000000e+00
   8.8988681716261731e+00   5.9803593525020871e+00   4.0000000000000000e+00
   9.4452534181223129e+00   5.5383620885853579e+00   4.0000000000000000e+00
   8.4485763777715874e+00   6.2868959152026065e+00   4.0000000000000000e+00
   6.1493454687329603e+00   6.8930306226750471e+00   4.0000000000000000e+00
   7.8820113419399256e+00   6.7656739493561302e+00   4.0000000000000000e+00
   4.1259543875916718e+00   2.1316384880816566e+00   4.0000000000000000e+00
   4.3980962219168749e+00   2.0203988361228129e+00   4.0000000000000000e+00
   5.5028547126980225e+00   7.9736411951635331e+00   4.0000000000000000e+00
   8.4551988350819922e+00   5.8340346847995939e+00   4.0000000000000000e+00
   2.6375159955475902e-01   4.0602938554602090e+00   4.0000000000000000e+00
   8.4731146738634333e+00   6.6726863548452187e+00   4.0000000000000000e+00
   9.2178380247585849e+00   6.4273902321556591e+00   4.0000000000000000e+00
   2.4147836093077402e+00   4.2656220219525025e+00   4.0000000000000000e+00
   4.3478326162350776e+00   1.7440884309809612e+00   4.0000000000000000e+00
   4.2178867417836905e+00   2.1884583690192247e+00   4.0000000000000000e+00
   7.0680118325905958e+00   7.6998601429450630e+00   4.0000000000000000e+00
   6.3811282174627770e+00   6.1444506649522834e+00   4.0000000000000000e+00
   2.0279492893041273e+00   4.0291718928930678e+00   4.0000000000000000e+00
   4.2569106182962262e+00   1.6085297508599405e+00   4.0000000000000000e+00
   3.1591105175420333e+00   3.1793987228761420e+00   4.0000000000000000e+00
   5.9541075053356600e+00   6.6682904217359598e+00   4.0000000000000000e+00
   6.7412647723586074e+00   8.2449887769128321e+00   4.0000000000000000e+00
   2.8535345194695436e+00   3.7285428993863157e+00   4.0000000000000000e+00
   3.8476324481834090e+00   2.7512623947354440e+00   4.0000000000000000e+00
   2.9323798567868931e+00   2.1596507653124686e+00   4.0000000000000000e+00
   3.9560018993048782e+00   2.5183064428774324e+00   4.0000000000000000e+00
   3.1763908756299930e+00   2.7402259295997657e+00   4.0000000000000000e+00
   3.8227969712913188e+00   9.4305810167578219e-01   4.0000000000000000e+00
   9.4491068898723238e+00   6.1280402046604499e+00   4.0000000000000000e+00
   7.5096505624887033e+00   6.4316760960605768e+00   4.0000000000000000e+00
   8.0023794161223289e+00   6.6439133685209910e+00   4.0000000000000000e+00
   7.6094848378684654e+00   6.2969462454586402e+00   4.0000000000000000e+00
   5.7367583571432235e+00   9.6232703907563355e+00   4.0000000000000000e+00
   6.9099594993362352e+00   6.7898656327812112e+00   4.0000000000000000e+00
   5.7584698141950010e+00   9.1953874100939483e+00   4.0000000000000000e+00
   5.7281169797345042e+00   9.7538994969993702e+00   4.0000000000000000e+00
   9.3557792838092748e+00   5.7099885065666145e+00   4.0000000000000000e+00
   4.1478957315050549e+00   4.2665606653162658e-01   4.0000000000000000e+00
   7.2046090285695898e+00   6.5663413508400392e+00   4.0000000000000000e+00
   2.7776149173009443e+00   3.2703607923358224e+00   4.0000000000000000e+00
   1.9348027630499587e+00   4.0226013384168375e+00   4.0000000000000000e+00
   6.1728800791266032e+00   7.4874675231429100e+00   4.0000000000000000e+00
   4.0770089654426176e+00   2.2980578069258071e+00   4.0000000000000000e+00
   9.3736402342664089e+00   5.7003701850791142e+00   4.0000000000000000e+00
   3.5096828763424193e+00   1.0837053026487897e+00   4.0000000000000000e+00
   3.8882935362531788e+00   5.7309983507815687e-01   4.0000000000000000e+00
   1.2795696400088419e+00   4.5278065676367039e+00   4.0000000000000000e+00
   2.3562065797845868e+00   3.1294320136767184e+00   4.0000000000000000e+00
   9.6106279964427834e+00   5.9383970685322858e+00   4.0000000000000000e+00
   3.9537015958485178e+00   2.8778411995026900e+00   4.0000000000000000e+00
   9.3091912126202310e+00   5.8691797082676924e+00   4.0000000000000000e+00
   6.6124715766483488e+00   8.1788733823212247e+00   4.0000000000000000e+00
   2.7400450895796382e+00   2.6452454440802486e+00   4.0000000000000000e+00
   9.9455308592910328e+00   6.0636515024644035e+00   4.0000000000000000e+00
   7.2275259443641389e+00   6.7796340814541702e+00   4.0000000000000000e+00
   8.6964678365895622e+00   6.1629553524529843e+00   4.0000000000000000e+00
   6.3772555567319253e+00   8.5401625158541243e+00   4.0000000000000000e+00
   3.6863895129096269e-01   4.1658570596316462e+00   4.0000000000000000e+00
   5.6999624996738065e+00   7.5543571073090288e+00   4.0000000000000000e+00
   2.4691497740499013e+00   3.2302321653189727e+00   4.0000000000000000e+00
   3.0207777705806329e+00   3.5732732556960753e+00   4.0000000000000000e+00
   6.5064197219751403e+00   6.9289192783811595e+00   4.0000000000000000e+00
   7.4350456339299411e+00   6.0428529923040415e+00   4.0000000000000000e+00
   3.8588591703928401e+00   3.7813834990959472e-01   4.0000000000000000e+00
   3.5145150456851826e+00   1.1409013973638027e+00   4.0000000000000000e+00
   7.6261252951978804e+00   5.6797411718587156e+00   4.0000000000000000e+00
   3.9057678630904267e+00   3.0651996863083886e+00   4.0000000000000000e+00
   8.8740090591181584e+00   5.8608752919288563e+00   4.0000000000000000e+00
   3.7150524194762022e+00   3.7766147091091606e-01   4.0000000000000000e+00
   1.2380727549834880e+00   4.1026834149759592e+00   4.0000000000000000e+00
   4.3002535162131892e+00   2.6919443016710742e+00   4.0000000000000000e+00
   7.7338690532345753e+00   6.3698596529786613e+00   4.0000000000000000e+00
   5.5932034032695386e+00   9.8018321059124141e+00   4.0000000000000000e+00
   3.5867899283937597e+00   3.8312541561091242e+00   4.0000000000000000e+00
   8.5251017419554547e+00   6.3004178114287264e+00   4.0000000000000000e+00
   6.3229554227563884e+00   8.2057353413599046e+00   4.0000000000000000e+00
   8.5357984741043467e+00   5.4176147205130478e+00   4.0000000000000000e+00
   4.1980660756524122e+00   2.6794862634393803e+00   4.0000000000000000e+00
   3.8370717816047728e+00   2.1276701575257539e+00   4.0000000000000000e+00
   3.0541140862487728e+00   2.2226591551669528e+00   4.0000000000000000e+00
   3.1148984484359357e+00   1.9063980094249666e+00   4.0000000000000000e+00
   3.3661632628367721e+00   3.8324313752516770e+00   4.0000000000000000e+00
   3.4073408358730815e+00   3.9013135429927361e+00   4.0000000000000000e+00
   4.0500610166952331e+00   3.1495421397682466e-01   4.0000000000000000e+00
   4.3927604948708154e+00   1.5507407480657109e+00   4.0000000000000000e+00
   1.9660704692585451e+00   3.6131881371966901e+00   4.0000000000000000e+00
   2.8938351252402161e+00   4.1488544372828953e+00   4.0000000000000000e+00
   3.8786882788224197e+00   1.7700679204438585e+00   4.0000000000000000e+00
   4.3920075499218747e+00   1.4599407699611511e+00   4.0000000000000000e+00
   1.8431709454619627e+00   3.4348728256529437e+00   4.0000000000000000e+00
   2.3056310404125591e+00   3.4377151979062059e+00   4.0000000000000000e+00
   1.8303496383684248e+00   4.2961915121022622e+00   4.0000000000000000e+00
   3.2716167641968941e+00   3.3466482986268198e+00   4.0000000000000000e+00
   4.9196793237634928e-01   3.7128178647452725e+00   4.0000000000000000e+00
   4.3814049357968496e+00   2.0414677969326056e+00   4.0000000000000000e+00
   3.9919923918516922e+00   3.4150356230523657e+00   4.0000000000000000e+00
   1.2748201156522387e+00   3.8929758355855082e+00   4.0000000000000000e+00
   6.1932400959132270e+00   8.8576665609300846e+00   4.0000000000000000e+00
   8.6014531978683930e+00   6.2532897329784740e+00   4.0000000000000000e+00
   4.3948363536431900e+00   3.9071833083116347e-01   4.0000000000000000e+00
   7.1997865256283955e+00   5.8213881033228168e+00   4.0000000000000000e+00
   5.7898987149547221e+00   8.2285872802902400e+00   4.0000000000000000e+00
   6.0007545787867569e+00   7.9643675717829785e+00   4.0000000000000000e+00
   1.8062293484400027e-01   4.0828089065786148e+00   4.0000000000000000e+00
   6.4924682895362196e+00   7.8333661610783807e+00   4.0000000000000000e+00
   9.4420128088737112e+00   6.0371806983595535e+00   4.0000000000000000e+00
   2.9930800484436770e+00   4.2102066971814054e+00   4.0000000000000000e+00
   9.5353887945425986e-01   3.7116155352075775e+00   4.0000000000000000e+00
   6.5185874884172259e+00   6.5998815273588800e+00   4.0000000000000000e+00
   4.2639645284288727e+00   4.2532223139201242e-01   4.0000000000000000e+00
   1.8978558783569865e+00   4.2922772268788245e+00   4.0000000000000000e+00
   5.3910895628802171e+00   8.9393966987084443e+00   4.0000000000000000e+00
   5.6954746990574181e+00   9.8644094180414204e+00   4.0000000000000000e+00
   9.5299689428959393e+00   5.6472738726710494e+00   4.0000000000000000e+00
   3.2594219344689135e+00   3.0338474621891942e+00   4.0000000000000000e+00
   2.6408993135008729e+00   3.3313576831667202e+00   4.0000000000000000e+00
   7.8584286597825965e+00   6.3586777073166436e+00   4.0000000000000000e+00
   5.5514658949063458e+00   9.5268794747869432e+00   4.0000000000000000e+00
   1.8468242552936653e+00   3.4937455094782113e+00   4.0000000000000000e+00
   6.9617690735386635e+00   6.5132427447736809e+00   4.0000000000000000e+00
   2.6316034419214782e+00   3.3088947669474611e+00   4.0000000000000000e+00
   8.8257611334448747e+00   6.5655583656635494e+00   4.0000000000000000e+00
   2.0635260897991392e+00   3.7806829679890752e+00   4.0000000000000000e+00
   3.1672461269429419e+00   2.9840301002163274e+00   4.0000000000000000e+00
   6.1684349694552125e+00   7.0884647251221224e+00   4.0000000000000000e+00
   4.0006739141885097e+00   1.5336273165564140e+00   4.0000000000000000e+00
   3.9447176264339125e+00   4.0431996996257769e-01   4.0000000000000000e+00
   6.2525750942216796e+00   8.8833705169478918e+00   4.0000000000000000e+00
   2.9071508903310450e+00   3.6092894811944287e+00   4.0000000000000000e+00
   8.0053278060052939e+00   5.7656756148047963e+00   4.0000000000000000e+00
   7.2795954745229596e-01   4.2574418568231067e+00   4.0000000000000000e+00
   3.4354236657991546e+00   3.9226080595873505e+00   4.0000000000000000e+00
   5.7723928338878219e+00   7.9836535778528237e+00   4.0000000000000000e+00
   7.6789915788153511e+00   7.1100034360774442e+00   4.0000000000000000e+00
   3.4243902983683339e+00   3.0158556598170749e+00   4.0000000000000000e+00
   3.5112206245084998e+00   2.8600685493580755e+00   4.0000000000000000e+00
   1.7302800840831989e+00   4.5408266402697484e+00   4.0000000000000000e+00
   3.9470337452714332e+00   8.5576763015995594e-01   4.0000000000000000e+00
   2.8628894479811882e+00   2.7635451791014698e+00   4.0000000000000000e+00
   2.0352063678046717e+00   3.5457220232957831e+00   4.0000000000000000e+00
   3.7568910257340193e+00   2.0088063111682084e+00   4.0000000000000000e+00
   8.8968488491176938e+00   6.5500821488219971e+00   4.0000000000000000e+00
   7.0376430845372964e+00   6.3528487846486410e+00   4.0000000000000000e+00
   2.2076913262456066e+00   4.2308426091415008e+00   4.0000000000000000e+00
   6.9084074166024134e+00   5.8971276368589178e+00   4.0000000000000000e+00
   3.1496079949297293e+00   3.2719011079509763e+00   4.0000000000000000e+00
   3.5470787587677433e+00   3.8482649097936825e+00   4.0000000000000000e+00
   8.8358452394223495e+00   6.0138763710150664e+00   4.0000000000000000e+00
   4.0439861963259638e+00   3.2731131048786342e+00   4.0000000000000000e+00
   5.8862687351106473e+00   9.3018070983099612e+00   4.0000000000000000e+00
   6.6087234507091299e+00   7.4284272862109955e+00   4.0000000000000000e+00
   5.5887067919567688e+00   8.4953708078440435e+00   4.0000000000000000e+00
   4.0237875398391596e+00   9.1436662385121381e-01   4.0000000000000000e+00
   2.2143597412078342e+00   3.8323395112061256e+00   4.0000000000000000e+00
   9.5029006830018616e+00   6.2128820856931011e+00   4.0000000000000000e+00
   3.7415100783639375e+00   3.4202670363600909e+00   4.0000000000000000e+00
   3.6330537821113862e+00   8.5577776619262913e-01   4.0000000000000000e+00
   1.4102752901177185e+00   3.5031604746264930e+00   4.0000000000000000e+00
   4.3578609544888813e+00   1.1498517412218590e+00   4.0000000000000000e+00
   7.7180277057657687e+00   5.7283120418918276e+00   4.0000000000000000e+00
   5.8909484940472137e+00   7.2983166866833526e+00   4.0000000000000000e+00
   3.1194884634975626e+00   3.8428881069838381e+00   4.0000000000000000e+00
   9.7228152504944654e-01   4.2424123964194580e+00   4.0000000000000000e+00
   8.3974501868894453e+00   6.4105595890930651e+00   4.0000000000000000e+00
   2.2141445632096768e+00   3.5190115816054801e+00   4.0000000000000000e+00
   5.9943832567870645e+00   8.0393348061094905e+00   4.0000000000000000e+00
   9.5221982087000558e+00   9.2790682866441152e+00   5.0000000000000000e+00
   8.3466367751454884e-01   1.8769248452854170e+00   5.0000000000000000e+00
   9.5779959218168624e+00   7.4085393934038883e+00   5.0000000000000000e+00
   2.4330799840419957e+00   2.4122827042494244e-02   5.0000000000000000e+00
   9.5269919388662156e+00   8.6664378708130378e+00   5.0000000000000000e+00
   1.3947987434213105e-01   2.1538340556238245e+00   5.0000000000000000e+00
   2.4723312748774608e+00   2.5433694247589447e+00   5.0000000000000000e+00
   8.4353557533994170e+00   8.6183345956387409e+00   5.0000000000000000e+00
   1.0823321457930968e-01   1.8195568378523608e+00   5.0000000000000000e+00
   1.3872240455341145e+00   6.8522265364698409e-01   5.0000000000000000e+00
   2.9862950062778948e-01   2.0755469633868096e-01   5.0000000000000000e+00
   2.0407063340626461e+00   2.7222685715019779e+00   5.0000000000000000e+00
   6.8498862444750408e+00   8.4808900164822685e+00   5.0000000000000000e+00
   9.4194153564234142e+00   8.0415646048022218e+00   5.0000000000000000e+00
   9.3199318012960628e+00   7.2936386428424562e+00   5.0000000000000000e+00
   2.6129494745926074e-01   3.4014867495890364e+00   5.0000000000000000e+00
   4.5019155985248416e-01   8.5823839064244067e-01   5.0000000000000000e+00
   9.7129974880763861e+00   8.2312623714049256e+00   5.0000000000000000e+00
   8.7827968338671125e-01   2.8843361621788342e+00   5.0000000000000000e+00
   1.6074669574869860e+00   2.8573176315416937e+00   5.0000000000000000e+00
   3.6520057221081839e+00   1.2565704422932256e-01   5.0000000000000000e+00
   8.6428873580706931e+00   8.7871745635940020e+00   5.0000000000000000e+00
   9.5974121520498841e+00   7.2359922206453096e+00   5.0000000000000000e+00
   1.3365975248511686e+00   1.5140229392007221e+00   5.0000000000000000e+00
   5.4239618450730664e-01   2.3841370981514496e+00   5.0000000000000000e+00
   6.9993539785615013e+00   9.2288387450612817e+00   5.0000000000000000e+00
   1.0989826452617169e+00   1.0724425144177763e+00   5.0000000000000000e+00
   1.4574840860792526e+00   3.0743138011080418e-01   5.0000000000000000e+00
   3.0441202640016884e+00   1.3869730862292828e+00   5.0000000000000000e+00
   7.5565492070442373e+00   7.7087968294602325e+00   5.0000000000000000e+00
   2.2009731249892006e+00   1.4381407364165621e+00   5.0000000000000000e+00
   1.0431649057322656e+00   3.3296266881199865e+00   5.0000000000000000e+00
   8.0479150060467681e+00   8.8353913695324025e+00   5.0000000000000000e+00
   7.5010541163363840e+00   7.9508326602662773e+00   5.0000000000000000e+00
   9.2640700037341865e+00   6.5380613151254483e+00   5.0000000000000000e+00
   7.4259504097340789e+00   7.8191020728611562e+00   5.0000000000000000e+00
   8.6592784773784697e+00   8.7457401123277769e+00   5.0000000000000000e+00
   6.1252618286702143e-01   1.5573993750681048e+00   5.0000000000000000e+00
   8.0771786045813680e+00   9.9916472935082510e+00   5.0000000000000000e+00
   2.0131288190156873e+00   1.7337197670435123e+00   5.0000000000000000e+00
   4.1758618126896740e-01   9.9088388616866196e-01   5.0000000000000000e+00
   7.1580594306128660e+00   7.9640961983831859e+00   5.0000000000000000e+00
   7.3993570552489913e+00   8.2959662646969647e+00   5.0000000000000000e+00
   3.0649948678906922e+00   3.6536086461060657e-01   5.0000000000000000e+00
   9.4748597032972164e+00   7.6619527555938909e+00   5.0000000000000000e+00
   8.2240157215159981e-01   2.6172045128130108e+00   5.0000000000000000e+00
   3.0050905975481212e-01   3.1117940790416143e+00   5.0000000000000000e+00
   7.6272410746012111e+00   9.6053750650666707e+00   5.0000000000000000e+00
   8.0340406155843684e+00   9.1967446598090952e+00   5.0000000000000000e+00
   2.9660583386496233e+00   7.8876309518689069e-01   5.0000000000000000e+00
   8.9446967963279214e+00   6.8579117463783748e+00   5.0000000000000000e+00
   3.4484258975211901e-01   1.8205306895800444e+00   5.0000000000000000e+00
   7.5537646488883006e+00   9.6958188449455545e+00   5.0000000000000000e+00
   1.4124742333448226e+00   1.8785733941730587e+00   5.0000000000000000e+00
   9.9192469177177500e+00   9.2836709359446559e+00   5.0000000000000000e+00
   1.7755695434729901e+00   1.6414578923959655e+00   5.0000000000000000e+00
   9.1574088206075710e-01   3.5434682500769412e+00   5.0000000000000000e+00
   2.4248171313242439e+00   2.0927568747692362e+00   5.0000000000000000e+00
   9.4757234809101405e+00   9.9249865484740756e+00   5.0000000000000000e+00
   1.8566050915277477e+00   2.5316776003161623e-01   5.0000000000000000e+00
   9.8115778823468620e+00   8.4417265441489580e+00   5.0000000000000000e+00
   9.3948430443622009e+00   9.4111324102689835e+00   5.0000000000000000e+00
   3.7351321095328127e-01   7.3393958156121264e-01   5.0000000000000000e+00
   9.1084585791733339e+00   6.5696130053861532e+00   5.0000000000000000e+00
   2.1526219165877256e+00   2.0624436365728860e+00   5.0000000000000000e+00
   8.0201909215554874e+00   9.7120416793059441e+00   5.0000000000000000e+00
   9.1162223788884233e+00   9.2282656937416743e+00   5.0000000000000000e+00
   8.9353940491201711e-01   2.2020773070732771e+00   5.0000000000000000e+00
   6.8371056981227065e+00   8.9629891434747471e+00   5.0000000000000000e+00
   7.3415905582948326e+00   9.8854312317562290e+00   5.0000000000000000e+00
   9.8472960468424446e+00   6.7870073108191047e+00   5.0000000000000000e+00
   8.6381795721262256e-01   1.8779630713252993e+00   5.0000000000000000e+00
   2.5114628640627434e+00   1.8446349604029599e+00   5.0000000000000000e+00
   8.5331671449502036e+00   7.3103782909610207e+00   5.0000000000000000e+00
   2.8341715771472509e+00   8.3126834065223587e-02   5.0000000000000000e+00
   9.2331298235185617e+00   8.0037259295855705e+00   5.0000000000000000e+00
   8.8899422528773737e+00   6.8107309982257842e+00   5.0000000000000000e+00
   8.9768390901395563e+00   6.5763093722160413e+00   5.0000000000000000e+00
   9.2111389003964810e+00   7.7289961193645018e+00   5.0000000000000000e+00
   2.2025130131652215e+00   2.1134495028544045e+00   5.0000000000000000e+00
   9.8431437341003321e+00   8.1198882382182980e+00   5.0000000000000000e+00
   2.6164644533887227e-01   2.7272914262661030e+00   5.0000000000000000e+00
   2.4126108395244561e+00   2.0572898575754781e+00   5.0000000000000000e+00
   9.0320421875155343e+00   9.6503330832226659e+00   5.0000000000000000e+00
   1.5224060594814937e+00   9.4696209773756146e-01   5.0000000000000000e+00
   5.9328983124103951e-02   2.9279939820572487e+00   5.0000000000000000e+00
   8.8245082533124215e+00   9.3040698491108333e+00   5.0000000000000000e+00
   2.1210477071709013e+00   2.6668015368104694e+00   5.0000000000000000e+00
   7.6875715902896484e+00   8.8555688969823478e+00   5.0000000000000000e+00
   1.2252534421513572e+00   2.5442704800716687e+00   5.0000000000000000e+00
   9.5968358020580915e+00   9.9858909859830582e+00   5.0000000000000000e+00
   1.4458422597084264e+00   1.9272402100556407e+00   5.0000000000000000e+00
   7.5153929169140898e+00   7.6531786016436349e+00   5.0000000000000000e+00
   1.7290485928491595e+00   3.1344949165320513e+00   5.0000000000000000e+00
   9.8825720431558683e-01   3.0948036797097975e+00   5.0000000000000000e+00
   7.5183771296544855e+00   8.1464091971228836e+00   5.0000000000000000e+00
   1.5264266847962393e+00   1.0412300230397653e+00   5.0000000000000000e+00
   2.6407311904396282e+00   8.2686314124164606e-01   5.0000000000000000e+00
   2.9196942021657235e+00   2.3806971261466470e-01   5.0000000000000000e+00
   9.8791624355311942e+00   8.1972004799786902e+00   5.0000000000000000e+00
   7.9315033993628585e+00   7.5551843838057380e+00   5.0000000000000000e+00
   2.2908461164833573e+00   6.7315671333265104e-01   5.0000000000000000e+00
   8.2914546369252093e+00   7.3943475827922480e+00   5.0000000000000000e+00
   5.4645290594568463e-01   1.0423163128510160e+00   5.0000000000000000e+00
   9.8717234640413598e-01   2.4452960879981491e+00   5.0000000000000000e+00
   7.2344597291783490e+00   8.9481487826791017e+00   5.0000000000000000e+00
   1.7598675792951446e+00   2.2948882150740113e+00   5.0000000000000000e+00
   1.1176034312117855e+00   2.4521104673780538e+00   5.0000000000000000e+00
   9.0904193094999250e+00   7.3560182332916106e+00   5.0000000000000000e+00
   2.2965448664769905e-01   4.2873504298896692e-01   5.0000000000000000e+00
   8.3905306858921467e+00   8.5560249868222567e+00   5.0000000000000000e+00
   3.5381531347564943e-01   1.6234031484493072e+00   5.0000000000000000e+00
   8.8510797310397464e+00   9.0466537866572345e+00   5.0000000000000000e+00
   7.6407826300370019e+00   7.6239370652765341e+00   5.0000000000000000e+00
   1.7834130795553094e+00   1.2895008956957565e+00   5.0000000000000000e+00
   1.2977046572596884e+00   3.0722152664442959e+00   5.0000000000000000e+00
   8.2145998534295050e-01   7.1551839876153212e-01   5.0000000000000000e+00
   6.6798888398072078e+00   8.6098750254952456e+00   5.0000000000000000e+00
   3.0224875479966928e+00   1.3188912068428571e+00   5.0000000000000000e+00
   7.0909399938585747e+00   9.1429903623184785e+00   5.0000000000000000e+00
   8.9189475420555713e+00   7.6515909381024114e+00   5.0000000000000000e+00
   9.0416351626069744e+00   7.6454234299973276e+00   5.0000000000000000e+00
   9.1556804299673686e+00   7.5539693971098076e+00   5.0000000000000000e+00
   1.1000923449437383e+00   1.4300275354661307e+00   5.0000000000000000e+00
   8.1482955647458000e-01   1.2394886798953497e+00   5.0000000000000000e+00
   7.9980368633624792e+00   8.0124842003221701e+00   5.0000000000000000e+00
   9.3981620961046675e-02   1.9299992667494292e+00   5.0000000000000000e+00
   8.2364975556918782e+00   9.8444205876496351e+00   5.0000000000000000e+00
   8.8069460256251162e+00   6.9606520718348488e+00   5.0000000000000000e+00
   2.3945882294579137e+00   1.8729939632398107e+00   5.0000000000000000e+00
   7.1261570983859581e+00   9.8903729666755975e+00   5.0000000000000000e+00
   8.2027308129271645e+00   6.9053196076288650e+00   5.0000000000000000e+00
   8.4895087792244492e+00   7.8957137153100891e+00   5.0000000000000000e+00
   5.9335367315377807e-01   8.4693796491541851e-01   5.0000000000000000e+00
   1.5809689672050831e+00   2.9061149073900507e+00   5.0000000000000000e+00
   7.6864068593956256e+00   7.8419757773273489e+00   5.0000000000000000e+00
   3.1473706171436278e+00   9.2197585544692595e-01   5.0000000000000000e+00
   1.7295968580997367e+00   1.1679069838741152e+00   5.0000000000000000e+00
   7.2305082393901197e+00   9.0015230636468999e+00   5.0000000000000000e+00
   9.9230515227345411e+00   7.1124038715048998e+00   5.0000000000000000e+00
   9.6135469137981300e+00   9.2731483388735079e+00   5.0000000000000000e+00
   1.0531401948828167e+00   2.5551792538015539e+00   5.0000000000000000e+00
   5.5090916222889530e-01   2.0183231985300609e+00   5.0000000000000000e+00
   4.2070662451875518e-01   9.1635444713286884e-01   5.0000000000000000e+00
   7.1182752393479163e+00   7.8655200439658435e+00   5.0000000000000000e+00
   2.6444731853174752e-01   1.3788770544480977e+00   5.0000000000000000e+00
   5.9345508624581544e-01   1.1656705731852623e-01   5.0000000000000000e+00
   1.6441547815828705e+00   1.8149196453143146e+00   5.0000000000000000e+00
   2.4207548094434572e+00   1.1233775445186012e+00   5.0000000000000000e+00
   5.5131752002128831e-01   2.0541691867614151e+00   5.0000000000000000e+00
   8.8810805926396270e+00   7.5833691315230647e+00   5.0000000000000000e+00
   2.2562968428422936e+00   2.7283347786433798e+00   5.0000000000000000e+00
   9.8495068409158684e+00   9.4577739901185218e+00   5.0000000000000000e+00
   3.7341999507744927e+00   2.7624868091846611e-01   5.0000000000000000e+00
   7.7794806423651490e+00   7.3050806496599661e+00   5.0000000000000000e+00
   1.8507537239658178e+00   2.8392436391395091e+00   5.0000000000000000e+00
   1.8724268698270163e+00   2.2602540763907575e+00   5.0000000000000000e+00
   7.4405356239917904e+00   9.0618413553654129e+00   5.0000000000000000e+00
   9.0423565279978853e+00   8.3250829388185732e+00   5.0000000000000000e+00
   2.6217988938060257e+00   2.2128194179390546e+00   5.0000000000000000e+00
   2.0376619164999452e+00   2.0048642572346087e+00   5.0000000000000000e+00
   9.3969939296104581e+00   9.5066957868013517e+00   5.0000000000000000e+00
   7.4647517979426325e+00   9.6836110089430232e+00   5.0000000000000000e+00
   2.1415760823776422e+00   2.3987158390347818e-01   5.0000000000000000e+00
   9.3073017151316577e+00   7.4616874405484790e+00   5.0000000000000000e+00
   8.4319240357837124e+00   6.7564382617059158e+00   5.0000000000000000e+00
   7.5411144934256598e+00   8.7649220544803352e+00   5.0000000000000000e+00
   2.3378068440167543e+00   2.1039899796207640e+00   5.0000000000000000e+00
   9.7599672166265687e+00   9.1342295152564947e+00   5.0000000000000000e+00
   6.3443858307945966e-01   1.0668001234694924e+00   5.0000000000000000e+00
   7.3793789410073538e+00   9.8287523835272452e+00   5.0000000000000000e+00
   9.6844518866639575e+00   7.3363392541693795e+00   5.0000000000000000e+00
   9.6671134464404318e+00   7.0305547678051097e+00   5.0000000000000000e+00
   2.2032340772822092e+00   1.5412738849087448e+00   5.0000000000000000e+00
   9.1859701601536834e+00   8.3380948251643439e+00   5.0000000000000000e+00
   9.8307522025615892e+00   7.6283948483350281e+00   5.0000000000000000e+00
   3.5948614234228717e+00   6.8052292613899446e-01   5.0000000000000000e+00
   6.9527815757389577e+00   8.1080994673830791e+00   5.0000000000000000e+00
   1.0797833512732080e+00   1.3347712627154995e+00   5.0000000000000000e+00
   8.6419274355122404e+00   8.8815538868299271e+00   5.0000000000000000e+00
   9.0884665886619089e+00   9.6446029498437564e+00   5.0000000000000000e+00
   8.7168478238325235e+00   9.3536362521560150e+00   5.0000000000000000e+00
   7.8076057331800151e+00   8.6749499861205628e+00   5.0000000000000000e+00
