   9.9232182229778942e+00   6.8035903093910610e-01   1.0000000000000000e+00
   8.8714042502778270e+00   2.9860486883048543e-01   1.0000000000000000e+00
   8.2748839968879544e+00   3.7149775732567614e-01   1.0000000000000000e+00
   1.3227892775477756e-01   8.8930112692178316e+00   1.0000000000000000e+00
   8.7126128214992331e+00   1.6864189513030003e+00   1.0000000000000000e+00
   7.1245948598191404e+00   8.2550631512401385e-03   1.0000000000000000e+00
   2.4912502942679113e+00   8.0712501761991309e+00   1.0000000000000000e+00
   8.8309076247199503e+00   1.0300400501236273e+00   1.0000000000000000e+00
   8.0759638483146823e+00   1.0616134326034254e-01   1.0000000000000000e+00
   1.6655983167543398e+00   8.9047298701498754e+00   1.0000000000000000e+00
   9.8840759294339211e+00   1.3343667148065874e+00   1.0000000000000000e+00
   3.2416306339244336e+00   9.9567084603621669e+00   1.0000000000000000e+00
   6.3699572719023378e-01   7.2309985840594262e+00   1.0000000000000000e+00
   8.4425619920698711e+00   1.1238502080170465e+00   1.0000000000000000e+00
   9.4986569044888611e+00   2.9339552841155578e+00   1.0000000000000000e+00
   7.1489185981979766e+00   3.5990714834024384e-01   1.0000000000000000e+00
   9.4095753304475611e+00   1.4990392933321905e+00   1.0000000000000000e+00
   9.0482855653320549e+00   2.7449206857082862e+00   1.0000000000000000e+00
   3.2424744281002660e+00   8.9681229330288410e+00   1.0000000000000000e+00
   2.2956261046345414e+00   9.8870256058713561e+00   1.0000000000000000e+00
   9.5342519882136294e+00   1.6972313821173579e+00   1.0000000000000000e+00
   8.6892289560788178e+00   8.1255316756823404e-01   1.0000000000000000e+00
   2.2233361945840677e+00   8.5008152701729163e+00   1.0000000000000000e+00
   2.4878273780824589e+00   7.6542837025512664e+00   1.0000000000000000e+00
   2.3960525442869751e+00   7.4808990659804859e+00   1.0000000000000000e+00
   5.6672663520692113e-01   7.5207804956920352e+00   1.0000000000000000e+00
   8.3979814769311503e+00   2.2976001775227406e+00   1.0000000000000000e+00
   2.0176429156766194e+00   7.9488140991810710e+00   1.0000000000000000e+00
   9.2492433423316864e+00   4.4687618389487427e-01   1.0000000000000000e+00
   3.0567585470590517e+00   9.8558540158963712e+00   1.0000000000000000e+00
   1.5899639338755112e+00   7.7226979095077404e+00   1.0000000000000000e+00
   1.3942622383360193e-01   6.6885334037748407e+00   1.0000000000000000e+00
   8.7107782959219726e-01   9.7390008002686805e+00   1.0000000000000000e+00
   7.9997973173185937e+00   2.0676948982995969e+00   1.0000000000000000e+00
   8.2095702682053417e+00   2.5784446956058229e+00   1.0000000000000000e+00
   7.0318254712190331e-01   8.7044265436206576e+00   1.0000000000000000e+00
   7.8063546353481073e+00   2.2628253732725891e+00   1.0000000000000000e+00
   9.2633113179067070e+00   7.7767066482081870e-01   1.0000000000000000e+00
   9.8729687353372135e+00   2.4014496583919245e+00   1.0000000000000000e+00
   7.9037428870402495e+00   1.9965849066088093e+00   1.0000000000000000e+00
   9.3956062009716597e+00   2.2637493934816266e+00   1.0000000000000000e+00
   9.5436806695299001e+00   1.9595873053885338e+00   1.0000000000000000e+00
   7.5546430333595520e+00   7.5153930457449891e-01   1.0000000000000000e+00
   8.0561285809619516e+00   2.3861161047072068e+00   1.0000000000000000e+00
   7.1783623549792548e+00   1.3098583231088634e+00   1.0000000000000000e+00
   2.1161095924396300e-01   9.3675266324887403e+00   1.0000000000000000e+00
   7.8341868042165919e-01   9.9636800773682452e+00   1.0000000000000000e+00
   1.9096709734683104e+00   9.9430502565365604e+00   1.0000000000000000e+00
   9.1990207800029840e+00   3.0961692509757608e+00   1.0000000000000000e+00
   9.5163306085062658e+00   2.6058528004683001e+00   1.0000000000000000e+00
   9.4948852328916900e+00   3.8001698749978607e-01   1.0000000000000000e+00
   1.2236034731867784e+00   9.6828761260063541e+00   1.0000000000000000e+00
   2.2207396057244777e+00   7.9352754577214242e+00   1.0000000000000000e+00
   9.1980770164503607e+00   1.7843059293691355e+00   1.0000000000000000e+00
   4.4165562753186949e-01   6.6323001019602446e+00   1.0000000000000000e+00
   2.0891678396289661e+00   7.7579087524683654e+00   1.0000000000000000e+00
   6.3364955930619082e-01   9.5821514254783740e+00   1.0000000000000000e+00
   7.7859358033854429e+00   2.0213165537253674e+00   1.0000000000000000e+00
   8.1229612898802088e+00   1.5106523956866735e-01   1.0000000000000000e+00
   6.9196572776539034e+00   7.6156156001284114e-01   1.0000000000000000e+00
   2.7827254164516715e+00   8.3905080908036407e+00   1.0000000000000000e+00
   9.1001525897477311e+00   2.8414498454272383e+00   1.0000000000000000e+00
   8.3177864961722214e+00   8.0202153912336982e-01   1.0000000000000000e+00
   9.7785748235682171e+00   3.2647100769835569e+00   1.0000000000000000e+00
   9.0064008628550276e+00   2.9831901953895068e-02   1.0000000000000000e+00
   2.3233331759705389e+00   7.4999473280059075e+00   1.0000000000000000e+00
   1.3069187887013056e+00   9.4523801910831082e+00   1.0000000000000000e+00
   7.4851283891068370e+00   2.0122987890796882e+00   1.0000000000000000e+00
   1.0578501101614035e+00   7.0277950392512025e+00   1.0000000000000000e+00
   8.5837681604657163e+00   2.1992675854527599e+00   1.0000000000000000e+00
   9.9361416196197343e+00   9.5959740943834415e-01   1.0000000000000000e+00
   1.7689531335719355e+00   8.9172491017968714e+00   1.0000000000000000e+00
   7.3752220824526677e+00   3.4209915145794856e-01   1.0000000000000000e+00
   1.6987022162321452e+00   9.5036558948590812e+00   1.0000000000000000e+00
   9.7803931560517228e+00   3.3104734871514028e+00   1.0000000000000000e+00
   2.8569755508043748e-01   9.3946319444092286e+00   1.0000000000000000e+00
   9.7491569972917080e+00   2.6572425601695517e+00   1.0000000000000000e+00
   8.1068041435849789e+00   8.5242232946924790e-01   1.0000000000000000e+00
   1.8103858354689106e+00   8.2688196525525388e+00   1.0000000000000000e+00
   6.6806097744867898e-01   7.4243024903215806e+00   1.0000000000000000e+00
   1.7078216299494464e+00   8.7196369148323996e+00   1.0000000000000000e+00
   8.6148959325126349e+00   2.1048041682416252e+00   1.0000000000000000e+00
   8.1255804804307132e+00   2.3502794463058327e+00   1.0000000000000000e+00
   9.6067700642075895e+00   3.1608172430796277e-01   1.0000000000000000e+00
   9.0991163768806373e+00   1.0690736136288070e+00   1.0000000000000000e+00
   2.9106406932371520e+00   9.1249280282197844e+00   1.0000000000000000e+00
   1.5177560464211404e+00   9.4986996003137847e+00   1.0000000000000000e+00
   7.1670995890973641e+00   1.5905066410459900e+00   1.0000000000000000e+00
   2.0529800670143405e+00   8.5020177985949132e+00   1.0000000000000000e+00
   6.9370110977111521e+00   6.2959531981973016e-01   1.0000000000000000e+00
   2.1560944725734990e+00   7.9155871377178189e+00   1.0000000000000000e+00
   3.0680384579939379e-01   7.3279641769065043e+00   1.0000000000000000e+00
   8.8872046511804967e+00   1.9394587055146539e+00   1.0000000000000000e+00
   7.6261995222718131e+00   1.0912329076068250e+00   1.0000000000000000e+00
   8.8101116755622790e+00   3.6242196570620888e-01   1.0000000000000000e+00
   1.9657379075416315e-01   8.0570883001038389e+00   1.0000000000000000e+00
   1.8412007314626921e+00   9.7996658073151046e+00   1.0000000000000000e+00
   3.1300380629531666e-01   8.3875364901567160e+00   1.0000000000000000e+00
   2.5503651811083081e+00   9.1673007023081432e+00   1.0000000000000000e+00
   4.2979841457984724e-01   8.1785642764070730e+00   1.0000000000000000e+00
   2.6784904338637237e+00   8.9492564607525935e+00   1.0000000000000000e+00
   1.8090451796467033e+00   8.4256310495256379e+00   1.0000000000000000e+00
   1.7954453497344258e-01   6.3718093066859627e+00   1.0000000000000000e+00
   9.1496955253560941e-01   8.5904193474787753e+00   1.0000000000000000e+00
   1.3494918911963749e-02   9.2179550568014861e+00   1.0000000000000000e+00
   8.7958059703659632e+00   3.2602567882109690e+00   1.0000000000000000e+00
   1.4153572253746249e+00   8.7665381120830546e+00   1.0000000000000000e+00
   7.4267545394701626e+00   7.8292986382050289e-02   1.0000000000000000e+00
   8.5523387860636824e+00   1.4085448728975025e+00   1.0000000000000000e+00
   2.2309526003731284e+00   9.1314796708321104e+00   1.0000000000000000e+00
   7.6187981017400137e+00   2.3454336244483951e+00   1.0000000000000000e+00
   8.9726937875825001e+00   2.6463832913905625e+00   1.0000000000000000e+00
   1.6046057007894565e+00   9.9420299818195517e+00   1.0000000000000000e+00
   2.3376084229133411e+00   7.4000507805567377e+00   1.0000000000000000e+00
   1.7460115455097958e+00   8.5683056123106187e+00   1.0000000000000000e+00
   8.4805176633647790e+00   2.6801555442748870e-01   1.0000000000000000e+00
   1.1693080739619721e-01   8.9902377097316446e+00   1.0000000000000000e+00
   1.8694265060116055e+00   9.2771481909438602e+00   1.0000000000000000e+00
   8.4996502698683560e+00   4.1824833030918773e-01   1.0000000000000000e+00
   6.1500128400410081e-01   7.1261140304566819e+00   1.0000000000000000e+00
   2.2870252796475352e+00   7.6931702813726064e+00   1.0000000000000000e+00
   3.1641462835882894e+00   8.7741153018634570e+00   1.0000000000000000e+00
   3.5498853814805678e+00   9.7909033032255159e+00   1.0000000000000000e+00
   7.4810581080892105e+00   5.5281886134006086e-01   1.0000000000000000e+00
   3.2368367077039961e+00   9.4693603537950306e+00   1.0000000000000000e+00
   3.5692621336428032e-01   9.1969907845368830e+00   1.0000000000000000e+00
   9.9480133635682186e+00   2.4845153793268739e+00   1.0000000000000000e+00
   9.4436364040302645e-01   9.5877727700264685e+00   1.0000000000000000e+00
   1.9531856158101268e-01   6.7625092507019815e+00   1.0000000000000000e+00
   1.6934801052053150e+00   9.1366601569109882e+00   1.0000000000000000e+00
   9.5473060829450347e+00   9.5931529657966252e-01   1.0000000000000000e+00
   7.5262241965222207e+00   1.3310316566422264e+00   1.0000000000000000e+00
   8.4259899071847748e+00   9.9915842399234012e-01   1.0000000000000000e+00
   9.3007140026486077e+00   9.5907020518647856e-01   1.0000000000000000e+00
   3.1112322172259388e+00   8.6703263387334282e+00   1.0000000000000000e+00
   7.6228893773378283e+00   2.4798901019089370e+00   1.0000000000000000e+00
   7.9166108969021609e+00   1.3009745217237867e+00   1.0000000000000000e+00
   2.7332455607112105e+00   9.0764435790967113e+00   1.0000000000000000e+00
   7.7488507234413255e+00   1.8769541421650804e+00   1.0000000000000000e+00
   7.1919364547848099e+00   2.1231865363635882e+00   1.0000000000000000e+00
   9.7012955435445907e+00   2.6194635821834087e+00   1.0000000000000000e+00
   9.5774545181718285e+00   2.3235818044864542e+00   1.0000000000000000e+00
   9.5329672880329710e+00   2.1517495664248907e+00   1.0000000000000000e+00
   9.9774725245215983e+00   2.4149662815229709e+00   1.0000000000000000e+00
   7.3208914594673824e-01   7.6248604001727625e+00   1.0000000000000000e+00
   1.1455024525481972e+00   7.9768909567866686e+00   1.0000000000000000e+00
   1.7881132259144161e+00   9.5484275703425290e+00   1.0000000000000000e+00
   8.7292927436766536e+00   1.1807676219729890e+00   1.0000000000000000e+00
   9.3350188492305577e+00   1.1641288090146296e+00   1.0000000000000000e+00
   1.8074331743009464e+00   8.9788123725428015e+00   1.0000000000000000e+00
   8.0696301567069035e+00   1.5694029636498064e+00   1.0000000000000000e+00
   2.0783314753014528e+00   9.8848471279916748e+00   1.0000000000000000e+00
   1.1533523299779624e+00   8.6078824444655151e+00   1.0000000000000000e+00
   8.9203676056286945e+00   3.0018030702251419e+00   1.0000000000000000e+00
   6.8471938481755590e-02   8.7041035424487152e+00   1.0000000000000000e+00
   1.9199467441270901e+00   8.3568827070572134e+00   1.0000000000000000e+00
   9.4037324738210359e-01   8.0061968425770385e+00   1.0000000000000000e+00
   5.8003023390441388e-01   9.9226021336514858e+00   1.0000000000000000e+00
   8.3350011958079562e-01   8.6751619105605737e+00   1.0000000000000000e+00
   4.7548710994082310e-01   6.8684884183786803e+00   1.0000000000000000e+00
   2.0520407771142093e+00   7.5308188442774862e+00   1.0000000000000000e+00
   6.9567111396283576e-01   9.4233495419435744e+00   1.0000000000000000e+00
   1.5907941157065264e+00   7.7755897773522076e+00   1.0000000000000000e+00
   7.1840135991557954e+00   5.1132591552956241e-01   1.0000000000000000e+00
   6.8622201289982208e+00   1.1868293177401013e-01   1.0000000000000000e+00
   1.2978948973903670e+00   8.3036869334513561e+00   1.0000000000000000e+00
   8.0805243268015481e+00   2.5145542687321534e+00   1.0000000000000000e+00
   9.7070414156558709e+00   3.6154437090999725e+00   1.0000000000000000e+00
   6.6706264307142660e-01   7.1987078493951309e+00   1.0000000000000000e+00
   1.4650280685236183e+00   7.4038120748676608e+00   1.0000000000000000e+00
   2.3594224013192813e+00   7.6944189360210213e+00   1.0000000000000000e+00
   1.9601533407304861e-01   7.8001487124814908e+00   1.0000000000000000e+00
   2.1734602874302067e-01   9.4724381665115587e+00   1.0000000000000000e+00
   2.2910788287807882e+00   8.9117070829989906e+00   1.0000000000000000e+00
   9.7102140819810927e+00   3.4509897026882417e+00   1.0000000000000000e+00
   3.2178313132505454e+00   8.5438866605107879e+00   1.0000000000000000e+00
   8.3062215909486188e+00   3.1250710574408256e+00   1.0000000000000000e+00
   2.9673140956013588e-01   9.0034545321567556e+00   1.0000000000000000e+00
   7.5633907168217718e-02   8.1742180373763578e+00   1.0000000000000000e+00
   4.0301107779521228e-01   8.2882516828995971e+00   1.0000000000000000e+00
   8.9368103889776105e+00   1.1365607846428660e+00   1.0000000000000000e+00
   9.1544995308143662e+00   6.7891621064574470e-01   1.0000000000000000e+00
   9.7760314998670204e+00   8.9613554421597019e-01   1.0000000000000000e+00
   8.4686350415477509e+00   2.5165289269443636e+00   1.0000000000000000e+00
   8.1002424415752969e+00   2.2787636562655535e+00   1.0000000000000000e+00
   5.3247548034395242e-02   7.4536665342493418e+00   1.0000000000000000e+00
   2.2014022942766323e+00   9.9731669615288876e+00   1.0000000000000000e+00
   2.7658858523214782e+00   8.7226463477486273e+00   1.0000000000000000e+00
   1.9938970747833906e-01   9.3419653213754454e+00   1.0000000000000000e+00
   8.2836640124910552e+00   2.2094245420186667e+00   1.0000000000000000e+00
   7.7176935779610725e+00   1.3654559986675729e+00   1.0000000000000000e+00
   1.3775874184294479e+00   6.9933545930283234e+00   1.0000000000000000e+00
   2.1699597376273818e+00   9.1157144036451072e+00   1.0000000000000000e+00
   2.0509993899647405e+00   7.4725780737720200e+00   1.0000000000000000e+00
   1.1054778190321601e+00   9.8052912115940174e+00   1.0000000000000000e+00
   6.7576104566959847e+00   1.5980786136272951e+00   1.0000000000000000e+00
   1.8243331581108857e+00   7.7414507424389667e+00   1.0000000000000000e+00
   9.8087277258929073e-01   7.0878759647642369e+00   1.0000000000000000e+00
   6.8127052522943892e+00   1.2983742620915972e+00   1.0000000000000000e+00
   9.8451835028336454e+00   2.7918549582927419e+00   1.0000000000000000e+00
   1.0098403590567828e+00   7.0187370513593734e+00   1.0000000000000000e+00
   1.9347034254160100e+00   7.3378692128660772e+00   1.0000000000000000e+00
   6.8760233237011317e+00   7.6507272236138069e-01   1.0000000000000000e+00
   1.4767610845996593e+00   7.1341833152446466e+00   1.0000000000000000e+00
   2.9329160724116865e+00   9.2355042264771097e+00   1.0000000000000000e+00
   2.4897570475941713e+00   9.6461299295896392e+00   1.0000000000000000e+00
   1.1414757309303936e+00   7.5331147113488619e+00   1.0000000000000000e+00
   7.8161654510233438e+00   2.5532406051220082e+00   1.0000000000000000e+00
   2.7167575507634609e+00   7.7143581889375303e+00   1.0000000000000000e+00
   1.6883152192252115e-01   9.7034172150999627e+00   1.0000000000000000e+00
   7.9310797741444494e+00   2.2052977977022636e+00   1.0000000000000000e+00
   3.6989681089533044e-01   9.2918459514857936e+00   1.0000000000000000e+00
   1.6005726006989318e+00   9.7789366914216540e+00   1.0000000000000000e+00
   7.7958484159795560e-01   8.0335965410276930e+00   1.0000000000000000e+00
   9.4839640343121125e+00   3.5039664989363528e+00   1.0000000000000000e+00
   3.2207647909962347e+00   9.7700426713695876e+00   1.0000000000000000e+00
   7.1862792662048030e+00   1.0017694117360976e+00   1.0000000000000000e+00
   8.5619092455032741e-01   8.0616322380902421e+00   1.0000000000000000e+00
   1.7495078784843132e+00   8.4621814443270900e+00   1.0000000000000000e+00
   1.5277348947826841e+00   7.2523340754391894e+00   1.0000000000000000e+00
   1.9107362388068294e+00   9.8180072867203485e+00   1.0000000000000000e+00
   8.1776057630677208e+00   1.6433389131912735e+00   1.0000000000000000e+00
   1.6436174011102989e+00   9.5375332875442602e+00   1.0000000000000000e+00
   1.9469087309206579e+00   8.3126569791538376e+00   1.0000000000000000e+00
   8.5368337425382830e+00   2.1212180060619690e+00   1.0000000000000000e+00
   7.9631919694376236e+00   6.0679601705189046e-01   1.0000000000000000e+00
   8.9576095295133911e+00   1.6485858195525327e+00   1.0000000000000000e+00
   7.6541236827081960e+00   2.3575781809946905e-02   1.0000000000000000e+00
   6.8068238477317697e+00   1.5077154470930454e+00   1.0000000000000000e+00
   6.5899342681045230e+00   1.2092951514633710e+00   1.0000000000000000e+00
   8.5306728932193217e+00   1.5236528424628959e+00   1.0000000000000000e+00
   8.4405590675766060e+00   1.9599046874485937e+00   1.0000000000000000e+00
   1.2681410284744332e+00   7.6024645187775448e+00   1.0000000000000000e+00
   7.5591291801105758e+00   3.0759575877482161e+00   2.0000000000000000e+00
   8.1561235836298973e+00   3.3589963533587444e+00   2.0000000000000000e+00
   7.3276135798007331e+00   2.5116345544689245e+00   2.0000000000000000e+00
   1.3849746515262629e+00   5.9146145030038824e+00   2.0000000000000000e+00
   2.0269862119124173e+00   6.1316268932429141e+00   2.0000000000000000e+00
   5.3658048152241395e+00   6.1883216477278680e-01   2.0000000000000000e+00
   5.9229696666841622e+00   4.6160715827455401e-01   2.0000000000000000e+00
   4.0024992060759548e+00   7.7768806133978510e+00   2.0000000000000000e+00
   5.7677735890467901e+00   5.2164033842589941e-02   2.0000000000000000e+00
   1.0807295717787924e+00   6.4454908555019275e+00   2.0000000000000000e+00
   3.2392847147984449e+00   7.1876903871800319e+00   2.0000000000000000e+00
   5.3581450507850592e+00   1.1919452543732445e+00   2.0000000000000000e+00
   2.7489445986501568e+00   6.7210747568106255e+00   2.0000000000000000e+00
   6.8143663014294464e+00   1.8178452842221460e+00   2.0000000000000000e+00
   5.7959093128269270e+00   1.0771624202643659e+00   2.0000000000000000e+00
   1.0571929578467132e+00   5.8280089528174663e+00   2.0000000000000000e+00
   3.7679041076442168e+00   9.0719442150345362e+00   2.0000000000000000e+00
   1.6545832842403740e+00   5.2598172927884814e+00   2.0000000000000000e+00
   3.9507413056318108e+00   9.9148321534472768e+00   2.0000000000000000e+00
   5.7752989509257970e+00   1.2005344537195994e+00   2.0000000000000000e+00
   4.3926214162047996e+00   8.6480121240997860e+00   2.0000000000000000e+00
   9.2998472329064477e+00   3.7114165498148255e+00   2.0000000000000000e+00
   2.4508458836507927e+00   6.0297325848392189e+00   2.0000000000000000e+00
   7.5850904428688972e+00   3.4757885238826134e+00   2.0000000000000000e+00
   9.9533965035123764e+00   4.7180686982815896e+00   2.0000000000000000e+00
   1.8034391734541466e+00   6.4230014336647701e+00   2.0000000000000000e+00
   7.8905890258358280e+00   3.9210195652258606e+00   2.0000000000000000e+00
   7.3621996087507524e+00   3.5176461031646777e+00   2.0000000000000000e+00
   5.5177389355070918e+00   1.6817989487614016e+00   2.0000000000000000e+00
   4.1798085641484199e+00   8.0390607823622702e+00   2.0000000000000000e+00
   6.1423583481422783e+00   1.8566854384853804e+00   2.0000000000000000e+00
   5.4877452617174924e+00   1.5101255594503304e+00   2.0000000000000000e+00
   4.1018290875264638e+00   8.2847034552091809e+00   2.0000000000000000e+00
   3.5813035475252430e+00   7.6299309352156381e+00   2.0000000000000000e+00
   6.8955990404453278e+00   2.1544886313452238e+00   2.0000000000000000e+00
   3.6657585223194866e+00   6.4159918698422258e+00   2.0000000000000000e+00
   6.7389282665885375e+00   3.5716256254341450e+00   2.0000000000000000e+00
   4.3495039025782312e+00   8.4107138003568878e+00   2.0000000000000000e+00
   7.1126966010013328e+00   3.6207503761106983e+00   2.0000000000000000e+00
   5.8950837596653161e+00   1.3172735110368627e+00   2.0000000000000000e+00
   5.7586276948718949e+00   1.8572541099557571e+00   2.0000000000000000e+00
   8.5249600760395534e+00   3.4698478593247883e+00   2.0000000000000000e+00
   9.4721250439791067e+00   4.5891145620063236e+00   2.0000000000000000e+00
   6.7676088535658057e+00   1.6035673324031763e+00   2.0000000000000000e+00
   6.2058793709994617e+00   1.4738828005942961e+00   2.0000000000000000e+00
   4.3989801234457948e+00   9.8567182773422921e+00   2.0000000000000000e+00
   1.5911081816651962e+00   5.6085610681340263e+00   2.0000000000000000e+00
   6.7751527437813142e+00   3.4307923033687402e+00   2.0000000000000000e+00
   1.9535361065514767e+00   6.7695687042751160e+00   2.0000000000000000e+00
   6.4711839222938625e+00   3.6913027682625463e+00   2.0000000000000000e+00
   1.7837570406396530e+00   5.3727275044587604e+00   2.0000000000000000e+00
   9.1857036038267399e+00   4.0142553341899063e+00   2.0000000000000000e+00
   5.3836062983513511e+00   1.8165446859583689e+00   2.0000000000000000e+00
   8.5093726974351149e+00   3.3721665515806833e+00   2.0000000000000000e+00
   4.0668177347375822e+00   7.4140774241115484e+00   2.0000000000000000e+00
   7.9365401384733545e+00   3.9271123971721797e+00   2.0000000000000000e+00
   6.9190292306029946e+00   1.9517879613841038e+00   2.0000000000000000e+00
   4.6632713578566944e+00   8.7722635751020110e+00   2.0000000000000000e+00
   3.0110081740306938e-01   5.7199732584178600e+00   2.0000000000000000e+00
   5.8397684153075673e+00   1.0133825474197489e+00   2.0000000000000000e+00
   2.2771327918885631e+00   6.5530259674546958e+00   2.0000000000000000e+00
   5.9642651134224689e+00   4.0098788092575735e+00   2.0000000000000000e+00
   7.0901147130582487e+00   3.7486414004382498e+00   2.0000000000000000e+00
   5.7184503012012993e+00   2.6406489737248906e+00   2.0000000000000000e+00
   1.3933205886468258e+00   6.0226271872718655e+00   2.0000000000000000e+00
   8.2251252563221513e+00   4.4855234329839790e+00   2.0000000000000000e+00
   2.7959350835055297e-01   5.7879266312268687e+00   2.0000000000000000e+00
   7.3479056326890300e+00   2.7410507154000441e+00   2.0000000000000000e+00
   5.9859750155481652e+00   3.8635857941299498e+00   2.0000000000000000e+00
   3.3528458963149199e+00   5.9527168834368647e+00   2.0000000000000000e+00
   9.4065669622017776e+00   3.8520775258914841e+00   2.0000000000000000e+00
   8.6278952786377765e+00   3.4876986057490535e+00   2.0000000000000000e+00
   6.9314926715629070e+00   2.5043704490478058e+00   2.0000000000000000e+00
   7.3291270949621614e+00   4.2506368794064340e+00   2.0000000000000000e+00
   4.3015463145173634e+00   7.5444702943345181e+00   2.0000000000000000e+00
   3.5095239409100998e+00   8.1764255033877227e+00   2.0000000000000000e+00
   9.8756811672532567e+00   4.1798116413534414e+00   2.0000000000000000e+00
   5.9027064671601481e+00   2.4558604906533379e+00   2.0000000000000000e+00
   4.0590165407437615e+00   8.3458080139734232e+00   2.0000000000000000e+00
   2.8030532164632049e+00   7.2526069974612248e+00   2.0000000000000000e+00
   6.1989693662756098e+00   1.5566642762322769e+00   2.0000000000000000e+00
   9.4836075133510729e+00   3.8609263537046159e+00   2.0000000000000000e+00
   5.6479307205895530e+00   1.3097972561227977e+00   2.0000000000000000e+00
   7.2666072787539782e-01   5.7233882679509769e+00   2.0000000000000000e+00
   3.9101494814320525e+00   9.2624601334737697e+00   2.0000000000000000e+00
   8.8350492973757540e+00   4.0856849385747491e+00   2.0000000000000000e+00
   5.3768475632763657e+00   4.1983795333067064e-03   2.0000000000000000e+00
   6.6798480748524334e+00   2.7323180963753249e+00   2.0000000000000000e+00
   7.2698510827859417e+00   3.5423312044304867e+00   2.0000000000000000e+00
   6.4765503463151743e+00   3.8864342111553638e+00   2.0000000000000000e+00
   1.5108870468748947e+00   6.5888405358766118e+00   2.0000000000000000e+00
   8.7877012138045050e+00   3.6978835188830619e+00   2.0000000000000000e+00
   8.6760791514522477e+00   4.0252155562056311e+00   2.0000000000000000e+00
   5.9929587686740762e+00   3.2183800620429159e+00   2.0000000000000000e+00
   3.8888767737840899e+00   7.1338264568097323e+00   2.0000000000000000e+00
   2.9958895525056484e+00   5.7325423910872217e+00   2.0000000000000000e+00
   6.1339292403847665e+00   3.5039893316251436e+00   2.0000000000000000e+00
   4.1580521237633938e+00   9.2088749186538408e+00   2.0000000000000000e+00
   8.8574385623600875e+00   4.6483246552042781e+00   2.0000000000000000e+00
   7.3743171386928621e+00   4.2745551063104354e+00   2.0000000000000000e+00
   5.4455055234152656e+00   2.2992931975077235e+00   2.0000000000000000e+00
   1.1505639515068533e+00   5.3776365729262317e+00   2.0000000000000000e+00
   6.1473019658000378e+00   1.0205389256133335e+00   2.0000000000000000e+00
   8.3913010861437396e+00   4.1503265942781473e+00   2.0000000000000000e+00
   3.4797685422736393e+00   8.3896613934056159e+00   2.0000000000000000e+00
   8.3837803200722494e+00   4.5312176509387445e+00   2.0000000000000000e+00
   2.7553735331911522e+00   7.4082189535007537e+00   2.0000000000000000e+00
   3.5790241250752963e+00   8.4420948175352688e+00   2.0000000000000000e+00
   6.0488790218630601e+00   3.1511597608384179e+00   2.0000000000000000e+00
   8.8460256861845217e+00   4.6749130139755586e+00   2.0000000000000000e+00
   9.4027872488864350e-02   5.7040522367331148e+00   2.0000000000000000e+00
   8.9621257786858060e+00   4.2055320288307776e+00   2.0000000000000000e+00
   3.6473347786848329e+00   6.3864147214312190e+00   2.0000000000000000e+00
   8.0341481765311666e+00   4.4661167256429168e+00   2.0000000000000000e+00
   6.6522998689438566e+00   3.2373176242231407e+00   2.0000000000000000e+00
   3.6985313951654044e+00   7.0371260582550601e+00   2.0000000000000000e+00
   3.7037608534940913e+00   9.5951446451922990e+00   2.0000000000000000e+00
   3.8755293217857512e+00   5.8928148077095148e+00   2.0000000000000000e+00
   4.5918488300456595e+00   9.2989288406735540e+00   2.0000000000000000e+00
   4.7689351468594667e+00   9.3582653099949127e+00   2.0000000000000000e+00
   8.3756541758811665e+00   4.5791709335339990e+00   2.0000000000000000e+00
   3.0717531861750400e+00   7.8506678962264882e+00   2.0000000000000000e+00
   3.0365214614330949e+00   7.9499593954037850e+00   2.0000000000000000e+00
   3.1651840254815387e+00   8.0692437605115934e+00   2.0000000000000000e+00
   2.6547437451168121e+00   6.5481798245892051e+00   2.0000000000000000e+00
   6.3425400970272516e+00   2.6360870303103114e+00   2.0000000000000000e+00
   3.6761879867886038e-01   6.2685292249160938e+00   2.0000000000000000e+00
   7.7990974428453761e+00   4.0403118046071125e+00   2.0000000000000000e+00
   6.0547904770278049e-01   5.9105001062006766e+00   2.0000000000000000e+00
   3.9310510887050123e+00   8.3708430758923118e+00   2.0000000000000000e+00
   6.5609805927272644e+00   1.1809211359197247e+00   2.0000000000000000e+00
   7.2617765996164376e+00   4.1334694223920900e+00   2.0000000000000000e+00
   7.2059512854296432e+00   2.8993246532307260e+00   2.0000000000000000e+00
   5.5804919361042260e-01   5.7195078259758700e+00   2.0000000000000000e+00
   5.3958269169891073e+00   8.0329338616759283e-01   2.0000000000000000e+00
   3.6239828029815735e+00   6.7140815676760592e+00   2.0000000000000000e+00
   4.1936385150362785e+00   8.2947520376465569e+00   2.0000000000000000e+00
   3.6475623500048271e+00   6.6269159235420734e+00   2.0000000000000000e+00
   1.5480328035806989e+00   6.1043979705914513e+00   2.0000000000000000e+00
   6.8698796113811174e+00   3.7367176637623833e+00   2.0000000000000000e+00
   9.8851476461321504e+00   4.6327653514141893e+00   2.0000000000000000e+00
   6.4466157335126173e+00   2.7627384364326844e+00   2.0000000000000000e+00
   7.8120903829211388e+00   3.3173078947791645e+00   2.0000000000000000e+00
   3.9424215610863902e+00   7.8662302775955064e+00   2.0000000000000000e+00
   2.3327196460810229e+00   6.1362369527663132e+00   2.0000000000000000e+00
   9.2703986168525123e+00   4.4516724197644226e+00   2.0000000000000000e+00
   6.5133308194546826e+00   4.1048598813309614e+00   2.0000000000000000e+00
   2.4418307320787589e+00   5.6799467179806475e+00   2.0000000000000000e+00
   3.1313934391139453e+00   5.8446129721146178e+00   2.0000000000000000e+00
   7.4245717275938290e+00   2.9313299217386133e+00   2.0000000000000000e+00
   4.4292760953607111e+00   9.1327402520703611e+00   2.0000000000000000e+00
   8.1940672249126685e+00   4.3596320189364501e+00   2.0000000000000000e+00
   8.1466721798930593e+00   3.6221037156833455e+00   2.0000000000000000e+00
   3.0601646205234809e+00   7.8538341688520195e+00   2.0000000000000000e+00
   9.1230212777646162e+00   4.7534032196867990e+00   2.0000000000000000e+00
   5.8308224890089413e+00   2.1763236626562676e+00   2.0000000000000000e+00
   1.1842281330742976e+00   5.4290202178959648e+00   2.0000000000000000e+00
   9.8828491589639054e+00   4.0244697480082365e+00   2.0000000000000000e+00
   7.2422207260074476e+00   4.2858051206441141e+00   2.0000000000000000e+00
   3.2562435449371052e+00   6.0742007703361187e+00   2.0000000000000000e+00
   4.5426025230699629e+00   9.5713985727429716e+00   2.0000000000000000e+00
   4.0758957601716359e+00   6.0328466218052981e+00   2.0000000000000000e+00
   3.2253750387606086e+00   7.1331538252736495e+00   2.0000000000000000e+00
   2.3724632758363837e+00   6.8907714896881709e+00   2.0000000000000000e+00
   4.0237843019492106e+00   9.8985101609059853e+00   2.0000000000000000e+00
   5.7683191848819639e+00   2.4791756093109130e-01   2.0000000000000000e+00
   6.0476020075598154e+00   3.2149041339883597e+00   2.0000000000000000e+00
   8.0375789859248101e+00   4.4838640530582232e+00   2.0000000000000000e+00
   2.5219336045883600e+00   6.9938408324008048e+00   2.0000000000000000e+00
   1.2871336384857612e+00   6.2259499745440934e+00   2.0000000000000000e+00
   3.6721875776966284e+00   6.2817520879168720e+00   2.0000000000000000e+00
   6.1544620904320269e+00   6.8952075077295505e-01   2.0000000000000000e+00
   7.6994259533765055e+00   3.5448658805144917e+00   2.0000000000000000e+00
   6.2555339561964249e+00   2.2741129942006575e+00   2.0000000000000000e+00
   3.3938793363433897e+00   7.5896466753763994e+00   2.0000000000000000e+00
   2.9735156796215945e+00   6.9175082817405720e+00   2.0000000000000000e+00
   3.5849840179687034e+00   6.4193598569579171e+00   2.0000000000000000e+00
   3.6263990803067458e+00   8.2811093220205141e+00   2.0000000000000000e+00
   8.6054937975735477e+00   4.6578612161500219e+00   2.0000000000000000e+00
   5.7135366431902588e+00   2.3555244583974888e+00   2.0000000000000000e+00
   5.7485218617864984e+00   1.1158980108638361e+00   2.0000000000000000e+00
   3.8851909795252615e+00   7.0604916231094723e+00   2.0000000000000000e+00
   6.9251552044391262e+00   3.4405142787583354e+00   2.0000000000000000e+00
   5.9192079393109198e+00   3.7400556121520601e+00   2.0000000000000000e+00
   5.8677367845002637e+00   1.7256714574322718e+00   2.0000000000000000e+00
   8.5476903726831512e+00   3.4383246887594963e+00   2.0000000000000000e+00
   5.8169544212953825e+00   3.0149355407214862e+00   2.0000000000000000e+00
   6.4091519896386320e+00   4.1404281735223059e+00   2.0000000000000000e+00
   7.4199863664675556e+00   3.2749992331841007e+00   2.0000000000000000e+00
   3.5206517882524202e+00   7.0523888689808514e+00   2.0000000000000000e+00
   2.5578035844245406e+00   6.8712414015659817e+00   2.0000000000000000e+00
   5.6865543789758703e+00   4.0850693421973672e-01   2.0000000000000000e+00
   7.0088764350539936e+00   4.2701989927389503e+00   2.0000000000000000e+00
   4.5193503358473750e+00   8.8114755920984198e+00   2.0000000000000000e+00
   3.4722654194395486e+00   5.7089717032288370e+00   2.0000000000000000e+00
   5.4723284012641411e+00   2.5904992211280895e+00   2.0000000000000000e+00
   5.9579009554437388e+00   3.9290371602170171e+00   2.0000000000000000e+00
   3.1505565440992656e+00   7.4255146349935073e+00   2.0000000000000000e+00
   3.0141144407420284e+00   5.6293292055752042e+00   2.0000000000000000e+00
   6.6596892198214741e+00   3.2323693606515125e+00   2.0000000000000000e+00
   2.3692232876595498e+00   6.8649342814999645e+00   2.0000000000000000e+00
   2.3690007314045083e+00   7.1820654464351410e+00   2.0000000000000000e+00
   7.6168121333211172e+00   3.2201800779146525e+00   2.0000000000000000e+00
   1.3608352850781025e+00   6.5484122486181517e+00   2.0000000000000000e+00
   4.4624362061352070e+00   7.4954564511600408e+00   2.0000000000000000e+00
   4.1542077107861806e+00   6.5607772203526702e+00   2.0000000000000000e+00
   9.2425624403365720e+00   3.7168327051813446e+00   2.0000000000000000e+00
   4.6239238329541799e+00   8.5142240635347157e+00   2.0000000000000000e+00
   4.4929658763985465e+00   7.4327579811242401e+00   2.0000000000000000e+00
   1.8855472092770997e+00   5.8187889762591549e+00   2.0000000000000000e+00
   4.6377330131328689e+00   7.2876323002834456e+00   2.0000000000000000e+00
   9.3495140064527185e+00   4.5658515499236270e+00   2.0000000000000000e+00
   8.2805723637585960e+00   3.4570430068363009e+00   2.0000000000000000e+00
   3.7332799599814948e+00   6.0025748867019422e+00   2.0000000000000000e+00
   3.8371666799937953e+00   7.1993944602792679e+00   2.0000000000000000e+00
   6.9473458120697416e+00   1.9895181493315695e+00   2.0000000000000000e+00
   5.8448351915060703e+00   4.3330527690996545e-01   2.0000000000000000e+00
   4.2722593911984017e+00   6.2299140350869706e+00   2.0000000000000000e+00
   5.6477178107430879e+00   4.0545266683379988e-01   2.0000000000000000e+00
   2.6966769167838098e+00   6.8628526467265738e+00   2.0000000000000000e+00
   4.2096678992275818e+00   6.6833192368922436e+00   2.0000000000000000e+00
   5.9273056030477118e+00   2.7487746398695290e+00   2.0000000000000000e+00
   3.8764792978948592e+00   8.4580609196526790e+00   2.0000000000000000e+00
   7.9122181907432951e+00   3.2742833484591261e+00   2.0000000000000000e+00
   3.7327180214461420e+00   6.2840237047388916e+00   2.0000000000000000e+00
   1.5957583841439438e+00   4.7023054320174307e+00   3.0000000000000000e+00
   4.8568094934246533e+00   7.2623017666517331e+00   3.0000000000000000e+00
   8.1311311223170541e+00   5.4421362929372794e+00   3.0000000000000000e+00
   5.3021044064750136e+00   9.8251632819247217e+00   3.0000000000000000e+00
   5.7164802724782806e+00   3.6018983751168454e+00   3.0000000000000000e+00
   5.4836064239379922e+00   7.3355897506439680e+00   3.0000000000000000e+00
   5.0461887847047038e+00   9.0733708118615457e+00   3.0000000000000000e+00
   5.9901189456748476e+00   6.2293100247112809e+00   3.0000000000000000e+00
   6.2216182684946455e+00   5.0002612399327093e+00   3.0000000000000000e+00
   4.7252565926505374e+00   4.0593859498096805e+00   3.0000000000000000e+00
   3.2653067146579984e+00   5.3683792025525783e+00   3.0000000000000000e+00
   5.5569270371900457e+00   7.3141102730401775e+00   3.0000000000000000e+00
   2.1356747730024104e+00   5.3295330675421306e+00   3.0000000000000000e+00
   4.4292266151191004e+00   2.3313450641408018e+00   3.0000000000000000e+00
   4.2444617578537338e+00   3.9831917814338613e+00   3.0000000000000000e+00
   4.8851137560608944e+00   2.8002918297687329e+00   3.0000000000000000e+00
   3.4251639367682696e+00   4.3591603249052548e+00   3.0000000000000000e+00
   2.2032243002119989e+00   4.5328730833671393e+00   3.0000000000000000e+00
   5.1731963570260433e+00   7.4087753990004241e+00   3.0000000000000000e+00
   5.5329638880201735e+00   6.6263090803265303e+00   3.0000000000000000e+00
   3.5264036326191652e+00   4.8701095500021037e+00   3.0000000000000000e+00
   8.8367290231876936e+00   5.1786115727593609e+00   3.0000000000000000e+00
   2.5987980505214967e+00   5.2628145696535791e+00   3.0000000000000000e+00
   2.4517158294242671e+00   5.0485940306858605e+00   3.0000000000000000e+00
   4.8211894654243626e+00   1.0706878926122321e+00   3.0000000000000000e+00
   5.5601337514586575e+00   6.0848028068701758e+00   3.0000000000000000e+00
   5.0006161341981432e+00   3.0982818047485861e+00   3.0000000000000000e+00
   5.1526678327468183e+00   6.0737022824385107e+00   3.0000000000000000e+00
   5.8067691260117824e+00   4.9254169923945028e+00   3.0000000000000000e+00
   4.8855639171254968e+00   1.8213711848983405e+00   3.0000000000000000e+00
   7.5345168700867280e+00   4.9634944300178221e+00   3.0000000000000000e+00
   7.8768758432066130e+00   4.9089993052781233e+00   3.0000000000000000e+00
   4.8987171456887371e+00   7.4284021929881554e+00   3.0000000000000000e+00
   2.5642302066097900e+00   4.7128188125210366e+00   3.0000000000000000e+00
   4.8099203278505298e+00   1.6638039970428009e+00   3.0000000000000000e+00
   4.7308638168881227e+00   1.0845017168431725e+00   3.0000000000000000e+00
   4.9045931122340587e+00   4.9293951516133996e+00   3.0000000000000000e+00
   4.4908527535801879e+00   6.3570796771695237e+00   3.0000000000000000e+00
   5.2279701855419711e+00   4.0023221636747870e+00   3.0000000000000000e+00
   4.8776333596366079e+00   1.7220887778772653e+00   3.0000000000000000e+00
   8.5145132936757584e+00   5.3047836681633846e+00   3.0000000000000000e+00
   5.1845260315523998e+00   5.0124569002056703e+00   3.0000000000000000e+00
   5.4493760204554391e+00   6.0820740340491461e+00   3.0000000000000000e+00
   4.9926902680349912e+00   9.8856033745624678e+00   3.0000000000000000e+00
   4.9362997922979170e+00   7.8487563415932362e+00   3.0000000000000000e+00
   4.9301963682321155e+00   3.7063392054749000e+00   3.0000000000000000e+00
   5.5948653443046616e+00   5.7949279887047904e+00   3.0000000000000000e+00
   8.8073768299840598e+00   4.7654771291295637e+00   3.0000000000000000e+00
   4.4653085165809623e+00   2.8381863647100336e+00   3.0000000000000000e+00
   5.2917456106427441e+00   7.9648708636243324e+00   3.0000000000000000e+00
   4.7338086278555958e+00   8.6332254294882915e+00   3.0000000000000000e+00
   2.9626946745650837e+00   4.6261402507386142e+00   3.0000000000000000e+00
   8.4923590827283579e+00   5.2374330076089937e+00   3.0000000000000000e+00
   8.5089832008606301e+00   4.9192598078335381e+00   3.0000000000000000e+00
   4.3684992566752880e+00   3.4658863689724573e+00   3.0000000000000000e+00
   5.3681401971501073e+00   4.9035111129833577e+00   3.0000000000000000e+00
   6.0603697436041983e+00   5.0146203755621190e+00   3.0000000000000000e+00
   1.0325459843573637e+00   4.9683456225184912e+00   3.0000000000000000e+00
   1.1493655704540184e+00   4.9061772546424463e+00   3.0000000000000000e+00
   4.9894112846465095e+00   2.9971481911006004e+00   3.0000000000000000e+00
   2.6640156638000558e+00   5.2793509362118645e+00   3.0000000000000000e+00
   5.0296870307653938e+00   3.0347164049743123e+00   3.0000000000000000e+00
   9.2835199140344837e+00   4.9144947822461127e+00   3.0000000000000000e+00
   4.2038443316067307e+00   5.1248760681796570e+00   3.0000000000000000e+00
   5.2632994419730572e+00   2.2107799439377072e+00   3.0000000000000000e+00
   4.6544903713894250e+00   2.3548758147208937e+00   3.0000000000000000e+00
   5.9680321689174427e+00   6.2100949908007452e+00   3.0000000000000000e+00
   6.5482711059706897e+00   4.8864684057555339e+00   3.0000000000000000e+00
   5.5823881707248511e+00   4.1709644001133093e+00   3.0000000000000000e+00
   6.3024221528717295e+00   4.3040705457622561e+00   3.0000000000000000e+00
   4.9592907206897232e+00   7.4329979046145205e+00   3.0000000000000000e+00
   5.5056589393299298e+00   5.6990784097591298e+00   3.0000000000000000e+00
   4.4294747465364024e+00   6.4299322830686103e+00   3.0000000000000000e+00
   6.4941823169918163e+00   4.9343233893321354e+00   3.0000000000000000e+00
   4.7583956489366077e+00   7.2507383636230109e+00   3.0000000000000000e+00
   9.9682064477353940e+00   4.8572594644436098e+00   3.0000000000000000e+00
   4.8205417950957754e+00   3.4741122934321176e+00   3.0000000000000000e+00
   4.8895380117943450e+00   9.9239667221786227e+00   3.0000000000000000e+00
   5.1967139706010199e+00   6.0836814919214977e+00   3.0000000000000000e+00
   9.5007331041992664e+00   5.1332719032757144e+00   3.0000000000000000e+00
   4.2064066597944261e-01   5.0855516244060670e+00   3.0000000000000000e+00
   2.2524798194962816e+00   4.8137084719314522e+00   3.0000000000000000e+00
   4.9986199783660705e+00   3.9461904712797313e+00   3.0000000000000000e+00
   4.7933438922717961e+00   3.3510976291145256e+00   3.0000000000000000e+00
   3.6580070532442299e+00   5.6741014025505123e+00   3.0000000000000000e+00
   7.7956179562105232e+00   5.2395639461581460e+00   3.0000000000000000e+00
   8.7144209389725873e+00   5.2928273275946323e+00   3.0000000000000000e+00
   5.0038328877165235e+00   2.8954665742836716e+00   3.0000000000000000e+00
   5.9375547602044083e+00   4.3754231597849280e+00   3.0000000000000000e+00
   5.2609351903344139e+00   7.4315671045346123e+00   3.0000000000000000e+00
   5.0940793204094295e+00   7.9173399186195983e+00   3.0000000000000000e+00
   4.8145623287865247e+00   8.1254266283557151e+00   3.0000000000000000e+00
   5.4080957708351862e+00   6.6758601284780541e+00   3.0000000000000000e+00
   6.1446828533713909e+00   4.5599474936990525e+00   3.0000000000000000e+00
   2.4869760223417736e+00   4.5490919607343061e+00   3.0000000000000000e+00
   4.6351057696396749e+00   2.6878425813476237e+00   3.0000000000000000e+00
   5.8919783996678534e+00   6.4064588573782499e+00   3.0000000000000000e+00
   4.5190797050847955e+00   4.3753739547983947e+00   3.0000000000000000e+00
   4.9431918457571831e+00   3.8118627155533780e+00   3.0000000000000000e+00
   7.0809247379787967e+00   5.0395001918968543e+00   3.0000000000000000e+00
   5.3520275306313660e+00   6.5632482347057755e+00   3.0000000000000000e+00
   5.0019486324410600e+00   7.4064354623207929e-01   3.0000000000000000e+00
   4.3759146281489159e+00   5.8919060373406005e+00   3.0000000000000000e+00
   3.4937569446619654e+00   4.7647578275017022e+00   3.0000000000000000e+00
   4.9248341205322070e+00   7.2764251384336003e+00   3.0000000000000000e+00
   7.7443516315264427e+00   4.9511065080160517e+00   3.0000000000000000e+00
   5.1283223805034952e+00   8.1306869983601597e+00   3.0000000000000000e+00
   4.8497048276517782e+00   4.2745150306431317e+00   3.0000000000000000e+00
   5.3212784853939006e+00   6.9028292804448323e+00   3.0000000000000000e+00
   1.9903482551723395e+00   5.1583146301430638e+00   3.0000000000000000e+00
   5.6877502823953314e+00   6.9022242781204781e+00   3.0000000000000000e+00
   7.0548328511166023e+00   4.5780345531411628e+00   3.0000000000000000e+00
   6.9542738775517119e+00   5.2432626270730385e+00   3.0000000000000000e+00
   5.4765438363662948e+00   3.4948050664595822e+00   3.0000000000000000e+00
   4.9486574560593075e+00   3.8435067276595944e+00   3.0000000000000000e+00
   6.6472623398123289e+00   5.3359027585569550e+00   3.0000000000000000e+00
   5.7017994116552710e+00   5.3937107120957979e+00   3.0000000000000000e+00
   5.3538089812398804e+00   4.9372708551810565e+00   3.0000000000000000e+00
   5.5042275345184652e+00   6.3320199228414067e+00   3.0000000000000000e+00
   4.5661322159042053e+00   1.5699261019103372e+00   3.0000000000000000e+00
   1.7733807184370876e+00   5.2267819597673650e+00   3.0000000000000000e+00
   5.0662496954435623e+00   1.1193164543642264e+00   3.0000000000000000e+00
   3.7495987927177099e+00   5.1017187864289735e+00   3.0000000000000000e+00
   4.7927039393440598e+00   4.3999484130248687e+00   3.0000000000000000e+00
   4.4101937843706072e+00   5.2775499860928434e+00   3.0000000000000000e+00
   4.7330309168964071e+00   4.6265541214156602e-02   3.0000000000000000e+00
   3.5445861200493378e+00   5.5909188471888243e+00   3.0000000000000000e+00
   5.3244923601694447e+00   5.7101100274399155e+00   3.0000000000000000e+00
   4.6773879942609611e+00   4.2785611583604632e+00   3.0000000000000000e+00
   4.7438843019742869e+00   9.5280783168665284e-01   3.0000000000000000e+00
   3.1393377003560499e+00   5.3797125219040094e+00   3.0000000000000000e+00
   4.8558580922454624e+00   6.4418951357965879e+00   3.0000000000000000e+00
   7.3153214862282354e+00   4.8382830736910840e+00   3.0000000000000000e+00
   4.9309054166189998e+00   6.9820243725992377e+00   3.0000000000000000e+00
   2.0254328054738160e+00   5.1969111024070624e+00   3.0000000000000000e+00
   5.1557644680440431e+00   6.2861641512763988e+00   3.0000000000000000e+00
   7.4548778027726961e+00   5.3579696302293467e+00   3.0000000000000000e+00
   9.0688735750587828e+00   5.0631113651094655e+00   3.0000000000000000e+00
   5.0213485125459023e+00   1.3326350194239889e-01   3.0000000000000000e+00
   5.3361232090931576e+00   3.7457697852869334e+00   3.0000000000000000e+00
   5.2035213363569008e+00   5.3590261725144384e+00   3.0000000000000000e+00
   5.1465166377285385e+00   5.6649130106176511e+00   3.0000000000000000e+00
   5.2833099100583620e+00   6.4171858788784144e+00   3.0000000000000000e+00
   5.5853509977079741e+00   4.3252113990086327e+00   3.0000000000000000e+00
   5.5193219044684216e+00   5.8283976970297999e+00   3.0000000000000000e+00
   3.7697155831387064e+00   4.7970965735525075e+00   3.0000000000000000e+00
   8.9725918022890330e+00   4.8533166324508228e+00   3.0000000000000000e+00
   5.7173349366058872e+00   5.6288261892642897e+00   3.0000000000000000e+00
   4.5861089325683180e+00   3.5589626748390470e+00   3.0000000000000000e+00
   5.2252038377655010e+00   2.1454453449384889e+00   3.0000000000000000e+00
   5.3450971396421965e+00   5.3224857500095553e+00   3.0000000000000000e+00
   5.0461616223758501e+00   7.6340319770929033e-01   3.0000000000000000e+00
   6.4411697134343768e+00   4.6912626760967484e+00   3.0000000000000000e+00
   5.0196214489464319e+00   3.5352019010087297e+00   3.0000000000000000e+00
   5.6531088709446129e+00   6.8211331302109119e+00   3.0000000000000000e+00
   4.9212255579140081e+00   9.4913868108148147e+00   3.0000000000000000e+00
   2.2000241258568440e+00   4.5825177774101995e+00   3.0000000000000000e+00
   2.2057571965193423e+00   5.2802664656513842e+00   3.0000000000000000e+00
   6.8787808293405543e+00   4.6978723503540545e+00   3.0000000000000000e+00
   3.1510654883723244e+00   5.2970879394498604e+00   3.0000000000000000e+00
   5.4295455671592663e+00   3.6916992723662645e+00   3.0000000000000000e+00
   5.1284116321792217e+00   5.4930287563720350e+00   3.0000000000000000e+00
   5.2178748598432403e+00   8.7571629821596080e+00   3.0000000000000000e+00
   4.5876484161562869e+00   5.1926491431093416e+00   3.0000000000000000e+00
   5.4077368318152930e+00   3.3629870777649473e+00   3.0000000000000000e+00
   4.9898094845423202e+00   1.4760872880655307e+00   3.0000000000000000e+00
   7.1911573954045540e+00   4.8023593890311229e+00   3.0000000000000000e+00
   2.3842465815984704e-01   4.8885023754500692e+00   3.0000000000000000e+00
   4.0133487541403090e+00   5.2963438715961253e+00   3.0000000000000000e+00
   9.5484545884337524e-01   4.9936964952428315e+00   3.0000000000000000e+00
   1.2935545879900490e+00   5.0149948679384151e+00   3.0000000000000000e+00
   3.6469118012067705e+00   4.3347721392160032e+00   3.0000000000000000e+00
   4.1285687551554515e+00   5.6866908121841249e+00   3.0000000000000000e+00
   5.9830015958460492e-01   4.6797099883625348e+00   3.0000000000000000e+00
   3.5554747435093570e+00   5.1096933332388348e+00   3.0000000000000000e+00
   4.6435590207024182e+00   7.3952751026478172e+00   3.0000000000000000e+00
   4.3897395255589320e+00   2.7642441019311361e+00   3.0000000000000000e+00
   4.7433875940372516e-03   4.9492907390011665e+00   3.0000000000000000e+00
   5.4076332253520896e+00   7.0165969636373759e+00   3.0000000000000000e+00
   9.1955489992103523e+00   4.9673566990295797e+00   3.0000000000000000e+00
   4.4850748192037297e+00   2.6419820530999050e+00   3.0000000000000000e+00
   5.4863870181775232e+00   6.0418975883231880e+00   3.0000000000000000e+00
   3.3818884083006240e+00   4.6123987914338560e+00   3.0000000000000000e+00
   1.7283539287815297e+00   4.6164483380842416e+00   3.0000000000000000e+00
   1.8631738847223334e+00   3.8019546913392399e+00   4.0000000000000000e+00
   6.1085262304055279e+00   8.1319381291625152e+00   4.0000000000000000e+00
   5.6046999859195834e+00   9.1771790709004577e+00   4.0000000000000000e+00
   6.6590079470924053e+00   8.2046864305868290e+00   4.0000000000000000e+00
   3.8322372214235720e+00   6.9009895214874106e-01   4.0000000000000000e+00
   8.7964300434251079e+00   6.0334474029794807e+00   4.0000000000000000e+00
   8.3383417760201084e-01   3.7684306435819859e+00   4.0000000000000000e+00
   6.2203052643728416e+00   7.1860620882040172e+00   4.0000000000000000e+00
   6.4676961696881943e+00   6.4308541886641581e+00   4.0000000000000000e+00
   6.0678958794826432e-02   4.0092174051520422e+00   4.0000000000000000e+00
   6.0877934528373547e+00   9.4863554844526803e+00   4.0000000000000000e+00
   6.8948939945622092e+00   6.4488404361562761e+00   4.0000000000000000e+00
   2.7785054569461130e+00   3.8357330772392881e+00   4.0000000000000000e+00
   3.0651436290480372e+00   2.8619315859382608e+00   4.0000000000000000e+00
   6.1735412715990350e+00   8.4830392692484917e+00   4.0000000000000000e+00
   3.4651287763497529e+00   2.4681450111890788e+00   4.0000000000000000e+00
   2.0002374020221114e+00   3.6859528267891450e+00   4.0000000000000000e+00
   9.6521952566026634e+00   5.9430304088861883e+00   4.0000000000000000e+00
   4.4105294362780070e+00   5.2637781498558245e-01   4.0000000000000000e+00
   3.8860670417540346e+00   1.0661970416823141e+00   4.0000000000000000e+00
   4.1092156278943115e+00   1.7338386553699736e+00   4.0000000000000000e+00
   4.1473791466443579e+00   1.4539736125064406e+00   4.0000000000000000e+00
   3.5461711778573490e+00   1.1163091023625316e+00   4.0000000000000000e+00
   4.3922169351231890e+00   9.4942563402108382e-01   4.0000000000000000e+00
   6.4791934851723383e+00   6.9903860204662136e+00   4.0000000000000000e+00
   3.5470787587677433e+00   3.8482649097936825e+00   4.0000000000000000e+00
   4.5813731660148918e+00   1.3476761987497465e+00   4.0000000000000000e+00
   1.8978558783569865e+00   4.2922772268788245e+00   4.0000000000000000e+00
   6.9401565941057033e+00   6.9560354521169856e+00   4.0000000000000000e+00
   6.2253557232530436e+00   7.1275760614303341e+00   4.0000000000000000e+00
   8.0023794161223289e+00   6.6439133685209910e+00   4.0000000000000000e+00
   7.0376430845372964e+00   6.3528487846486410e+00   4.0000000000000000e+00
   3.7743530558577385e+00   1.6127902040864728e+00   4.0000000000000000e+00
   3.1867393162292634e+00   2.2972279514726610e+00   4.0000000000000000e+00
   3.6074433805511075e+00   1.4873098552963326e+00   4.0000000000000000e+00
   9.0226756084401494e+00   5.8541353115984567e+00   4.0000000000000000e+00
   6.1981586849101387e+00   9.0978854098912283e+00   4.0000000000000000e+00
   6.0202226283738298e+00   6.8629465972389028e+00   4.0000000000000000e+00
   6.3443005733435651e+00   9.1496354362949912e+00   4.0000000000000000e+00
   6.0448095025113115e+00   7.2528308879420900e+00   4.0000000000000000e+00
   7.8758582825399390e+00   6.5796835625927494e+00   4.0000000000000000e+00
   5.5206737457529020e-01   4.3196952645728164e+00   4.0000000000000000e+00
   2.1445694440688037e+00   4.3085873968767254e+00   4.0000000000000000e+00
   8.5061363121962934e+00   5.6120483262673506e+00   4.0000000000000000e+00
   8.4731146738634333e+00   6.6726863548452187e+00   4.0000000000000000e+00
   6.0081672428422301e+00   9.7390347070432242e+00   4.0000000000000000e+00
   4.3858791267781001e+00   2.1888039449624697e+00   4.0000000000000000e+00
   5.9590460920119481e+00   9.1725997602224378e+00   4.0000000000000000e+00
   7.1327294678291242e+00   7.3181446141609365e+00   4.0000000000000000e+00
   3.5800366378850845e+00   2.3004571929462325e+00   4.0000000000000000e+00
   1.8418152479256555e+00   3.6135020088942591e+00   4.0000000000000000e+00
   6.4864835265739629e+00   8.2068868324955560e+00   4.0000000000000000e+00
   9.6838994468008064e+00   5.8932716825814264e+00   4.0000000000000000e+00
   7.3035051844956307e+00   6.0047195998294942e+00   4.0000000000000000e+00
   3.0460074496179645e+00   4.1205848002588619e+00   4.0000000000000000e+00
   5.6473457392172790e+00   8.0738675542890181e+00   4.0000000000000000e+00
   6.5311283637246724e+00   7.9026701202683869e+00   4.0000000000000000e+00
   2.9786073462037468e+00   3.6354383795826695e+00   4.0000000000000000e+00
   2.7726344308114257e+00   2.7701904974127292e+00   4.0000000000000000e+00
   3.3005592101582835e+00   1.9833228259858138e+00   4.0000000000000000e+00
   5.5349156111847853e+00   8.9334285872358539e+00   4.0000000000000000e+00
   2.9077899461062859e+00   3.5826391519584941e+00   4.0000000000000000e+00
   3.6565019534107410e+00   3.2724605026718900e+00   4.0000000000000000e+00
   7.3332180682229673e+00   7.3764773331910440e+00   4.0000000000000000e+00
   9.5299689428959393e+00   5.6472738726710494e+00   4.0000000000000000e+00
   6.0950643529269453e+00   6.7030322813850143e+00   4.0000000000000000e+00
   3.2716167641968941e+00   3.3466482986268198e+00   4.0000000000000000e+00
   8.5119375992373687e+00   6.2027623438068344e+00   4.0000000000000000e+00
   1.5273429360454260e+00   4.1806394533254103e+00   4.0000000000000000e+00
   2.3562065797845868e+00   3.1294320136767184e+00   4.0000000000000000e+00
   2.0068963097531345e+00   3.2476163907053479e+00   4.0000000000000000e+00
   6.5840596564623768e+00   6.0267577660414862e+00   4.0000000000000000e+00
   3.3662294464980267e+00   3.0430224186047736e+00   4.0000000000000000e+00
   3.7730689541842977e+00   2.7761701226395674e+00   4.0000000000000000e+00
   6.9110192204225696e+00   7.7728501534537466e+00   4.0000000000000000e+00
   6.7245520383918622e-01   4.4705781410735508e+00   4.0000000000000000e+00
   8.0319677286218685e+00   5.5453700841266560e+00   4.0000000000000000e+00
   1.2795696400088419e+00   4.5278065676367039e+00   4.0000000000000000e+00
   2.8369767160727069e+00   4.1760928179427390e+00   4.0000000000000000e+00
   6.1670825868636170e+00   8.4163802780802097e+00   4.0000000000000000e+00
   9.6808559993450043e+00   5.4934441439491488e+00   4.0000000000000000e+00
   9.9471430067072930e-01   4.2767454301354295e+00   4.0000000000000000e+00
   7.2963518186624423e+00   7.2723003111530273e+00   4.0000000000000000e+00
   1.7223499173921986e+00   3.2489221138216005e+00   4.0000000000000000e+00
   7.4944916581391627e+00   6.5553974267613349e+00   4.0000000000000000e+00
   7.3950618877343928e+00   6.5655090323111089e+00   4.0000000000000000e+00
   4.3009221884246998e+00   1.8559863813961619e+00   4.0000000000000000e+00
   2.2567126118395633e+00   3.3274312458668245e+00   4.0000000000000000e+00
   9.4854247407226246e+00   5.5273850689274777e+00   4.0000000000000000e+00
   3.0887683329030793e+00   3.9880208618877564e+00   4.0000000000000000e+00
   5.6625773147632117e+00   7.3995548644939735e+00   4.0000000000000000e+00
   4.0231907078223426e+00   3.4083249979916532e+00   4.0000000000000000e+00
   3.9389571572229110e+00   3.5205492713167508e+00   4.0000000000000000e+00
   3.7663345277822460e+00   1.1620385664663091e+00   4.0000000000000000e+00
   2.5451543836976755e+00   2.9672620055131760e+00   4.0000000000000000e+00
   6.2775800398502088e+00   7.2238059666200503e+00   4.0000000000000000e+00
   2.8381135398574378e+00   3.7519657393577721e+00   4.0000000000000000e+00
   2.4696200986153194e+00   3.2895168718898193e+00   4.0000000000000000e+00
   5.5874951689647343e+00   8.4416573726560920e+00   4.0000000000000000e+00
   7.3777666125911683e+00   6.5113736107082438e+00   4.0000000000000000e+00
   3.6958881454974177e+00   3.4154073538194951e+00   4.0000000000000000e+00
   8.3626400479797383e+00   5.5920671319055408e+00   4.0000000000000000e+00
   8.0974825399671193e+00   6.5821260397861172e+00   4.0000000000000000e+00
   5.8971735991202294e+00   7.5964461843151643e+00   4.0000000000000000e+00
   1.4780694097706693e+00   4.4987368533211969e+00   4.0000000000000000e+00
   9.0858637254119952e+00   6.3032040012479476e+00   4.0000000000000000e+00
   1.8508547796700214e+00   4.4691365696233865e+00   4.0000000000000000e+00
   4.5770898922197345e+00   9.3542378257135850e-01   4.0000000000000000e+00
   5.8294907584023843e+00   7.5944377738662174e+00   4.0000000000000000e+00
   3.5670185666629584e+00   1.1523718521838888e+00   4.0000000000000000e+00
   8.5643713380819797e+00   6.2957693781511770e+00   4.0000000000000000e+00
   3.5111066291653090e+00   3.5808115640119942e+00   4.0000000000000000e+00
   4.4517096193476000e+00   2.9650492184418953e-01   4.0000000000000000e+00
   7.6555207198897559e+00   6.3832407314537276e+00   4.0000000000000000e+00
   2.8038290782615682e+00   4.1183122319684173e+00   4.0000000000000000e+00
   7.1037518969710431e+00   6.2019485121912732e+00   4.0000000000000000e+00
   6.0929436677042395e+00   9.6333145852299431e+00   4.0000000000000000e+00
   6.2456552473360389e+00   8.2778350363777662e+00   4.0000000000000000e+00
   5.8889517636915434e+00   8.3817499162529536e+00   4.0000000000000000e+00
   9.7815242288241482e+00   5.3943716420725192e+00   4.0000000000000000e+00
   3.8467883441407649e+00   1.6100643162639239e+00   4.0000000000000000e+00
   4.0753799964302893e+00   2.4891244787677103e+00   4.0000000000000000e+00
   6.5005048840763830e+00   7.8571099005839082e+00   4.0000000000000000e+00
   7.2865187733427463e+00   6.9209731888858634e+00   4.0000000000000000e+00
   5.6060780932996099e+00   8.1786442624758031e+00   4.0000000000000000e+00
   1.8865333582157806e+00   4.0114174693785509e+00   4.0000000000000000e+00
   6.8911241939906143e+00   6.5294960997882843e+00   4.0000000000000000e+00
   1.1479804871202925e-01   4.5028171997982112e+00   4.0000000000000000e+00
   4.0781194294239098e+00   2.4273730604585433e+00   4.0000000000000000e+00
   9.6033813083151323e+00   5.5826491864806567e+00   4.0000000000000000e+00
   2.5748178200409120e+00   2.6093884617839458e+00   4.0000000000000000e+00
   2.7275346813880064e+00   2.7049819475518664e+00   4.0000000000000000e+00
   6.7733607572982084e+00   7.8708728074248953e+00   4.0000000000000000e+00
   6.2864412830048080e+00   7.4324946442267246e+00   4.0000000000000000e+00
   8.7801153744716895e+00   5.9319387905903662e+00   4.0000000000000000e+00
   5.7503044555995766e+00   8.1127217690955149e+00   4.0000000000000000e+00
   4.1775400418976707e+00   1.7773130720802721e+00   4.0000000000000000e+00
   5.7351247147197437e+00   7.6449610842801086e+00   4.0000000000000000e+00
   6.1317218455576992e+00   9.0363107278828370e+00   4.0000000000000000e+00
   3.8720532504577152e+00   9.3439169028054714e-01   4.0000000000000000e+00
   1.5512052620533845e+00   3.6361072062534436e+00   4.0000000000000000e+00
   3.7958754748160195e+00   1.7399388923308456e+00   4.0000000000000000e+00
   1.5724287931533343e+00   3.6527460204917608e+00   4.0000000000000000e+00
   3.3006955403908487e+00   2.7467127520120052e+00   4.0000000000000000e+00
   5.5289489156962102e+00   9.3888396018140838e+00   4.0000000000000000e+00
   9.6973789470621909e+00   6.0420289541930945e+00   4.0000000000000000e+00
   3.3757230126326441e+00   2.4908630014233681e+00   4.0000000000000000e+00
   7.5371631709271405e+00   6.9756371727485069e+00   4.0000000000000000e+00
   5.7262388987368995e+00   9.2448014560243497e+00   4.0000000000000000e+00
   2.4753013551857270e+00   3.0073014682678432e+00   4.0000000000000000e+00
   6.8182230908681705e+00   7.2998065865894688e+00   4.0000000000000000e+00
   6.0745786396581067e+00   9.5511589758218420e+00   4.0000000000000000e+00
   6.3713148011830176e+00   6.7090626371551103e+00   4.0000000000000000e+00
   8.1107434459489287e+00   6.8811150988789596e+00   4.0000000000000000e+00
   6.3279996177741609e+00   8.3006112924917090e+00   4.0000000000000000e+00
   6.5679061614033234e+00   8.1538719196641409e+00   4.0000000000000000e+00
   6.2496575620996309e+00   7.2179640144998434e+00   4.0000000000000000e+00
   8.8733046214460707e+00   6.4950497458153391e+00   4.0000000000000000e+00
   6.4002630745292795e+00   6.3035764356304824e+00   4.0000000000000000e+00
   7.5965892068539000e+00   6.9105480040021563e+00   4.0000000000000000e+00
   8.4719481932487977e+00   5.5720363736132725e+00   4.0000000000000000e+00
   3.4243690475438804e+00   1.2753099356302822e+00   4.0000000000000000e+00
   9.9437181820266396e+00   6.7203192916312631e+00   5.0000000000000000e+00
   7.7185020589356554e+00   8.4524797745803397e+00   5.0000000000000000e+00
   7.3368223540128072e+00   9.2898705444913343e+00   5.0000000000000000e+00
   2.9779342378460063e+00   1.1120579270854147e+00   5.0000000000000000e+00
   7.8425810997805545e+00   8.8031325582613995e+00   5.0000000000000000e+00
   9.2434586026026944e-01   1.5504206891473848e+00   5.0000000000000000e+00
   2.6129494745926074e-01   3.4014867495890364e+00   5.0000000000000000e+00
   1.1519549146409547e+00   1.0926027208001310e+00   5.0000000000000000e+00
   8.6989897954465629e+00   9.1023558943947940e+00   5.0000000000000000e+00
   8.7709645825333968e+00   7.0468445401571298e+00   5.0000000000000000e+00
   9.6928642618241589e+00   9.8386942762990266e+00   5.0000000000000000e+00
   9.4671891657538492e+00   8.4363454664184729e+00   5.0000000000000000e+00
   4.3164490029711233e-02   1.4906784423152719e+00   5.0000000000000000e+00
   9.7508890951338909e+00   9.8904982103862018e+00   5.0000000000000000e+00
   7.8577069502255528e+00   9.4628521182914653e+00   5.0000000000000000e+00
   7.8547869052107266e+00   7.7401212224220544e+00   5.0000000000000000e+00
   8.2416307779512703e+00   7.4988961138648582e+00   5.0000000000000000e+00
   3.5948614234228717e+00   6.8052292613899446e-01   5.0000000000000000e+00
   6.3569659446216509e-01   5.4379949697838104e-02   5.0000000000000000e+00
   6.3957172760351622e-02   3.2420038846152890e+00   5.0000000000000000e+00
   2.3852225613818945e-01   1.4997338345805811e+00   5.0000000000000000e+00
   2.1398846716548281e+00   1.3700842544143554e+00   5.0000000000000000e+00
   2.2270963122808518e-01   1.6220630617852028e+00   5.0000000000000000e+00
   5.8130541333028751e-01   1.2291464110740002e+00   5.0000000000000000e+00
   9.4473546126549679e-01   3.3183897410972909e+00   5.0000000000000000e+00
   9.3277808602802477e+00   9.7021333435181880e+00   5.0000000000000000e+00
   8.3972572204823610e+00   9.6093516954466534e+00   5.0000000000000000e+00
   9.4037806667653108e+00   9.0043291969477686e+00   5.0000000000000000e+00
   2.6315541565469571e+00   4.5654323565261334e-01   5.0000000000000000e+00
   9.3027294332612165e+00   8.8141071588925808e+00   5.0000000000000000e+00
   9.6334354418537185e+00   9.2894612810970472e+00   5.0000000000000000e+00
   7.6542634675330321e+00   7.3924715981401388e+00   5.0000000000000000e+00
   9.5418768602092516e+00   7.8604533608548133e+00   5.0000000000000000e+00
   1.8337136731657755e+00   4.4029733411731220e-01   5.0000000000000000e+00
   8.7929020224471159e+00   6.6134926486592915e+00   5.0000000000000000e+00
   2.1655597327097653e+00   6.2991797281897854e-01   5.0000000000000000e+00
   9.2580014419731622e+00   6.5715399360601001e+00   5.0000000000000000e+00
   2.0776811541514117e-01   1.7784563597347802e+00   5.0000000000000000e+00
   2.1785763950542547e-02   3.5384972340290597e+00   5.0000000000000000e+00
   8.7975088433088455e+00   9.3497762746675619e+00   5.0000000000000000e+00
   6.8518864192675526e+00   9.7132026443718011e+00   5.0000000000000000e+00
   4.9331626005256202e-01   8.3668798677818956e-01   5.0000000000000000e+00
   8.7711780481713353e-01   3.3784096955496667e+00   5.0000000000000000e+00
   1.3395335239728678e+00   2.5554704709757292e+00   5.0000000000000000e+00
   6.9170584241381894e+00   8.2743939061801068e+00   5.0000000000000000e+00
   2.5663660415607792e+00   1.3614954883812502e+00   5.0000000000000000e+00
   1.9326699526372060e+00   1.1961186146913194e+00   5.0000000000000000e+00
   2.6270367576687104e+00   1.9228457954355616e+00   5.0000000000000000e+00
   7.4406876686089705e+00   9.0402705145906097e+00   5.0000000000000000e+00
   6.8357884811216536e+00   8.6364354245297896e+00   5.0000000000000000e+00
   8.5028487682035649e+00   7.3505105138056965e+00   5.0000000000000000e+00
   1.5317088331494033e-01   8.6923013931583304e-01   5.0000000000000000e+00
   8.6592784773784697e+00   8.7457401123277769e+00   5.0000000000000000e+00
   1.9027229023137704e+00   8.8324923726098237e-01   5.0000000000000000e+00
   1.5357138597258557e+00   2.9847113886981891e+00   5.0000000000000000e+00
   8.4788963913733770e+00   7.4927475633357723e+00   5.0000000000000000e+00
   9.9847347417019403e+00   8.9214092124830842e+00   5.0000000000000000e+00
   9.4748597032972164e+00   7.6619527555938909e+00   5.0000000000000000e+00
   6.7113503754413131e+00   8.9320188079522609e+00   5.0000000000000000e+00
   9.5109512945550403e+00   8.9964423144242485e+00   5.0000000000000000e+00
   3.4298952221772208e+00   2.8030805406979997e-02   5.0000000000000000e+00
   8.5677040261708743e+00   9.5204293460874130e+00   5.0000000000000000e+00
   3.5887040028412773e+00   4.0883479596341754e-01   5.0000000000000000e+00
   8.9261944330665877e+00   9.9325595440907684e+00   5.0000000000000000e+00
   8.0582811546130966e+00   8.0509471244105910e+00   5.0000000000000000e+00
   2.2708524510637673e+00   2.0018038274278762e+00   5.0000000000000000e+00
   2.6123899284849248e+00   1.8521713623167224e+00   5.0000000000000000e+00
   6.0297558567194542e-01   2.4280974934881874e+00   5.0000000000000000e+00
   9.9362817112929154e+00   8.3204854196036226e+00   5.0000000000000000e+00
   9.7395733778096822e+00   7.1809083065123360e+00   5.0000000000000000e+00
   8.3095637227058070e+00   9.0997576560769087e+00   5.0000000000000000e+00
   7.7176327221903751e+00   9.7903829969460965e+00   5.0000000000000000e+00
   9.9538635347990141e+00   9.4205706366771320e+00   5.0000000000000000e+00
   2.1016146426917528e+00   2.7617120650951543e+00   5.0000000000000000e+00
   9.6924593301654820e+00   6.9279452648876951e+00   5.0000000000000000e+00
   9.4850047725321094e+00   8.9042949955067954e+00   5.0000000000000000e+00
   7.0058483631726731e-01   2.6472749926099515e+00   5.0000000000000000e+00
   9.9550945757470490e+00   9.3712095947977474e+00   5.0000000000000000e+00
   1.9080024576231713e+00   1.3711784567543461e+00   5.0000000000000000e+00
   1.6083885169794276e+00   6.6045561437745759e-01   5.0000000000000000e+00
   3.3471900353688024e+00   1.3586304034835350e+00   5.0000000000000000e+00
   2.5460198464808439e+00   2.0335482064389421e+00   5.0000000000000000e+00
   9.2434742865704571e+00   9.5722798446379453e+00   5.0000000000000000e+00
   3.0156485297193649e+00   1.5288965224614759e-01   5.0000000000000000e+00
   1.1652348677752966e+00   2.9072905394438608e+00   5.0000000000000000e+00
   2.2238315829240918e+00   1.1654494584873432e+00   5.0000000000000000e+00
   9.9427226216677767e-01   2.3266247746554702e+00   5.0000000000000000e+00
   8.9937392701028038e+00   9.2027469413243033e+00   5.0000000000000000e+00
   8.6678239334204452e+00   7.6870451061586174e+00   5.0000000000000000e+00
   9.4400507766639361e+00   7.3828248620847257e+00   5.0000000000000000e+00
   1.3754297753777900e-01   2.0010233147783616e+00   5.0000000000000000e+00
   8.0790357397305961e+00   8.8128966533306539e+00   5.0000000000000000e+00
   7.9208917176287947e+00   7.4887707783411885e+00   5.0000000000000000e+00
   1.2870917918046543e+00   1.9789331455603720e+00   5.0000000000000000e+00
   8.3336987567720335e+00   8.4129722992585840e+00   5.0000000000000000e+00
   1.2950393256442450e+00   1.6742865918929095e+00   5.0000000000000000e+00
   8.5830588300849442e-01   2.8976335788133589e+00   5.0000000000000000e+00
   7.4051751975505109e+00   7.7082039608816544e+00   5.0000000000000000e+00
   1.0584774654848794e+00   1.3662243510415306e+00   5.0000000000000000e+00
   3.1845918249186167e+00   1.5454184003218718e+00   5.0000000000000000e+00
   9.0232755813297967e+00   6.5650269994088593e+00   5.0000000000000000e+00
   1.3491254322256130e+00   1.5569182271733439e+00   5.0000000000000000e+00
   9.4255176132756482e+00   8.1566030026165652e+00   5.0000000000000000e+00
   1.4152389564790180e+00   9.3988186599815893e-01   5.0000000000000000e+00
   9.8881256294911530e+00   8.1509449656760165e+00   5.0000000000000000e+00
   9.8966325436664739e+00   7.8256561024805062e+00   5.0000000000000000e+00
   1.0088210600447201e+00   3.3749084937639395e+00   5.0000000000000000e+00
   8.0067582689006116e+00   7.1389641452925527e+00   5.0000000000000000e+00
   5.8104295410732032e-01   1.2775543442852511e+00   5.0000000000000000e+00
   2.9270566272017184e-01   1.2432035829266186e+00   5.0000000000000000e+00
   8.1348348569593263e+00   6.9383849756410623e+00   5.0000000000000000e+00
   6.7642797585558134e-01   3.4743362315182633e+00   5.0000000000000000e+00
   1.4124742333448226e+00   1.8785733941730587e+00   5.0000000000000000e+00
   1.3183920917189973e+00   1.1244539883914573e+00   5.0000000000000000e+00
   1.5958951066817162e+00   2.8176282801614905e+00   5.0000000000000000e+00
   3.0053484620560322e+00   1.2229791921993871e+00   5.0000000000000000e+00
   9.0135191982308367e+00   7.4652378487589157e+00   5.0000000000000000e+00
   6.9339231476338519e+00   9.9224242141337822e+00   5.0000000000000000e+00
   9.1683655460501505e+00   7.1387588868327203e+00   5.0000000000000000e+00
   8.8728725795738494e+00   9.1262908000321712e+00   5.0000000000000000e+00
   1.1955929327373449e+00   2.9820154356370319e+00   5.0000000000000000e+00
   7.3878568915920262e+00   8.1964104295539428e+00   5.0000000000000000e+00
   8.7045908709771025e-01   1.0394875580241303e+00   5.0000000000000000e+00
   8.5016755548921594e+00   6.8806025116616185e+00   5.0000000000000000e+00
   7.2305082393901197e+00   9.0015230636468999e+00   5.0000000000000000e+00
   9.0794356675205421e+00   8.7815693433461366e+00   5.0000000000000000e+00
   3.2901239705585459e+00   1.3971192684792721e+00   5.0000000000000000e+00
   2.5850206889743976e+00   4.4261401028149239e-01   5.0000000000000000e+00
   8.8625137050085634e+00   7.2763742431854919e+00   5.0000000000000000e+00
   3.4578049287636183e+00   1.2471914524833094e-01   5.0000000000000000e+00
   3.2902104124107199e+00   1.4957098639207778e+00   5.0000000000000000e+00
   8.1006433689467574e+00   8.7464296457421682e+00   5.0000000000000000e+00
   7.1896660347270700e+00   8.2954320208853609e+00   5.0000000000000000e+00
   7.7788625220776906e+00   8.8317451308319654e+00   5.0000000000000000e+00
   7.8023501787493421e+00   7.5822643298681864e+00   5.0000000000000000e+00
   2.2736060490073062e+00   2.0921192845381031e+00   5.0000000000000000e+00
   7.0239980152244090e+00   9.1855099999497476e+00   5.0000000000000000e+00
   9.4482474629527182e+00   9.8236233858561821e+00   5.0000000000000000e+00
   1.0250285474128806e+00   2.8266024287096823e+00   5.0000000000000000e+00
   9.5966215656474567e+00   9.1299141776327524e+00   5.0000000000000000e+00
   8.0849544322853149e+00   9.6238557118276589e+00   5.0000000000000000e+00
   2.0342254444002195e+00   1.1080693340380732e+00   5.0000000000000000e+00
   8.0979867403138499e+00   7.0181931930605970e+00   5.0000000000000000e+00
   8.6819751643154817e+00   8.4585747379922456e+00   5.0000000000000000e+00
   9.3639816727622556e+00   8.6493880173175253e+00   5.0000000000000000e+00
   1.4998586502971323e+00   1.6524939693348484e+00   5.0000000000000000e+00
   1.0208384665391734e+00   2.6432058055405561e+00   5.0000000000000000e+00
   7.9790537566734550e+00   7.3963295831212985e+00   5.0000000000000000e+00
   5.4727137972514717e-01   1.7520844426592741e+00   5.0000000000000000e+00
   1.7390561525616799e+00   1.0327092779763636e+00   5.0000000000000000e+00
   9.1164720590340060e+00   9.0470220446560106e+00   5.0000000000000000e+00
   8.3875263359336714e+00   7.6902935606890885e+00   5.0000000000000000e+00
   6.7940730698636931e-01   2.0068384325262589e+00   5.0000000000000000e+00
   8.7037602864656947e+00   9.8107776577412196e+00   5.0000000000000000e+00
   7.0093762191706146e+00   8.9764756539390671e+00   5.0000000000000000e+00
   7.6096206274668763e+00   7.4304331351361270e+00   5.0000000000000000e+00
   9.6023029057794695e-01   5.5061777771854281e-02   5.0000000000000000e+00
   3.0050905975481212e-01   3.1117940790416143e+00   5.0000000000000000e+00
   1.2957665570050148e+00   3.1025206898581690e+00   5.0000000000000000e+00
   9.8026355977080026e+00   7.0753843557665181e+00   5.0000000000000000e+00
   9.9295426119676549e+00   9.4934858972737217e+00   5.0000000000000000e+00
   1.7012600415559376e+00   1.3092332484347358e+00   5.0000000000000000e+00
   2.2281476562875611e+00   2.8078125489817385e+00   5.0000000000000000e+00
   8.2181921143064489e+00   9.9525402184607437e+00   5.0000000000000000e+00
   9.5134331184268817e+00   7.0084259291496354e+00   5.0000000000000000e+00
   2.1795486879126380e+00   2.3411316732060006e+00   5.0000000000000000e+00
   6.7848234185884593e-01   3.9939890838222691e-01   5.0000000000000000e+00
   9.6753003934849762e+00   9.8260811063574458e+00   5.0000000000000000e+00
   8.1796587118126984e-01   1.4325260865947864e+00   5.0000000000000000e+00
   7.2337361164635547e+00   9.1701009744705466e+00   5.0000000000000000e+00
   8.6418142911290268e+00   8.3542303070768789e+00   5.0000000000000000e+00
   6.6839578101174881e+00   9.6142530561350892e+00   5.0000000000000000e+00
   7.9911837111989206e+00   8.0123760445974774e+00   5.0000000000000000e+00
   9.8115778823468620e+00   8.4417265441489580e+00   5.0000000000000000e+00
   7.4238318806194137e+00   9.8385500392885490e+00   5.0000000000000000e+00
   1.1940224546132472e+00   1.6402101999780017e+00   5.0000000000000000e+00
   9.8310458961045555e+00   9.9154072773644728e+00   5.0000000000000000e+00
   7.9981557206182909e+00   9.6349457618293890e+00   5.0000000000000000e+00
   2.9565504960901490e+00   3.1088144819353403e-02   5.0000000000000000e+00
   7.4377770839152699e+00   9.8574530092785952e+00   5.0000000000000000e+00
   6.9967324865308704e+00   8.8713853969382370e+00   5.0000000000000000e+00
   8.1556827023533867e+00   9.3062338347674771e+00   5.0000000000000000e+00
   1.1630682424206140e+00   3.4574796755941328e-01   5.0000000000000000e+00
   9.9943390833673043e+00   8.5511548019007275e+00   5.0000000000000000e+00
   9.5718960190224340e+00   9.3456584903457198e+00   5.0000000000000000e+00
   7.0075097248543248e+00   9.2497845629410786e+00   5.0000000000000000e+00
   7.8198858171391827e-01   3.6036939660205380e-01   5.0000000000000000e+00
   6.7286742422410502e+00   9.9944167393536141e+00   5.0000000000000000e+00
   2.7405427252470229e+00   1.2815843444570396e+00   5.0000000000000000e+00
   1.5767385280969648e+00   5.1197879920987899e-01   5.0000000000000000e+00
   5.1703198251593085e-01   1.0075113255692758e+00   5.0000000000000000e+00
   9.3073017151316577e+00   7.4616874405484790e+00   5.0000000000000000e+00
   8.5572474811781820e+00   8.1789803745882939e+00   5.0000000000000000e+00
   9.9709008759396394e+00   8.3394821414525921e+00   5.0000000000000000e+00
   7.3208355450452345e+00   8.3129397656447477e+00   5.0000000000000000e+00
   9.2597739888186439e+00   7.7702060215041522e+00   5.0000000000000000e+00
