   9.6846456868251996e-01   8.1178965379518999e+00   1.0000000000000000e+00
   1.7724431184844791e+00   8.3853037635694090e+00   1.0000000000000000e+00
   1.3701184636242536e+00   7.9445181103038607e+00   1.0000000000000000e+00
   7.9960074855865750e+00   1.5426787739097603e+00   1.0000000000000000e+00
   8.7162895122173811e+00   3.2277717943355091e+00   1.0000000000000000e+00
   2.0812419881936881e+00   7.8395746780134976e+00   1.0000000000000000e+00
   7.7404728760120172e+00   2.4989343802296036e+00   1.0000000000000000e+00
   1.3402017012984613e+00   8.3118929612280468e+00   1.0000000000000000e+00
   9.2325727015881598e-01   6.8641836767458821e+00   1.0000000000000000e+00
   5.3038046600927369e-01   7.7086853124443113e+00   1.0000000000000000e+00
   4.4992948794536636e-01   9.2902800872788482e+00   1.0000000000000000e+00
   3.4846431464328278e+00   9.5988477126065987e+00   1.0000000000000000e+00
   8.0208717980151754e+00   1.6451490042063766e+00   1.0000000000000000e+00
   8.7898975424209986e+00   2.7167094339306264e+00   1.0000000000000000e+00
   6.3747544677150492e-01   9.0337180404539055e+00   1.0000000000000000e+00
   6.9632832712872794e-01   6.6080921027026553e+00   1.0000000000000000e+00
   5.0040238907304579e-01   7.2656437314872244e+00   1.0000000000000000e+00
   2.0515747291292241e-01   7.0702065860537129e+00   1.0000000000000000e+00
   2.8425332159365890e+00   8.4585571128649946e+00   1.0000000000000000e+00
   2.1036865521840697e-02   9.9281371592310350e+00   1.0000000000000000e+00
   5.8006984282211183e-01   7.4766899396351159e+00   1.0000000000000000e+00
   9.8424931430122520e+00   1.9545352175332653e+00   1.0000000000000000e+00
   7.3420503478370103e+00   1.0001994502199762e+00   1.0000000000000000e+00
   1.0391615436165424e+00   8.2722373902398196e+00   1.0000000000000000e+00
   9.0922947687952966e+00   3.4661567882361508e+00   1.0000000000000000e+00
   6.7151841579788596e-01   6.8650665366483130e+00   1.0000000000000000e+00
   9.0157153777080730e+00   1.9454037756922393e+00   1.0000000000000000e+00
   2.8572231654717664e+00   8.6471861747566017e+00   1.0000000000000000e+00
   9.1619706111316983e+00   3.1482839588355382e+00   1.0000000000000000e+00
   1.8816098074485188e+00   9.8096723302383992e+00   1.0000000000000000e+00
   2.0891678396289661e+00   7.7579087524683654e+00   1.0000000000000000e+00
   1.2349965469555824e+00   6.6195630884264691e+00   1.0000000000000000e+00
   9.4748624412909539e+00   6.4782125965146875e-01   1.0000000000000000e+00
   2.0296699573488164e+00   9.9969865977316967e+00   1.0000000000000000e+00
   1.9963672724954507e+00   8.9835575966236334e+00   1.0000000000000000e+00
   1.3775874184294479e+00   6.9933545930283234e+00   1.0000000000000000e+00
   8.8617775798351506e+00   3.1674210396020639e+00   1.0000000000000000e+00
   7.0098785395842409e+00   5.6526493746467676e-01   1.0000000000000000e+00
   7.4355843307589717e+00   2.0898916028644301e+00   1.0000000000000000e+00
   8.8750692817865193e+00   3.0930893940350925e+00   1.0000000000000000e+00
   1.2055135459075805e+00   6.7126135968749976e+00   1.0000000000000000e+00
   2.1342119049947783e+00   9.2214021308032699e+00   1.0000000000000000e+00
   1.7961735844574378e+00   7.7114000460942052e+00   1.0000000000000000e+00
   5.1190264152880527e-02   7.2134394663449184e+00   1.0000000000000000e+00
   2.2362189113793574e+00   7.7125101749103733e+00   1.0000000000000000e+00
   1.4531553363361216e+00   8.2135518961102179e+00   1.0000000000000000e+00
   9.7577532597726204e+00   1.6968638978388928e+00   1.0000000000000000e+00
   8.8871857859111056e+00   1.4791281467206385e+00   1.0000000000000000e+00
   8.2206747714038482e+00   2.7053367719934949e+00   1.0000000000000000e+00
   7.9166108969021609e+00   1.3009745217237867e+00   1.0000000000000000e+00
   1.5061956018952716e+00   8.7308475857652503e+00   1.0000000000000000e+00
   2.6712148780429859e+00   7.8168370523797561e+00   1.0000000000000000e+00
   9.2291467244554326e+00   6.7485600682346547e-01   1.0000000000000000e+00
   9.1545182365943334e-01   6.9082649319975751e+00   1.0000000000000000e+00
   2.4405980583951803e+00   7.3452807376303531e+00   1.0000000000000000e+00
   8.1547517483625835e+00   1.5399556880858545e+00   1.0000000000000000e+00
   8.9728200283056232e+00   1.4135569592043506e+00   1.0000000000000000e+00
   4.1602674334345613e-01   6.5392743801787141e+00   1.0000000000000000e+00
   1.4829890749726116e+00   7.2904299645399551e+00   1.0000000000000000e+00
   2.1625642672411880e+00   9.5380790145878613e+00   1.0000000000000000e+00
   9.8729687353372135e+00   2.4014496583919245e+00   1.0000000000000000e+00
   6.9648231978450088e+00   2.0217755269429039e-01   1.0000000000000000e+00
   9.7900386222692788e+00   2.1776639434477918e+00   1.0000000000000000e+00
   1.7863833717800237e+00   7.9557628109946759e+00   1.0000000000000000e+00
   6.8626068843452090e+00   1.5829676721082986e+00   1.0000000000000000e+00
   7.1054902702317735e-01   9.3124973160701909e+00   1.0000000000000000e+00
   9.2064017897223032e+00   2.2456131786486488e+00   1.0000000000000000e+00
   2.5650947641034429e+00   8.0897289324268780e+00   1.0000000000000000e+00
   1.8436845341002639e+00   9.0218062193480630e+00   1.0000000000000000e+00
   7.0641825734820198e+00   1.2740252115298245e+00   1.0000000000000000e+00
   1.2390500183512243e+00   6.9251034853046880e+00   1.0000000000000000e+00
   8.9864922990300364e+00   9.1662340781675899e-01   1.0000000000000000e+00
   7.7235680734669798e-01   8.5330443366413018e+00   1.0000000000000000e+00
   1.6557034373096013e+00   9.2013284105414410e+00   1.0000000000000000e+00
   2.5255530998064604e+00   9.8559208985411502e+00   1.0000000000000000e+00
   8.9637265819684018e+00   1.4577037705567242e+00   1.0000000000000000e+00
   3.1001009108303625e+00   9.5783693237371121e+00   1.0000000000000000e+00
   7.2820416750097774e+00   2.0960139681657219e-01   1.0000000000000000e+00
   7.5467640444194908e+00   1.4676767509624111e+00   1.0000000000000000e+00
   9.5716802506187619e+00   7.6918551040169536e-01   1.0000000000000000e+00
   6.5999867686106315e+00   5.5675791483622561e-02   1.0000000000000000e+00
   8.0990469131670899e+00   7.7104939082543011e-01   1.0000000000000000e+00
   7.8046978215986957e+00   1.2675182667061768e+00   1.0000000000000000e+00
   1.5072525791446434e+00   9.0264548889836966e+00   1.0000000000000000e+00
   9.3716928832805273e+00   1.2650072600139628e+00   1.0000000000000000e+00
   6.0911084250463987e-01   7.3118097620990969e+00   1.0000000000000000e+00
   9.5039660559137928e-01   8.7494067160692008e+00   1.0000000000000000e+00
   6.1479226489481342e-01   6.5282442454251832e+00   1.0000000000000000e+00
   1.9784365931463610e+00   7.9631468159868710e+00   1.0000000000000000e+00
   2.2870252796475352e+00   7.6931702813726064e+00   1.0000000000000000e+00
   4.7963020681689783e-01   8.9045437376940910e+00   1.0000000000000000e+00
   9.8553117126523855e+00   3.6942077706938248e-01   1.0000000000000000e+00
   8.8471524979789944e+00   2.0022249854831111e+00   1.0000000000000000e+00
   2.2692577955163906e+00   8.5187253181854974e+00   1.0000000000000000e+00
   8.9074072863951983e+00   1.2328361334332671e+00   1.0000000000000000e+00
   6.3567149224578321e+00   3.7712692162569228e-01   1.0000000000000000e+00
   2.9478230875244451e+00   8.9995835175867533e+00   1.0000000000000000e+00
   2.0794276002215484e+00   8.0445603880528775e+00   1.0000000000000000e+00
   2.3700378279322933e+00   8.6455907668233056e+00   1.0000000000000000e+00
   1.5768193669694486e+00   9.4185651402578721e+00   1.0000000000000000e+00
   2.6679573235680722e+00   8.4655177421064085e+00   1.0000000000000000e+00
   9.8358219441719275e+00   2.2974609094028708e-01   1.0000000000000000e+00
   4.1263641531037898e-01   8.3204409704071249e+00   1.0000000000000000e+00
   2.1906661796508664e+00   8.0328187524062802e+00   1.0000000000000000e+00
   9.5634838687216339e-02   6.7947204122519009e+00   1.0000000000000000e+00
   8.3117802730915038e+00   1.7631268110802589e+00   1.0000000000000000e+00
   9.2979538995084852e+00   3.2882784939133067e+00   1.0000000000000000e+00
   9.4238018741296892e-01   7.3578456287981089e+00   1.0000000000000000e+00
   2.3171150960126696e+00   9.5124360618613402e+00   1.0000000000000000e+00
   7.4520691144834998e+00   1.0307298612141413e+00   1.0000000000000000e+00
   7.5294831679968333e+00   2.0174267864768360e+00   1.0000000000000000e+00
   8.4131312535293805e+00   2.9668600784898826e+00   1.0000000000000000e+00
   1.6449767985065444e+00   7.5642179161219829e+00   1.0000000000000000e+00
   8.7825777945058068e+00   2.7623625163568963e+00   1.0000000000000000e+00
   9.5321823146201954e+00   2.8819655628432872e+00   1.0000000000000000e+00
   7.9987097533197415e+00   2.8009035109312199e+00   1.0000000000000000e+00
   1.9231152803074414e-01   6.8516167771091041e+00   1.0000000000000000e+00
   9.9576110283718293e+00   6.2699209918192111e-01   1.0000000000000000e+00
   8.0325750834876146e+00   1.6525719976393516e+00   1.0000000000000000e+00
   3.1916226218777801e+00   8.7306549047603603e+00   1.0000000000000000e+00
   3.2366046023375006e-01   6.4741340113957291e+00   1.0000000000000000e+00
   8.6214057581924592e+00   2.7449784576315461e+00   1.0000000000000000e+00
   7.2927729922923179e+00   1.3964007466759465e+00   1.0000000000000000e+00
   7.2551955323851072e+00   9.5604998788700879e-03   1.0000000000000000e+00
   4.7624010322136034e-01   9.0859204289537256e+00   1.0000000000000000e+00
   8.9569066408143385e+00   2.4950790717346072e+00   1.0000000000000000e+00
   1.2899132856667128e+00   9.2617639038154529e+00   1.0000000000000000e+00
   1.8531036406596202e+00   8.0409376875456289e+00   1.0000000000000000e+00
   4.0958161254278314e-01   9.1496256441758934e+00   1.0000000000000000e+00
   8.3411317241565701e+00   2.1198429732176391e+00   1.0000000000000000e+00
   9.9840007037065277e+00   2.6473288248122238e+00   1.0000000000000000e+00
   1.0439184649591104e+00   7.6176832450353231e+00   1.0000000000000000e+00
   8.2858289733068045e+00   2.3878955231737886e+00   1.0000000000000000e+00
   1.3726262439617798e+00   7.5258902509771461e+00   1.0000000000000000e+00
   9.8210620033382785e+00   3.5981814067440165e-01   1.0000000000000000e+00
   1.8662786772087481e+00   8.9472587626551903e+00   1.0000000000000000e+00
   9.9574150363453633e+00   2.1596021269145949e-01   1.0000000000000000e+00
   3.2148575925077694e-01   7.5187860413147334e+00   1.0000000000000000e+00
   7.1793399691577275e-01   9.9339955091643937e+00   1.0000000000000000e+00
   8.5191756861878680e+00   1.4931387870593393e+00   1.0000000000000000e+00
   9.4814539098105186e+00   3.2628089472984936e+00   1.0000000000000000e+00
   5.5098192037563831e-01   7.0906799057510606e+00   1.0000000000000000e+00
   2.1057471538564676e+00   7.6814952956912252e+00   1.0000000000000000e+00
   8.8359263373013475e-01   7.0990737738950802e+00   1.0000000000000000e+00
   2.8453147029855073e+00   9.9857738741152620e+00   1.0000000000000000e+00
   9.1423733445362299e+00   2.8381954119104535e+00   1.0000000000000000e+00
   5.6630456190868150e-01   7.9771914416535230e+00   1.0000000000000000e+00
   6.6855461947255552e+00   1.2752209712473472e+00   1.0000000000000000e+00
   9.9633024300651325e+00   3.1980277474865182e+00   1.0000000000000000e+00
   7.6942489733039761e+00   1.2281405684747770e+00   1.0000000000000000e+00
   3.5868935619384947e+00   9.7705815629821355e+00   1.0000000000000000e+00
   9.9679493170996185e+00   1.4762597383412468e+00   1.0000000000000000e+00
   2.1593413218507020e+00   7.9178453485255540e+00   1.0000000000000000e+00
   6.9432777074502914e+00   1.4897825062060355e+00   1.0000000000000000e+00
   2.8947307312121229e+00   8.4352829060188501e+00   1.0000000000000000e+00
   9.1622749894942022e+00   1.9790412015890158e+00   1.0000000000000000e+00
   3.7460915229850422e+00   9.8096312566594968e+00   1.0000000000000000e+00
   9.8854671816888953e+00   3.0224184986819358e+00   1.0000000000000000e+00
   1.0846642948455054e+00   9.4547269347532890e+00   1.0000000000000000e+00
   6.1507250416561465e-02   8.5595446799358168e+00   1.0000000000000000e+00
   6.2649819590167741e+00   1.4564153018194803e-01   1.0000000000000000e+00
   7.7904623285394941e+00   1.6091457940966347e+00   1.0000000000000000e+00
   8.7767768150132097e-01   8.0475857750170139e+00   1.0000000000000000e+00
   8.6128697795846136e+00   1.3949407901689026e+00   1.0000000000000000e+00
   2.0810171551565171e-02   7.5785692538804481e+00   1.0000000000000000e+00
   1.8917586541760434e+00   8.8303512094790761e+00   1.0000000000000000e+00
   9.2865857871643502e+00   1.8168162014487543e+00   1.0000000000000000e+00
   1.0619833014263946e-01   9.0413984951169475e+00   1.0000000000000000e+00
   8.7172447280079837e+00   3.1205197867479284e+00   1.0000000000000000e+00
   8.1222933376370516e+00   3.0549061764328531e+00   1.0000000000000000e+00
   7.9460722369546701e+00   7.1371665715931343e-02   1.0000000000000000e+00
   3.1772839529877315e+00   9.4307638298381100e+00   1.0000000000000000e+00
   7.4518274847118668e+00   2.2432060805724072e+00   1.0000000000000000e+00
   7.1483253530039210e+00   1.1870713697947421e+00   1.0000000000000000e+00
   3.2430980595755510e+00   9.8889111225868493e+00   1.0000000000000000e+00
   7.9436422625385195e+00   2.2434094098074353e+00   1.0000000000000000e+00
   7.8903396593748987e+00   2.7326633997481666e+00   1.0000000000000000e+00
   8.4907951470792096e+00   2.5382988845252816e+00   1.0000000000000000e+00
   7.9460775884745125e+00   2.3293653205900600e-01   1.0000000000000000e+00
   8.6882115119825194e+00   1.6123612804873011e+00   1.0000000000000000e+00
   8.3018252788552331e+00   2.5143331956479642e+00   1.0000000000000000e+00
   2.6264513145593082e-01   6.3506438897247284e+00   1.0000000000000000e+00
   3.2504977457752302e+00   8.5050621378799569e+00   1.0000000000000000e+00
   3.2511293450575804e+00   9.1369226100061223e+00   1.0000000000000000e+00
   5.1242723227706843e-02   8.5913892781522669e+00   1.0000000000000000e+00
   1.5509902074841608e+00   7.2388358541280819e+00   1.0000000000000000e+00
   8.0492634890968873e+00   2.5665175475721522e+00   1.0000000000000000e+00
   9.2726086971985033e-01   7.0644640945785717e+00   1.0000000000000000e+00
   7.4347781672183579e+00   1.5109461935290369e+00   1.0000000000000000e+00
   5.0244539673791166e-01   6.4949876417814085e+00   1.0000000000000000e+00
   9.6255137168901168e+00   1.3347434919688517e+00   1.0000000000000000e+00
   9.4227255853151810e+00   1.2046133272149773e+00   1.0000000000000000e+00
   3.6169605034244103e+00   9.7663464682372805e+00   1.0000000000000000e+00
   6.3639844654647226e-01   7.5935579718195543e+00   1.0000000000000000e+00
   7.9968434703775015e+00   2.7802705767008282e+00   1.0000000000000000e+00
   8.0162991892537487e+00   2.7160619443447622e+00   1.0000000000000000e+00
   3.2446376102147867e+00   8.5777783193736674e+00   1.0000000000000000e+00
   3.1641462835882894e+00   8.7741153018634570e+00   1.0000000000000000e+00
   7.8170495181262400e-01   8.5511567926942273e+00   1.0000000000000000e+00
   2.6394099549940906e+00   8.4543367968143652e+00   1.0000000000000000e+00
   9.8814854181228160e+00   2.7348145525472378e+00   1.0000000000000000e+00
   8.4283698061729098e+00   9.3842768894796258e-02   1.0000000000000000e+00
   1.4369522767253928e+00   7.8170690715680626e+00   1.0000000000000000e+00
   1.7585886419056229e+00   8.7023755091893857e+00   1.0000000000000000e+00
   6.3977778818841067e+00   5.7466452042516436e-01   1.0000000000000000e+00
   2.4665776597900702e-01   6.6620215351357555e+00   1.0000000000000000e+00
   1.7871644045469370e-01   8.3013316669747699e+00   1.0000000000000000e+00
   1.0101694118578297e+00   8.3547627949661187e+00   1.0000000000000000e+00
   1.0252139910424507e-01   9.3297157714151560e+00   1.0000000000000000e+00
   7.2676187391466520e+00   4.0778554728173324e+00   2.0000000000000000e+00
   6.2060402003100936e+00   4.1523391841963333e+00   2.0000000000000000e+00
   1.2531757959389944e+00   5.3993949273044386e+00   2.0000000000000000e+00
   5.7594062094373202e+00   3.4472152749978022e+00   2.0000000000000000e+00
   6.6460250495041890e+00   3.2805125444306960e+00   2.0000000000000000e+00
   9.8567227665655661e+00   4.3946530660058034e+00   2.0000000000000000e+00
   1.8261765860443324e+00   5.8785727290760992e+00   2.0000000000000000e+00
   4.6646760367239555e+00   8.0758139247925982e+00   2.0000000000000000e+00
   2.5665791805552285e+00   7.1186634437544329e+00   2.0000000000000000e+00
   4.7064612418813221e+00   8.4772713170583174e+00   2.0000000000000000e+00
   4.5009141119414071e+00   9.6737565260672369e+00   2.0000000000000000e+00
   5.4593019958000886e+00   4.3726601688931388e-01   2.0000000000000000e+00
   5.5727023986607351e+00   1.0926943459784555e+00   2.0000000000000000e+00
   8.4219729115732829e+00   3.5254805255673958e+00   2.0000000000000000e+00
   3.5772984700697483e+00   8.1503229735250002e+00   2.0000000000000000e+00
   3.3140163831446356e+00   7.4620124664495924e+00   2.0000000000000000e+00
   1.6532351163203873e+00   6.5904788820067992e+00   2.0000000000000000e+00
   8.8299148724502103e+00   3.6076489292242888e+00   2.0000000000000000e+00
   4.6441233209082524e+00   8.1452602390934175e+00   2.0000000000000000e+00
   2.5001458659817666e+00   6.5381891012695545e+00   2.0000000000000000e+00
   1.8734043583160276e+00   5.6352339324553871e+00   2.0000000000000000e+00
   4.0237843019492106e+00   9.8985101609059853e+00   2.0000000000000000e+00
   3.3592789497087971e+00   8.6252928786664356e+00   2.0000000000000000e+00
   1.6688116396601771e+00   6.5545920525108006e+00   2.0000000000000000e+00
   6.0785895720986503e+00   2.6869577277191481e+00   2.0000000000000000e+00
   6.4002650653597062e+00   2.7997327250571100e+00   2.0000000000000000e+00
   2.7558578459325691e+00   6.6859524428951911e+00   2.0000000000000000e+00
   5.9688711353300397e+00   1.9891834842650669e+00   2.0000000000000000e+00
   3.4723410727243187e+00   7.0380917812444546e+00   2.0000000000000000e+00
   3.5148755745271099e+00   6.7085234618446252e+00   2.0000000000000000e+00
   9.6804761370887977e+00   4.7956518883824799e+00   2.0000000000000000e+00
   7.7146622054673228e+00   3.1280840861417927e+00   2.0000000000000000e+00
   7.7977257460677905e+00   4.1310990293926872e+00   2.0000000000000000e+00
   6.6705044365775477e+00   2.0123022931084922e+00   2.0000000000000000e+00
   6.5180988237489546e+00   2.7306339735651850e+00   2.0000000000000000e+00
   5.5562250919344516e+00   5.4328711308221589e-01   2.0000000000000000e+00
   6.3160079349713030e+00   2.5618767345633109e+00   2.0000000000000000e+00
   8.9434233108225829e+00   3.8231235696560182e+00   2.0000000000000000e+00
   5.9738216248182541e+00   2.4451161482508077e+00   2.0000000000000000e+00
   4.1780324713186676e+00   9.3239688318045815e+00   2.0000000000000000e+00
   1.2384101850734019e-01   5.6668037290577296e+00   2.0000000000000000e+00
   3.5366006006379447e+00   6.9156701244699885e+00   2.0000000000000000e+00
   2.1655313178254563e+00   7.0648976338172345e+00   2.0000000000000000e+00
   2.5219336045883600e+00   6.9938408324008048e+00   2.0000000000000000e+00
   3.0783221804812069e+00   6.8225226384940605e+00   2.0000000000000000e+00
   2.9303569915973937e-01   5.2900468819101656e+00   2.0000000000000000e+00
   1.2466836647168200e+00   6.1790524920692205e+00   2.0000000000000000e+00
   5.6098168238496759e+00   7.6992506007374284e-01   2.0000000000000000e+00
   1.0647948653155781e+00   5.4160801107733159e+00   2.0000000000000000e+00
   2.5310333659414330e+00   7.1484713537371807e+00   2.0000000000000000e+00
   3.1733472869924038e+00   6.5448122946473877e+00   2.0000000000000000e+00
   1.1814597752384481e+00   6.0109273535604482e+00   2.0000000000000000e+00
   7.4333240455175265e+00   4.0186380497463716e+00   2.0000000000000000e+00
   5.4002914538599445e+00   4.1426206236872876e-01   2.0000000000000000e+00
   8.7410652097254484e+00   3.4650453248905944e+00   2.0000000000000000e+00
   4.0127492749094760e+00   9.4457638639370227e+00   2.0000000000000000e+00
   2.8711351157209721e+00   5.5286240049654971e+00   2.0000000000000000e+00
   2.3722598111846613e+00   7.0055285499672282e+00   2.0000000000000000e+00
   6.9299394577006810e+00   2.2063847329389299e+00   2.0000000000000000e+00
   3.4258135841847173e+00   7.7351786500834949e+00   2.0000000000000000e+00
   8.2251252563221513e+00   4.4855234329839790e+00   2.0000000000000000e+00
   7.5766795992048781e+00   4.5715418133364487e+00   2.0000000000000000e+00
   9.2844747957956386e-02   5.4485980029025658e+00   2.0000000000000000e+00
   7.0101334761411929e+00   2.8722485785102645e+00   2.0000000000000000e+00
   6.3312086635271827e+00   1.6977705058949333e+00   2.0000000000000000e+00
   6.2896680419326136e+00   2.8744326483719052e+00   2.0000000000000000e+00
   4.2940520355957910e+00   6.6473332200711663e+00   2.0000000000000000e+00
   3.4356987800576055e+00   8.8278577924601027e+00   2.0000000000000000e+00
   2.8994412285030977e+00   5.7446589816774329e+00   2.0000000000000000e+00
   5.7752989509257970e+00   1.2005344537195994e+00   2.0000000000000000e+00
   8.0637194447326852e+00   4.5172697150092809e+00   2.0000000000000000e+00
   5.7510326354877419e+00   7.2893771796839202e-02   2.0000000000000000e+00
   7.8720812606661026e+00   3.0227325969375518e+00   2.0000000000000000e+00
   9.3869809910451458e+00   4.3558286723402908e+00   2.0000000000000000e+00
   1.3337121261717433e+00   5.6673357217060483e+00   2.0000000000000000e+00
   1.7054097416868341e+00   5.7684619218859634e+00   2.0000000000000000e+00
   7.1005614620224202e+00   4.5032655614082193e+00   2.0000000000000000e+00
   3.8885313793057175e+00   7.5251551177453262e+00   2.0000000000000000e+00
   6.2567911090064303e+00   2.8031833457649666e+00   2.0000000000000000e+00
   6.2883346646298381e+00   2.9523665118236364e+00   2.0000000000000000e+00
   7.4376988279447476e+00   3.1165340664058281e+00   2.0000000000000000e+00
   4.2587711986707442e+00   6.6132351580727677e+00   2.0000000000000000e+00
   6.0289068804819843e+00   1.5103898851555608e-01   2.0000000000000000e+00
   6.4399803618842544e+00   2.3090421373500449e+00   2.0000000000000000e+00
   3.3267981627701406e+00   5.6842697080984461e+00   2.0000000000000000e+00
   6.7859768225445976e+00   4.1402034008559818e+00   2.0000000000000000e+00
   1.9666077755963229e+00   5.5607532436329681e+00   2.0000000000000000e+00
   6.7194431423865844e+00   4.0262534881351471e+00   2.0000000000000000e+00
   7.1344572827349504e+00   2.9781049797531631e+00   2.0000000000000000e+00
   3.0482152341014288e+00   7.6227613678708295e+00   2.0000000000000000e+00
   7.3624861937898025e+00   2.6014051576313779e+00   2.0000000000000000e+00
   6.2800884991967809e+00   3.2957547809562513e+00   2.0000000000000000e+00
   5.8308224890089413e+00   2.1763236626562676e+00   2.0000000000000000e+00
   5.4909730167454143e+00   1.2412421164973753e+00   2.0000000000000000e+00
   3.2961213850868809e+00   6.1797156694522970e+00   2.0000000000000000e+00
   3.1990049298497389e+00   6.6980830138707725e+00   2.0000000000000000e+00
   8.4039842354606336e+00   3.4944604942236746e+00   2.0000000000000000e+00
   5.9538635455521884e+00   3.1471012498703366e+00   2.0000000000000000e+00
   6.0405089750319689e+00   2.2413466342864941e+00   2.0000000000000000e+00
   2.9690221813178197e+00   5.8302544020072151e+00   2.0000000000000000e+00
   4.4559823168455113e+00   8.3919556497832311e+00   2.0000000000000000e+00
   2.2153166360703458e+00   6.7355970926371072e+00   2.0000000000000000e+00
   4.4226754382773246e+00   9.7910346095380980e+00   2.0000000000000000e+00
   1.6765032190187001e+00   5.8585287887249269e+00   2.0000000000000000e+00
   3.9706556988216004e+00   8.7141040809618264e+00   2.0000000000000000e+00
   1.7641535787059648e+00   5.3388558719939985e+00   2.0000000000000000e+00
   5.5844905847858861e+00   9.8688710096557219e-02   2.0000000000000000e+00
   6.0265682292477933e+00   1.8689547759572100e+00   2.0000000000000000e+00
   3.2869143019217653e+00   7.0222883683703694e+00   2.0000000000000000e+00
   4.5160659729899209e+00   7.2070855110083762e+00   2.0000000000000000e+00
   3.3667042151563695e+00   6.8453949887502610e+00   2.0000000000000000e+00
   4.7394466348728672e+00   8.9982260775150600e+00   2.0000000000000000e+00
   4.3452151223881685e+00   7.5942661103941500e+00   2.0000000000000000e+00
   4.2129326753130751e+00   9.2228463494505295e+00   2.0000000000000000e+00
   4.4440463323522934e+00   7.2880678207324090e+00   2.0000000000000000e+00
   9.2523319002901534e+00   4.3744543366709259e+00   2.0000000000000000e+00
   5.7009994985231929e+00   3.4607584192081475e+00   2.0000000000000000e+00
   5.7548591570911753e+00   2.6354891968982330e-01   2.0000000000000000e+00
   8.7924059055894492e+00   4.0165713176524473e+00   2.0000000000000000e+00
   6.8837338093597520e+00   3.0332175084211732e+00   2.0000000000000000e+00
   2.3387900840623042e+00   7.2378478163543178e+00   2.0000000000000000e+00
   4.3642590302338204e+00   9.8936066290069142e+00   2.0000000000000000e+00
   5.6131754298782690e+00   2.1793405468768356e+00   2.0000000000000000e+00
   6.3996125274520494e+00   3.6464279183172819e+00   2.0000000000000000e+00
   6.1530997886412218e+00   1.3537510220338378e+00   2.0000000000000000e+00
   9.7310395952881379e-01   6.0680028581468353e+00   2.0000000000000000e+00
   8.5708765161308520e+00   3.4238811617682883e+00   2.0000000000000000e+00
   2.1666163202898514e+00   6.6581061508148167e+00   2.0000000000000000e+00
   5.1542033760680339e-01   5.3778289568478819e+00   2.0000000000000000e+00
   3.7930917190055338e+00   8.4676087801131086e+00   2.0000000000000000e+00
   1.9057573593052146e+00   5.7274631774026012e+00   2.0000000000000000e+00
   1.9392393036184608e+00   6.9425042480965882e+00   2.0000000000000000e+00
   4.5091354361999976e+00   6.8521763418084269e+00   2.0000000000000000e+00
   8.7078550819340830e+00   4.2942050021447065e+00   2.0000000000000000e+00
   3.1709046186244683e+00   6.1369436953614889e+00   2.0000000000000000e+00
   1.7250387537361467e+00   6.4882127837817594e+00   2.0000000000000000e+00
   3.6453543907789197e+00   8.8294333148521726e+00   2.0000000000000000e+00
   7.4781080814483145e+00   2.9324434154742853e+00   2.0000000000000000e+00
   3.6943939706063436e+00   8.3587197359442094e+00   2.0000000000000000e+00
   9.8813493275742932e+00   3.8277502397295002e+00   2.0000000000000000e+00
   2.4211245442733889e+00   6.2414253330071521e+00   2.0000000000000000e+00
   6.3762711700131387e+00   3.8518084376728536e+00   2.0000000000000000e+00
   1.9488133867833646e+00   6.8916891460094831e+00   2.0000000000000000e+00
   4.4232928289777487e+00   9.2317559090875374e+00   2.0000000000000000e+00
   2.9812067394767086e+00   5.9415408727309913e+00   2.0000000000000000e+00
   7.1532191118558011e+00   2.3490363246841062e+00   2.0000000000000000e+00
   7.9454630352457478e+00   3.8081278417509754e+00   2.0000000000000000e+00
   6.7104183942518238e+00   2.2200128451196455e+00   2.0000000000000000e+00
   7.1280661458384733e+00   3.6632691183673840e+00   2.0000000000000000e+00
   7.9988266370258474e+00   3.7084964028217038e+00   2.0000000000000000e+00
   1.5360761768680697e+00   6.1993318881392767e+00   2.0000000000000000e+00
   2.2488081214416553e+00   5.9509103102420671e+00   2.0000000000000000e+00
   7.0995110301018070e+00   4.3461988816730770e+00   2.0000000000000000e+00
   5.2513411747980188e+00   3.4585329241966889e-01   2.0000000000000000e+00
   4.1441920248355801e+00   8.1369900772577228e+00   2.0000000000000000e+00
   6.5609805927272644e+00   1.1809211359197247e+00   2.0000000000000000e+00
   6.0809039438735013e+00   2.7993865730966769e+00   2.0000000000000000e+00
   3.0192361561363432e+00   7.4284066342752304e+00   2.0000000000000000e+00
   5.9273056030477118e+00   2.7487746398695290e+00   2.0000000000000000e+00
   4.1269033339230186e+00   7.1022519988931743e+00   2.0000000000000000e+00
   3.1129812861533046e+00   5.7914762429193898e+00   2.0000000000000000e+00
   1.8420701633466652e+00   5.3790102719062629e+00   2.0000000000000000e+00
   2.9763047090899963e+00   7.0003353942291628e+00   2.0000000000000000e+00
   2.8881348321171818e+00   5.5176873090972087e+00   2.0000000000000000e+00
   8.6270082617743196e+00   3.6909626159703657e+00   2.0000000000000000e+00
   6.6257263994812803e+00   4.1626540823931970e+00   2.0000000000000000e+00
   5.8553830243086002e+00   4.6005427775775098e-01   2.0000000000000000e+00
   9.9533965035123764e+00   4.7180686982815896e+00   2.0000000000000000e+00
   6.6798480748524334e+00   2.7323180963753249e+00   2.0000000000000000e+00
   3.7462270578955623e+00   7.7354038653146482e+00   2.0000000000000000e+00
   3.1833935842223324e+00   6.5284080354605001e+00   2.0000000000000000e+00
   7.3630358830233500e-01   5.4787072691983427e+00   2.0000000000000000e+00
   3.6060012922401130e+00   5.7111373958623055e+00   2.0000000000000000e+00
   3.6671571561005081e+00   6.3682007652311459e+00   2.0000000000000000e+00
   6.1623481407713268e+00   2.5653234585703877e+00   2.0000000000000000e+00
   5.8021884187116965e+00   1.0416351466842477e+00   2.0000000000000000e+00
   4.3170828050479120e+00   7.6758814031496625e+00   2.0000000000000000e+00
   9.1845085786272840e+00   4.3386530976460138e+00   2.0000000000000000e+00
   1.2949533562924331e+00   5.5946455712703802e+00   2.0000000000000000e+00
   7.9365401384733545e+00   3.9271123971721797e+00   2.0000000000000000e+00
   2.1686013998139231e+00   5.8195689575775775e+00   2.0000000000000000e+00
   1.1754985852871302e+00   6.1335109274687571e+00   2.0000000000000000e+00
   7.9193935906094239e+00   4.3169393187012792e+00   2.0000000000000000e+00
   1.0832183043078492e+00   5.6257634624491049e+00   2.0000000000000000e+00
   6.6979733005029356e+00   2.2892816911152316e+00   2.0000000000000000e+00
   6.2226259616667186e+00   1.7529613087727047e+00   2.0000000000000000e+00
   3.0834866877504985e+00   6.8794099587788011e+00   2.0000000000000000e+00
   5.8545344624628681e+00   1.5205789005268122e+00   2.0000000000000000e+00
   6.6933335798076756e+00   1.6452508117457754e+00   2.0000000000000000e+00
   2.3375530883036379e+00   5.5647912234297632e+00   2.0000000000000000e+00
   6.4785401538110445e+00   2.1330529776991778e+00   2.0000000000000000e+00
   9.4509440744021109e+00   4.0067176776465638e+00   2.0000000000000000e+00
   5.6877897008110683e+00   7.5613666882179853e-01   2.0000000000000000e+00
   1.0282545210075800e+00   6.1216437597576432e+00   2.0000000000000000e+00
   3.4865136376302797e+00   6.0780359664020960e+00   2.0000000000000000e+00
   6.0199249130271273e+00   2.6861613569594764e+00   2.0000000000000000e+00
   8.7941295705920339e+00   4.5972161678942829e+00   2.0000000000000000e+00
   8.7011970325429608e+00   4.7395444237389475e+00   2.0000000000000000e+00
   5.2497353887330647e+00   4.3149267328636220e-01   2.0000000000000000e+00
   7.1960623569309980e+00   2.6479703224292961e+00   2.0000000000000000e+00
   4.1926259936553301e+00   7.4680281424327095e+00   2.0000000000000000e+00
   4.0915626451559994e+00   8.9718072132680522e+00   2.0000000000000000e+00
   8.2805723637585960e+00   3.4570430068363009e+00   2.0000000000000000e+00
   3.9097289667369903e+00   7.1789858576110426e+00   2.0000000000000000e+00
   3.6198602623521712e+00   7.9423086754552568e+00   2.0000000000000000e+00
   9.9097052701528270e+00   4.2861293419666584e+00   2.0000000000000000e+00
   6.4738643973586321e+00   2.8719359181618822e+00   2.0000000000000000e+00
   5.9716193441560517e+00   2.3410378216929084e+00   2.0000000000000000e+00
   5.7050144257198108e+00   3.2148411717686032e+00   2.0000000000000000e+00
   4.3663818153698442e+00   9.2240330343441741e+00   2.0000000000000000e+00
   7.9696445222686521e+00   4.5211765378246351e+00   2.0000000000000000e+00
   5.5546023139638656e+00   4.0942493724168685e+00   3.0000000000000000e+00
   4.4859340635013654e+00   3.4568248844921525e+00   3.0000000000000000e+00
   4.9481611736523181e+00   6.7726858622588226e+00   3.0000000000000000e+00
   4.5103011314579611e+00   4.5367271583865332e+00   3.0000000000000000e+00
   2.9626946745650837e+00   4.6261402507386142e+00   3.0000000000000000e+00
   4.7201724760007870e+00   6.4909807292657948e+00   3.0000000000000000e+00
   4.8579411012750642e+00   8.3754391309905141e-01   3.0000000000000000e+00
   7.6146081563778409e+00   5.1092234185582042e+00   3.0000000000000000e+00
   1.2935545879900490e+00   5.0149948679384151e+00   3.0000000000000000e+00
   4.3310291774776575e+00   3.5694551300754931e+00   3.0000000000000000e+00
   8.1803020105626576e+00   4.8690138769844040e+00   3.0000000000000000e+00
   7.0829082290091119e+00   4.6968538256193408e+00   3.0000000000000000e+00
   3.7953740217135410e+00   5.2199843658812304e+00   3.0000000000000000e+00
   4.2307662144277955e+00   4.9268966794175659e+00   3.0000000000000000e+00
   5.1640626156800167e+00   6.5900709554440464e+00   3.0000000000000000e+00
   5.1156217795605130e+00   3.1637042472177992e+00   3.0000000000000000e+00
   4.7327243866652768e+00   2.5189855720960299e+00   3.0000000000000000e+00
   3.4278976923702453e+00   4.0482059527939960e+00   3.0000000000000000e+00
   4.4294747465364024e+00   6.4299322830686103e+00   3.0000000000000000e+00
   2.2668176386149841e+00   4.5100920968987754e+00   3.0000000000000000e+00
   5.2288832992514802e+00   5.9133724157669354e+00   3.0000000000000000e+00
   4.6766943484787635e+00   5.1846754695584991e+00   3.0000000000000000e+00
   4.9158632537004729e+00   2.7977883938267247e+00   3.0000000000000000e+00
   4.5315072103206164e+00   1.8359810499521145e+00   3.0000000000000000e+00
   4.8649146729327697e+00   7.4767329021356055e+00   3.0000000000000000e+00
   6.2858823281287615e+00   5.9827721380263776e+00   3.0000000000000000e+00
   4.9424510713005478e+00   9.5541691662862060e+00   3.0000000000000000e+00
   4.9477597292248667e+00   3.6205489309782104e+00   3.0000000000000000e+00
   6.0881133748089491e+00   6.2575647840657194e+00   3.0000000000000000e+00
   4.5204055532458280e+00   5.9589852504609917e+00   3.0000000000000000e+00
   5.9087709326165498e+00   5.5255187639512924e+00   3.0000000000000000e+00
   3.9334086361795384e+00   3.7762899040260223e+00   3.0000000000000000e+00
   8.2681887961099054e+00   4.7777608368969817e+00   3.0000000000000000e+00
   5.3628845872418669e+00   3.4226698288199984e+00   3.0000000000000000e+00
   7.7789330350605450e+00   5.4982752754977318e+00   3.0000000000000000e+00
   4.4412237716041307e+00   2.6063283988246742e+00   3.0000000000000000e+00
   6.2817785805978277e+00   4.8639595627331325e+00   3.0000000000000000e+00
   4.1520913690854897e+00   4.4097376628263927e+00   3.0000000000000000e+00
   5.2730471098404426e+00   5.7501674515132093e+00   3.0000000000000000e+00
   3.4056937260661204e+00   4.7868323132980368e+00   3.0000000000000000e+00
   8.8904665797502211e+00   5.2501356199452829e+00   3.0000000000000000e+00
   6.8489496377008408e+00   5.2167577036651593e+00   3.0000000000000000e+00
   5.2085582165551596e+00   4.0212626512227247e+00   3.0000000000000000e+00
   5.2596511520946079e+00   5.1311648599399984e+00   3.0000000000000000e+00
   4.2640040584390260e+00   3.0803173491102633e+00   3.0000000000000000e+00
   4.8146497630215288e+00   4.0486093619053909e+00   3.0000000000000000e+00
   5.0426065921195198e+00   9.2594712462295998e+00   3.0000000000000000e+00
   8.2255153581993117e+00   4.7838618853873003e+00   3.0000000000000000e+00
   5.2898545353958690e+00   1.9507322476129185e+00   3.0000000000000000e+00
   3.7309854923870334e+00   4.7760964110298278e+00   3.0000000000000000e+00
   5.1284216415092265e+00   5.9232032647290689e+00   3.0000000000000000e+00
   5.8843135719529505e+00   5.5040646495680337e+00   3.0000000000000000e+00
   9.3939038776837798e+00   5.0062381601202723e+00   3.0000000000000000e+00
   5.3336475856937646e+00   8.5064042928961463e+00   3.0000000000000000e+00
   5.4099319727970308e+00   4.5314118074048162e+00   3.0000000000000000e+00
   4.8508823899351192e+00   2.2560410743778614e+00   3.0000000000000000e+00
   5.6904240807224173e+00   5.1503906058359767e+00   3.0000000000000000e+00
   6.4622989611278729e+00   5.1914964882086245e+00   3.0000000000000000e+00
   6.6689099664962797e+00   4.6954121157941611e+00   3.0000000000000000e+00
   4.4256512581787044e+00   5.8103622753745965e+00   3.0000000000000000e+00
   7.8768758432066130e+00   4.9089993052781233e+00   3.0000000000000000e+00
   1.5957583841439438e+00   4.7023054320174307e+00   3.0000000000000000e+00
   4.7833453450097920e+00   7.0079641262118972e+00   3.0000000000000000e+00
   6.9483537453594701e-01   4.7158726569016292e+00   3.0000000000000000e+00
   4.9893434055305663e+00   7.2192437801098812e+00   3.0000000000000000e+00
   4.6614855272960281e+00   3.6670450322400026e+00   3.0000000000000000e+00
   4.2526286702903571e+00   3.7864937882401284e+00   3.0000000000000000e+00
   4.9907082042745268e+00   2.8423616781256236e+00   3.0000000000000000e+00
   5.2579156364855582e+00   6.4788397837373424e+00   3.0000000000000000e+00
   9.0966519589225925e+00   5.2433907358062557e+00   3.0000000000000000e+00
   4.5779030964974741e+00   3.3428347484361409e+00   3.0000000000000000e+00
   1.2627030104816384e+00   4.8039968342655239e+00   3.0000000000000000e+00
   4.4066627407240198e+00   5.2599239273323910e+00   3.0000000000000000e+00
   4.9076756842722276e+00   1.4626930270567196e+00   3.0000000000000000e+00
   4.1298297977548621e+00   3.8192617681915708e+00   3.0000000000000000e+00
   5.0941619069303172e+00   7.8864993367323173e+00   3.0000000000000000e+00
   4.8045064484201703e+00   1.0286495338053148e+00   3.0000000000000000e+00
   5.7803593262200899e+00   4.2587682949093093e+00   3.0000000000000000e+00
   6.3218129537221657e+00   5.5447899599567503e+00   3.0000000000000000e+00
   4.9872739941485058e+00   7.4646084655224403e+00   3.0000000000000000e+00
   4.8863404074812919e+00   3.2449915400686735e+00   3.0000000000000000e+00
   4.7646898873380659e+00   1.9665022420720635e+00   3.0000000000000000e+00
   4.1824718711307574e+00   5.2985932968670912e+00   3.0000000000000000e+00
   4.6329650770939494e+00   5.2489238042939856e+00   3.0000000000000000e+00
   3.8216727944737605e+00   4.5835179204504577e+00   3.0000000000000000e+00
   7.0856529022146306e+00   5.1942905763334499e+00   3.0000000000000000e+00
   7.0045471441197105e-01   4.8944014676496099e+00   3.0000000000000000e+00
   7.1678662983420320e+00   4.6006274545179604e+00   3.0000000000000000e+00
   5.7209245996814184e+00   5.9787601672761088e+00   3.0000000000000000e+00
   4.6487546440156189e+00   6.0608493780386175e+00   3.0000000000000000e+00
   3.5426063232393035e+00   4.6785720102691331e+00   3.0000000000000000e+00
   4.8602007765081057e+00   9.4340230304731669e+00   3.0000000000000000e+00
   4.6862516997127663e+00   7.5423404887886578e+00   3.0000000000000000e+00
   7.5938066598621585e+00   4.9198882342655894e+00   3.0000000000000000e+00
   5.2187040808580019e+00   1.2367786108914025e+00   3.0000000000000000e+00
   7.7518533936131604e+00   5.0679201729433352e+00   3.0000000000000000e+00
   4.4607066804192987e+00   4.6476149633815940e+00   3.0000000000000000e+00
   3.9178399878999945e+00   5.6238146340706159e+00   3.0000000000000000e+00
   7.6257333681457951e+00   5.2132484499917258e+00   3.0000000000000000e+00
   4.6890975980997007e+00   7.5834941417701449e+00   3.0000000000000000e+00
   5.3106587884890111e+00   8.2218682312820253e+00   3.0000000000000000e+00
   6.0368812383974069e+00   5.6401826686620984e+00   3.0000000000000000e+00
   2.2230774845869128e+00   4.5363202957483022e+00   3.0000000000000000e+00
   7.9070398609021142e+00   4.8103209406343330e+00   3.0000000000000000e+00
   6.6544193498145674e+00   4.5691222635979631e+00   3.0000000000000000e+00
   3.7491849117414180e+00   3.9775648947828968e+00   3.0000000000000000e+00
   5.2840843085290459e+00   2.6053213391333285e+00   3.0000000000000000e+00
   5.0854879888307565e+00   5.0799306282130701e+00   3.0000000000000000e+00
   5.1917150508476917e+00   5.2667155845635873e+00   3.0000000000000000e+00
   9.5484545884337524e-01   4.9936964952428315e+00   3.0000000000000000e+00
   5.5056589393299298e+00   5.6990784097591298e+00   3.0000000000000000e+00
   4.8285503989932632e+00   5.3953754448038325e+00   3.0000000000000000e+00
   6.7941908983028210e+00   5.5505243458413043e+00   3.0000000000000000e+00
   4.8345495372031682e+00   1.9359996502681243e+00   3.0000000000000000e+00
   6.8728989592566752e+00   5.4879953317717076e+00   3.0000000000000000e+00
   6.7340063279038231e+00   5.4709770775017788e+00   3.0000000000000000e+00
   4.9463958371088603e+00   9.0018911503101897e+00   3.0000000000000000e+00
   3.8565859101632549e+00   3.9818063906567378e+00   3.0000000000000000e+00
   4.2362440067548661e+00   4.0237525236101002e+00   3.0000000000000000e+00
   8.1311311223170541e+00   5.4421362929372794e+00   3.0000000000000000e+00
   4.6028584455196961e+00   2.2225084057747435e+00   3.0000000000000000e+00
   3.8160378769980796e+00   4.5806031385237320e+00   3.0000000000000000e+00
   5.5002951858145455e+00   4.2296885666172681e+00   3.0000000000000000e+00
   4.3875968091709847e+00   3.8855106783600846e+00   3.0000000000000000e+00
   6.1987895772942565e+00   4.2774782656049890e+00   3.0000000000000000e+00
   4.2802863426862174e+00   3.0945283994345951e+00   3.0000000000000000e+00
   5.4128809116126462e+00   8.2011293480291041e+00   3.0000000000000000e+00
   4.4083519701934692e+00   3.7057920881647211e+00   3.0000000000000000e+00
   7.0114378317384887e+00   4.5828066502584601e+00   3.0000000000000000e+00
   5.0120707146215153e+00   1.9152123765545592e+00   3.0000000000000000e+00
   1.6817578714711834e+00   4.5966071054974567e+00   3.0000000000000000e+00
   1.4761689108075127e+00   4.9603101408159223e+00   3.0000000000000000e+00
   5.2057614583570997e+00   9.3943736973914174e+00   3.0000000000000000e+00
   2.6450628831984524e+00   5.3115488870605310e+00   3.0000000000000000e+00
   1.6183392818699249e+00   4.6583879080431911e+00   3.0000000000000000e+00
   5.5601337514586575e+00   6.0848028068701758e+00   3.0000000000000000e+00
   6.4307988236719762e+00   5.2851810559290682e+00   3.0000000000000000e+00
   8.4866928598255527e+00   5.0536286238329122e+00   3.0000000000000000e+00
   3.8652854895074427e+00   4.9544049153689498e+00   3.0000000000000000e+00
   5.0795245997696465e+00   6.8059693542681243e+00   3.0000000000000000e+00
   5.4253045444556678e+00   4.4060185209111369e+00   3.0000000000000000e+00
   5.3515238134529151e+00   8.8994761244471690e+00   3.0000000000000000e+00
   5.2632493170447949e+00   9.6441060534839096e+00   3.0000000000000000e+00
   4.8926837037646358e+00   4.8879187628996901e-01   3.0000000000000000e+00
   3.8003916295727826e+00   4.5827381736066650e+00   3.0000000000000000e+00
   2.0734404092431822e+00   4.8037443791754031e+00   3.0000000000000000e+00
   4.5561034000308460e+00   6.2023195646930489e+00   3.0000000000000000e+00
   4.2341682545333335e+00   3.8338533588617754e+00   3.0000000000000000e+00
   5.1795354281671742e+00   9.8698357663289791e+00   3.0000000000000000e+00
   4.9821857713767370e+00   2.6450502678385481e+00   3.0000000000000000e+00
   3.5566815765254844e+00   4.4024034075123453e+00   3.0000000000000000e+00
   7.9786133914467463e+00   5.4574273543088285e+00   3.0000000000000000e+00
   4.9836643066341422e+00   3.2091020738048415e+00   3.0000000000000000e+00
   5.3212630786431969e+00   3.1589041109883365e+00   3.0000000000000000e+00
   8.5598204915186500e+00   5.0645545489201300e+00   3.0000000000000000e+00
   5.5580638470323676e+00   4.5261237556609855e+00   3.0000000000000000e+00
   7.0548328511166023e+00   4.5780345531411628e+00   3.0000000000000000e+00
   4.9859088226914654e+00   1.2324812694135434e-01   3.0000000000000000e+00
   5.1377400423897015e+00   2.8086574593812164e+00   3.0000000000000000e+00
   5.4263842706120187e+00   4.6301964062189018e+00   3.0000000000000000e+00
   5.1738616180229782e+00   5.6352371119631179e+00   3.0000000000000000e+00
   5.1151929712756701e+00   5.3877848586529886e-02   3.0000000000000000e+00
   6.3328532307636642e+00   4.5142093440034561e+00   3.0000000000000000e+00
   5.2520491313683841e+00   2.5750301980756909e+00   3.0000000000000000e+00
   5.0049914203838863e+00   7.5442186994818874e+00   3.0000000000000000e+00
   4.6095155808172947e+00   6.8612721427152543e+00   3.0000000000000000e+00
   2.3024944519617128e+00   5.0473039180196064e+00   3.0000000000000000e+00
   7.0390122215343096e+00   5.7192146047408476e+00   3.0000000000000000e+00
   4.6493710521741658e+00   2.0480334578876338e+00   3.0000000000000000e+00
   5.7646486320866321e+00   4.7548261705530726e+00   3.0000000000000000e+00
   5.4925037742664218e+00   7.6720113169870965e+00   3.0000000000000000e+00
   4.3609177122345599e+00   5.6611771136433164e+00   3.0000000000000000e+00
   5.0328385463580432e+00   3.1957804256617441e+00   3.0000000000000000e+00
   5.8107873524262192e+00   5.2560033161596067e+00   3.0000000000000000e+00
   4.6544903713894250e+00   2.3548758147208937e+00   3.0000000000000000e+00
   5.0139121316991115e+00   5.0747833783154999e+00   3.0000000000000000e+00
   5.7768833275149856e+00   4.3762262525389879e+00   3.0000000000000000e+00
   1.7017428926584377e+00   5.1072177548813436e+00   3.0000000000000000e+00
   6.0230755011804931e+00   7.9845159693327901e+00   4.0000000000000000e+00
   5.6843600798644536e+00   9.2797479814499759e+00   4.0000000000000000e+00
   6.9256727728391709e+00   5.8452742497489130e+00   4.0000000000000000e+00
   9.6321187268179980e+00   5.7755227783769687e+00   4.0000000000000000e+00
   7.4017123543049443e+00   7.3671935658458656e+00   4.0000000000000000e+00
   8.0647922846371003e+00   6.8684786395218334e+00   4.0000000000000000e+00
   3.1544414549704483e+00   3.8789624185598912e+00   4.0000000000000000e+00
   9.9876849554152365e+00   5.9482142144897150e+00   4.0000000000000000e+00
   6.6788352242627980e+00   6.2937199305481979e+00   4.0000000000000000e+00
   3.5410446298644960e+00   2.8008751255866970e+00   4.0000000000000000e+00
   1.5335013244460172e+00   4.0658973062261179e+00   4.0000000000000000e+00
   1.5843508145512586e+00   4.0789596462444777e+00   4.0000000000000000e+00
   8.2104542318952092e+00   6.1970633644001865e+00   4.0000000000000000e+00
   1.1277647598189378e+00   4.5900919544170282e+00   4.0000000000000000e+00
   5.4030540002902647e+00   9.4301369754165911e+00   4.0000000000000000e+00
   5.7784378640064649e+00   7.8815315143638660e+00   4.0000000000000000e+00
   4.3270835435171362e+00   1.1087677855508671e+00   4.0000000000000000e+00
   8.4691766382670757e+00   6.5319442406309491e+00   4.0000000000000000e+00
   5.7912731151175549e+00   7.3481405076232402e+00   4.0000000000000000e+00
   2.2856734059920192e+00   3.7421143715681318e+00   4.0000000000000000e+00
   5.3340526921243576e+00   9.8143605441405040e+00   4.0000000000000000e+00
   4.4417416283230153e+00   2.0213610229156078e+00   4.0000000000000000e+00
   3.6843139022624860e+00   1.7555949585800312e+00   4.0000000000000000e+00
   2.9268747739796588e+00   3.6319752331514610e+00   4.0000000000000000e+00
   6.0626910313191456e+00   8.0766358309837099e+00   4.0000000000000000e+00
   2.4538691651938560e-02   4.5166442813830701e+00   4.0000000000000000e+00
   3.7953808858326878e+00   2.2912481493212966e+00   4.0000000000000000e+00
   4.3053558411880291e+00   1.8093281624746116e+00   4.0000000000000000e+00
   1.0534936731054523e+00   4.4719866058320044e+00   4.0000000000000000e+00
   9.3139179991347003e+00   5.4829786968173675e+00   4.0000000000000000e+00
   2.2491042466001812e+00   3.6891749061796677e+00   4.0000000000000000e+00
   8.5918663725042439e+00   5.8221096490939814e+00   4.0000000000000000e+00
   7.8721363520015579e+00   5.9243268516126797e+00   4.0000000000000000e+00
   1.3749993314538389e+00   3.5848352963740759e+00   4.0000000000000000e+00
   3.8373991200332549e+00   2.3847857653235360e+00   4.0000000000000000e+00
   1.0534961535496823e+00   4.4594646365075263e+00   4.0000000000000000e+00
   5.8242435168815430e+00   9.5403603501391707e+00   4.0000000000000000e+00
   9.3776045842146587e+00   5.9527195164521647e+00   4.0000000000000000e+00
   6.8034142267825128e+00   5.9513483437060257e+00   4.0000000000000000e+00
   2.5253708472735670e+00   2.7271570286783096e+00   4.0000000000000000e+00
   8.0974825399671193e+00   6.5821260397861172e+00   4.0000000000000000e+00
   5.5056815898188969e+00   9.9113205310374255e+00   4.0000000000000000e+00
   6.0527642039318321e+00   8.0773839188164001e+00   4.0000000000000000e+00
   4.4845442662710697e+00   1.3440235927059685e+00   4.0000000000000000e+00
   3.0158224269685396e-01   4.4759968729861992e+00   4.0000000000000000e+00
   3.3662294464980267e+00   3.0430224186047736e+00   4.0000000000000000e+00
   6.6794609226162658e+00   8.1397529427142281e+00   4.0000000000000000e+00
   3.9977731171875366e+00   9.0699234151490393e-01   4.0000000000000000e+00
   9.3722051276855129e+00   5.9210529229297260e+00   4.0000000000000000e+00
   5.5096404688379339e+00   8.7057277174771173e+00   4.0000000000000000e+00
   8.4833198289483325e-01   4.4104484276490652e+00   4.0000000000000000e+00
   5.7723928338878219e+00   7.9836535778528237e+00   4.0000000000000000e+00
   5.6550917536410150e+00   9.2151166526413615e+00   4.0000000000000000e+00
   7.8449765974586079e+00   5.7261694455439196e+00   4.0000000000000000e+00
   4.4681026993014612e+00   2.0914047806550240e+00   4.0000000000000000e+00
   8.8331718796298127e+00   5.5655154141066436e+00   4.0000000000000000e+00
   6.1973483296815282e+00   9.5947429414278247e+00   4.0000000000000000e+00
   5.2061052891528070e-01   4.2042489543770145e+00   4.0000000000000000e+00
   6.6246802552498529e+00   7.9025426607632383e+00   4.0000000000000000e+00
   6.7232478814275556e+00   8.2423493793916727e+00   4.0000000000000000e+00
   7.9826676040435451e+00   5.9530424649552058e+00   4.0000000000000000e+00
   6.4686373272255686e+00   9.0132609462856443e+00   4.0000000000000000e+00
   6.6492415943227705e+00   8.6570166233299410e+00   4.0000000000000000e+00
   8.0761311499730457e+00   6.8247193017094174e+00   4.0000000000000000e+00
   5.5887067919567688e+00   8.4953708078440435e+00   4.0000000000000000e+00
   3.2583377403274358e+00   2.6470769730665236e+00   4.0000000000000000e+00
   1.2310119514778028e+00   4.3981368725484593e+00   4.0000000000000000e+00
   7.3718332757136746e+00   7.0084399876264056e+00   4.0000000000000000e+00
   7.9182423807763938e+00   6.2042560145243701e+00   4.0000000000000000e+00
   3.8810848074895721e+00   3.1855139962598455e+00   4.0000000000000000e+00
   5.7127284547508772e+00   7.4250807768271274e+00   4.0000000000000000e+00
   4.3927604948708154e+00   1.5507407480657109e+00   4.0000000000000000e+00
   8.4573367676018734e+00   5.8808777212921202e+00   4.0000000000000000e+00
   6.2389121367784628e-01   3.6774594493695059e+00   4.0000000000000000e+00
   5.7141691375104138e+00   9.7344486999347897e+00   4.0000000000000000e+00
   8.8549133846016677e+00   6.5397278762609057e+00   4.0000000000000000e+00
   9.4183847358302986e-01   3.7167365676841779e+00   4.0000000000000000e+00
   8.6000315207939799e+00   5.9537984377859559e+00   4.0000000000000000e+00
   3.5374611150237465e+00   1.5370048749593279e+00   4.0000000000000000e+00
   8.9645168617761559e+00   5.6671051752349051e+00   4.0000000000000000e+00
   5.5376927258556021e+00   8.8900575022887338e+00   4.0000000000000000e+00
   7.7421273628492537e+00   6.6193175919026137e+00   4.0000000000000000e+00
   5.8189792759887284e+00   7.6963654792816900e+00   4.0000000000000000e+00
   2.6736539909274972e+00   3.2350002226745711e+00   4.0000000000000000e+00
   6.8565178082299703e+00   6.9865110259454042e+00   4.0000000000000000e+00
   8.6086878527295490e+00   5.9589987523355790e+00   4.0000000000000000e+00
   3.9259316142987064e+00   2.8623910561805763e+00   4.0000000000000000e+00
   8.5074190820030378e+00   5.8825895713677383e+00   4.0000000000000000e+00
   4.3422937660756453e+00   1.6629805112014395e+00   4.0000000000000000e+00
   8.5114062330779952e+00   6.3585715001506156e+00   4.0000000000000000e+00
   1.2297286625444392e+00   4.4231166250301275e+00   4.0000000000000000e+00
   2.8092227090561539e+00   3.9284792984318093e+00   4.0000000000000000e+00
   5.9467055745859279e+00   7.7992048280989028e+00   4.0000000000000000e+00
   6.0548857027983445e+00   8.1573001081257939e+00   4.0000000000000000e+00
   6.4293071408703764e+00   8.5076939138831289e+00   4.0000000000000000e+00
   3.7385943403580923e+00   2.1950929480411796e+00   4.0000000000000000e+00
   7.0372555244947659e+00   6.8283425981870929e+00   4.0000000000000000e+00
   3.0126576221568255e+00   2.0748062068769988e+00   4.0000000000000000e+00
   1.9793689977376183e-01   4.2257359413578950e+00   4.0000000000000000e+00
   6.6539049957822973e+00   5.9069617605078086e+00   4.0000000000000000e+00
   9.4788708006014861e+00   6.0603213952312851e+00   4.0000000000000000e+00
   3.4590015833772059e+00   2.5075905570249790e+00   4.0000000000000000e+00
   3.1687912320724019e+00   2.2053295223694325e+00   4.0000000000000000e+00
   8.6838309636066686e+00   6.1148537567163173e+00   4.0000000000000000e+00
   6.4164084937920141e+00   8.3242695894574652e+00   4.0000000000000000e+00
   3.1267363759427624e-01   3.8351915504464018e+00   4.0000000000000000e+00
   3.5076230366648575e+00   1.8242649414191725e+00   4.0000000000000000e+00
   4.3154833014058647e-01   3.8747240155728999e+00   4.0000000000000000e+00
   6.0972287255389910e+00   7.4791299474115567e+00   4.0000000000000000e+00
   5.8869059331956315e+00   8.1037171890525848e+00   4.0000000000000000e+00
   5.6999624996738065e+00   7.5543571073090288e+00   4.0000000000000000e+00
   6.6809757527067486e+00   7.6205660717459134e+00   4.0000000000000000e+00
   4.0549285030756312e+00   1.4734632267042269e+00   4.0000000000000000e+00
   4.1144554796213928e-01   4.1089801362734315e+00   4.0000000000000000e+00
   9.9000259681003886e+00   5.7133246271150808e+00   4.0000000000000000e+00
   3.6707968175610208e+00   1.2309639717463505e+00   4.0000000000000000e+00
   6.3114115985327066e+00   7.2909853078807361e+00   4.0000000000000000e+00
   6.7473420868641645e+00   6.3838673012960427e+00   4.0000000000000000e+00
   3.5036545072167913e-02   4.6809374627829374e+00   4.0000000000000000e+00
   9.5640160846296034e+00   5.3671883484822782e+00   4.0000000000000000e+00
   3.4054760439791840e+00   2.9807750080497852e+00   4.0000000000000000e+00
   6.2775800398502088e+00   7.2238059666200503e+00   4.0000000000000000e+00
   4.4947977985323009e+00   1.0606180830005396e+00   4.0000000000000000e+00
   5.8129665724542443e+00   9.5720745695530471e+00   4.0000000000000000e+00
   5.8305401847292000e+00   8.0900298123008856e+00   4.0000000000000000e+00
   3.3896150526119770e+00   2.6092516383846007e+00   4.0000000000000000e+00
   6.7809042281166576e+00   7.7999631279062296e+00   4.0000000000000000e+00
   7.0723595750488135e+00   6.5133197784393273e+00   4.0000000000000000e+00
   8.8740090591181584e+00   5.8608752919288563e+00   4.0000000000000000e+00
   3.0753585126217264e+00   2.2864874321895732e+00   4.0000000000000000e+00
   3.6921624432900160e+00   1.2485417129776100e+00   4.0000000000000000e+00
   4.0054866354860543e+00   1.0681081324089126e+00   4.0000000000000000e+00
   8.0520195732581019e+00   6.7306214178358816e+00   4.0000000000000000e+00
   3.5275364657391339e+00   9.2793739628630911e-01   4.0000000000000000e+00
   3.6272172404058689e+00   6.3863127288489308e-01   4.0000000000000000e+00
   2.8910254848920056e+00   4.1681210987736854e+00   4.0000000000000000e+00
   8.1945361757108537e-01   3.8288014240189283e+00   4.0000000000000000e+00
   2.7512722878411324e+00   3.2096259386545158e+00   4.0000000000000000e+00
   4.0123630252852358e+00   3.2496754333743993e+00   4.0000000000000000e+00
   2.8295679765939017e+00   3.2464167368813559e+00   4.0000000000000000e+00
   5.6542480499567569e+00   9.1927300857567413e+00   4.0000000000000000e+00
   9.0429136983363079e-01   4.3014957274011723e+00   4.0000000000000000e+00
   7.1847469999601437e+00   7.6640757834128799e+00   4.0000000000000000e+00
   2.8628894479811882e+00   2.7635451791014698e+00   4.0000000000000000e+00
   1.9348027630499587e+00   4.0226013384168375e+00   4.0000000000000000e+00
   8.4361581274975759e+00   6.7400118583959037e+00   4.0000000000000000e+00
   3.5867899283937597e+00   3.8312541561091242e+00   4.0000000000000000e+00
   2.9071508903310450e+00   3.6092894811944287e+00   4.0000000000000000e+00
   2.8785558474885162e+00   3.3711436064811604e+00   4.0000000000000000e+00
   3.6300477960957442e+00   1.9618085800067075e+00   4.0000000000000000e+00
   5.9770561501799975e+00   6.8283364862310494e+00   4.0000000000000000e+00
   1.7681060439095808e+00   3.9674692159363611e+00   4.0000000000000000e+00
   8.8088298271357446e-01   3.6566632191108939e+00   4.0000000000000000e+00
   1.8026348586960961e+00   3.9913256248329345e+00   4.0000000000000000e+00
   7.1381213853720116e+00   7.0197541608049150e+00   4.0000000000000000e+00
   3.4130662573780643e+00   3.0374428398993492e+00   4.0000000000000000e+00
   8.0815435542928817e+00   6.4271593834227216e+00   4.0000000000000000e+00
   7.0020232364948516e+00   6.8660993310569403e+00   4.0000000000000000e+00
   6.4501475057979496e+00   8.1148239864040335e+00   4.0000000000000000e+00
   7.2283076509990787e+00   5.7950744769046016e+00   4.0000000000000000e+00
   5.7075571251914559e+00   8.8739154676112246e+00   4.0000000000000000e+00
   4.4522831134243983e+00   1.3713718025026411e-01   4.0000000000000000e+00
   7.0661929568853026e+00   7.5923561999484690e+00   4.0000000000000000e+00
   1.1185569100605419e+00   3.9929885955457154e+00   4.0000000000000000e+00
   7.2502557163372385e+00   6.1759627053074153e+00   4.0000000000000000e+00
   4.0770089654426176e+00   2.2980578069258071e+00   4.0000000000000000e+00
   3.9401540568246340e+00   2.0142221730123477e+00   4.0000000000000000e+00
   4.0424612972919984e+00   1.9792709441280942e+00   4.0000000000000000e+00
   6.2836399706894328e+00   7.3684821146934549e+00   4.0000000000000000e+00
   3.0729809569860067e+00   2.8640582603366802e+00   4.0000000000000000e+00
   9.3747654449708975e+00   5.9908710609422231e+00   4.0000000000000000e+00
   1.9131515887606387e+00   3.1809407322768957e+00   4.0000000000000000e+00
   6.1852828189064235e+00   7.9666215520634243e+00   4.0000000000000000e+00
   6.6238296368826943e-01   4.5277069188049071e+00   4.0000000000000000e+00
   5.8672322313040981e+00   7.8789779963441084e+00   4.0000000000000000e+00
   3.6881010803918466e+00   2.5606851159624022e+00   4.0000000000000000e+00
   8.1142863258022953e+00   6.0547182159287765e+00   4.0000000000000000e+00
   8.0623200572285096e+00   6.7629282402769810e+00   4.0000000000000000e+00
   6.5447655742899071e+00   8.0828860925723394e+00   4.0000000000000000e+00
   6.1924067474554576e+00   7.8401818871009663e+00   4.0000000000000000e+00
   6.1455223768076230e+00   6.7831195426341164e+00   4.0000000000000000e+00
   1.6474507787443549e+00   4.0447622887388057e+00   4.0000000000000000e+00
   3.0881299082014522e+00   3.0039777489468156e+00   4.0000000000000000e+00
   5.8725716765166265e+00   7.6843185759978425e+00   4.0000000000000000e+00
   6.8626561201377374e+00   7.4709601993424481e+00   4.0000000000000000e+00
   3.2206213735248799e+00   4.1039797189232710e+00   4.0000000000000000e+00
   4.3380736436149592e-01   4.3272086239783558e+00   4.0000000000000000e+00
   6.3002420679775861e+00   7.0886049957101882e+00   4.0000000000000000e+00
   7.8923544739139539e-01   2.9250868780767258e+00   5.0000000000000000e+00
   9.7896779619687013e-01   2.7720156588689004e+00   5.0000000000000000e+00
   9.9148374342251060e+00   6.7249920412721877e+00   5.0000000000000000e+00
   5.1656520706324649e-02   6.5109378036371068e-01   5.0000000000000000e+00
   9.4639565037049724e+00   8.3400810327442017e+00   5.0000000000000000e+00
   7.2763786510640616e+00   8.9199034996689015e+00   5.0000000000000000e+00
   7.3878568915920262e+00   8.1964104295539428e+00   5.0000000000000000e+00
   1.1802787650803037e+00   2.8519332506313022e+00   5.0000000000000000e+00
   1.6262469971584892e+00   2.6591977794561283e+00   5.0000000000000000e+00
   3.0826575380214050e+00   7.7326555232187566e-01   5.0000000000000000e+00
   8.4241846215921630e+00   9.6301533153196068e+00   5.0000000000000000e+00
   9.2274792091184601e+00   7.5732414906852092e+00   5.0000000000000000e+00
   1.7135763046299024e+00   2.2090928221057862e+00   5.0000000000000000e+00
   1.7594105336049215e-01   2.2213023150456470e+00   5.0000000000000000e+00
   9.6310641677591882e+00   9.0461655766509903e+00   5.0000000000000000e+00
   9.4808993255038949e+00   7.6027427352200361e+00   5.0000000000000000e+00
   3.1929164585818293e-01   3.2930326093127160e+00   5.0000000000000000e+00
   2.9164931554483644e+00   6.7968747309690047e-01   5.0000000000000000e+00
   9.1869945093112229e+00   9.1761800983805202e+00   5.0000000000000000e+00
   2.5001343900475992e+00   4.5135274694588112e-01   5.0000000000000000e+00
   8.3758066119133883e+00   9.7276309975239528e+00   5.0000000000000000e+00
   2.0416015912848984e+00   1.1224838980618745e+00   5.0000000000000000e+00
   9.0703305598159290e+00   8.7344597246344193e+00   5.0000000000000000e+00
   8.1342986643235005e+00   8.1114576679734398e+00   5.0000000000000000e+00
   8.8021246766126602e+00   7.4872926333423830e+00   5.0000000000000000e+00
   9.6074429305506328e+00   7.7498798284803865e+00   5.0000000000000000e+00
   1.3132432924805726e+00   5.0444047005234749e-01   5.0000000000000000e+00
   5.3393693887209492e-01   8.6279935109143335e-01   5.0000000000000000e+00
   9.1180691066993589e+00   6.8461702812567014e+00   5.0000000000000000e+00
   9.3079756415300512e+00   8.6550235148551877e+00   5.0000000000000000e+00
   6.7848234185884593e-01   3.9939890838222691e-01   5.0000000000000000e+00
   9.5986692565986189e+00   9.0494291865327785e+00   5.0000000000000000e+00
   9.5700073337726685e+00   8.1487195528663587e+00   5.0000000000000000e+00
   8.3300693788813991e+00   9.2106769819760217e+00   5.0000000000000000e+00
   1.7584813995677029e+00   1.3200314413456149e-01   5.0000000000000000e+00
   1.8589359008646711e+00   2.9848999065360093e-01   5.0000000000000000e+00
   2.1398846716548281e+00   1.3700842544143554e+00   5.0000000000000000e+00
   1.0172940285780796e+00   1.8481688559150833e+00   5.0000000000000000e+00
   3.4286376320111112e-01   2.3448290068780588e+00   5.0000000000000000e+00
   8.7021505758946880e+00   6.6274181944822921e+00   5.0000000000000000e+00
   9.3470931499452590e+00   8.7996639678209618e+00   5.0000000000000000e+00
   2.6187134381566168e+00   2.3714132555873713e+00   5.0000000000000000e+00
   1.1217908488341122e+00   2.4752393983878740e-01   5.0000000000000000e+00
   1.3677388596888895e+00   1.9771874031121117e+00   5.0000000000000000e+00
   2.0675598496850434e+00   6.6643477061090195e-02   5.0000000000000000e+00
   1.6230369766738506e+00   1.3495471556528371e+00   5.0000000000000000e+00
   2.7489916856165864e-01   3.5172231527492102e+00   5.0000000000000000e+00
   7.3546302019758647e-01   2.3145861646966992e+00   5.0000000000000000e+00
   9.5153020164963262e+00   9.0543389203634170e+00   5.0000000000000000e+00
   1.9826862578516768e+00   5.9611083269272003e-01   5.0000000000000000e+00
   8.2509996013428246e+00   7.9908840831366854e+00   5.0000000000000000e+00
   2.0878785928662005e+00   2.5103902571997674e+00   5.0000000000000000e+00
   9.6723180919067531e+00   7.1648791119903041e+00   5.0000000000000000e+00
   8.7985439779451085e+00   6.9137968435783108e+00   5.0000000000000000e+00
   9.2470619695048448e+00   7.2101761545790266e+00   5.0000000000000000e+00
   1.6797343098474082e+00   8.2111850984656232e-01   5.0000000000000000e+00
   9.8687631594475640e+00   7.8461916343564511e+00   5.0000000000000000e+00
   1.0011643211350019e+00   1.8017496452909043e+00   5.0000000000000000e+00
   3.0649948678906922e+00   3.6536086461060657e-01   5.0000000000000000e+00
   6.9605708920007272e+00   8.5271617568160138e+00   5.0000000000000000e+00
   1.5457505186766751e+00   1.7279071454060890e+00   5.0000000000000000e+00
   3.4251188640352059e+00   2.2067998028883151e-01   5.0000000000000000e+00
   5.4293021112636675e-01   1.8135553262459825e+00   5.0000000000000000e+00
   5.0659391355489136e-01   2.0779679869986509e+00   5.0000000000000000e+00
   8.4994275465688069e+00   8.0757288085544499e+00   5.0000000000000000e+00
   3.4617060837482150e+00   2.8283676751537534e-01   5.0000000000000000e+00
   1.6943240656754421e+00   2.2496049865602052e-01   5.0000000000000000e+00
   9.8431437341003321e+00   8.1198882382182980e+00   5.0000000000000000e+00
   8.7168478238325235e+00   9.3536362521560150e+00   5.0000000000000000e+00
   2.0205027618280336e+00   1.2086152725787835e-01   5.0000000000000000e+00
   1.1833692258983186e+00   3.3506554175565517e+00   5.0000000000000000e+00
   7.6184662660596656e+00   7.5249345903588116e+00   5.0000000000000000e+00
   2.6291540506543232e+00   2.2270242536774951e+00   5.0000000000000000e+00
   8.2384944440352932e+00   8.8104746738242916e+00   5.0000000000000000e+00
   9.5935968337843356e+00   9.4233625982665199e+00   5.0000000000000000e+00
   5.9624345099893006e-01   1.3872433626940783e+00   5.0000000000000000e+00
   9.3601802029980838e+00   6.4594207231641008e+00   5.0000000000000000e+00
   1.3406779547158920e+00   3.0832619072380538e+00   5.0000000000000000e+00
   3.7443875550164405e+00   9.7118952826402705e-03   5.0000000000000000e+00
   8.9189475420555713e+00   7.6515909381024114e+00   5.0000000000000000e+00
   9.8327373758287742e+00   6.6895950923905527e+00   5.0000000000000000e+00
   9.5269919388662156e+00   8.6664378708130378e+00   5.0000000000000000e+00
   7.0647327128889188e+00   9.5464454855184275e+00   5.0000000000000000e+00
   5.5182110988716393e-01   1.3050133631457250e+00   5.0000000000000000e+00
   7.2437976888109903e+00   8.7594245682015561e+00   5.0000000000000000e+00
   9.9847347417019403e+00   8.9214092124830842e+00   5.0000000000000000e+00
   9.3976107384342882e+00   6.9432424475504533e+00   5.0000000000000000e+00
   2.4835504919836229e+00   5.1566354293691163e-01   5.0000000000000000e+00
   4.4662050355645522e-01   2.8355585897882332e+00   5.0000000000000000e+00
   5.9900826066371482e-01   1.5380258299142380e+00   5.0000000000000000e+00
   1.2666259007831970e+00   9.0929077675164671e-01   5.0000000000000000e+00
   2.8681605524227214e+00   2.0194387860147889e+00   5.0000000000000000e+00
   9.3948430443622009e+00   9.4111324102689835e+00   5.0000000000000000e+00
   6.9635639462320187e+00   9.0332771226494248e+00   5.0000000000000000e+00
   7.4302551921502626e+00   8.9228951909462069e+00   5.0000000000000000e+00
   8.0942673457367196e+00   9.9070692377133422e+00   5.0000000000000000e+00
   8.8317244260378533e+00   9.4241273506490337e+00   5.0000000000000000e+00
   9.8976385289246096e+00   9.2617842085777760e+00   5.0000000000000000e+00
   7.7316310780456146e+00   9.1643642613508582e+00   5.0000000000000000e+00
   9.1175237358625942e+00   7.1658976878634206e+00   5.0000000000000000e+00
   1.3302563128745870e+00   5.7566865043715665e-01   5.0000000000000000e+00
   8.1515695203641840e+00   8.0152731312604235e+00   5.0000000000000000e+00
   8.1483677982151033e+00   7.8663769846103984e+00   5.0000000000000000e+00
   1.3872240455341145e+00   6.8522265364698409e-01   5.0000000000000000e+00
   5.1385721798124950e-01   7.8947813962745195e-01   5.0000000000000000e+00
   2.5176514323538681e+00   4.8173623961423218e-01   5.0000000000000000e+00
   1.7625383921175330e+00   1.7998626882999691e-01   5.0000000000000000e+00
   8.2145998534295050e-01   7.1551839876153212e-01   5.0000000000000000e+00
   5.5490238714120732e-01   3.1651037603687202e+00   5.0000000000000000e+00
   8.7668100018464390e+00   8.1261749115202999e+00   5.0000000000000000e+00
   8.8059612422728382e+00   9.6428333450376673e+00   5.0000000000000000e+00
   8.1034209223186213e+00   7.9028075167943248e+00   5.0000000000000000e+00
   8.7734965554757132e+00   6.6387632058622810e+00   5.0000000000000000e+00
   9.0895146248832148e+00   7.5742690896602021e+00   5.0000000000000000e+00
   3.0070568685074859e+00   1.3899819190737717e+00   5.0000000000000000e+00
   9.8783277485886938e+00   7.2122323994727910e+00   5.0000000000000000e+00
   1.0378460700948988e+00   9.8524523862367652e-01   5.0000000000000000e+00
   7.7003525143765454e+00   7.9171215741998155e+00   5.0000000000000000e+00
   1.6797978242285327e+00   5.7523195992276843e-01   5.0000000000000000e+00
   7.5639346444077393e+00   8.0008470327981520e+00   5.0000000000000000e+00
   1.6648987563634243e+00   2.5045259817241528e+00   5.0000000000000000e+00
   2.2729491784571798e+00   1.4345454277930392e+00   5.0000000000000000e+00
   9.2838460574202131e+00   7.4469920518477730e+00   5.0000000000000000e+00
   4.3164490029711233e-02   1.4906784423152719e+00   5.0000000000000000e+00
   9.8464495634046241e+00   7.2187984079900698e+00   5.0000000000000000e+00
   7.7569121748754331e+00   9.8247919815191800e+00   5.0000000000000000e+00
   8.9958659861934578e+00   7.7379160150496720e+00   5.0000000000000000e+00
   2.2474820678190177e-01   7.4207481632126648e-01   5.0000000000000000e+00
   9.1206681036825739e+00   8.4157741360146723e+00   5.0000000000000000e+00
   9.6031479230276382e+00   6.7965255962491806e+00   5.0000000000000000e+00
   9.7465155916693966e+00   6.7299041609712482e+00   5.0000000000000000e+00
   7.1176387468450661e+00   8.8570402905580039e+00   5.0000000000000000e+00
   8.7089922141978686e+00   9.1570346037259736e+00   5.0000000000000000e+00
   1.1638816707205024e+00   3.0383032983431093e+00   5.0000000000000000e+00
   2.2244970570880684e+00   7.7160848280729444e-01   5.0000000000000000e+00
   1.6083885169794276e+00   6.6045561437745759e-01   5.0000000000000000e+00
   8.0183330975264315e+00   7.8571899427108258e+00   5.0000000000000000e+00
   8.4534049121914867e-01   6.4691553276005731e-01   5.0000000000000000e+00
   8.7179050028520422e+00   8.7344079577551064e+00   5.0000000000000000e+00
   8.8069460256251162e+00   6.9606520718348488e+00   5.0000000000000000e+00
   3.2367652116989278e+00   1.4587179414260409e+00   5.0000000000000000e+00
   1.7975655876914221e+00   2.5415729559799907e+00   5.0000000000000000e+00
   9.8446003098322947e+00   7.0080852507977305e+00   5.0000000000000000e+00
   7.9657354227317096e+00   7.6924014930821141e+00   5.0000000000000000e+00
   8.6505211071127626e+00   9.7198862626790756e+00   5.0000000000000000e+00
   3.1371256339081111e-02   1.5962005072273955e+00   5.0000000000000000e+00
   8.2209928277313216e-01   2.2169643607211298e-01   5.0000000000000000e+00
   7.0804380941950260e+00   9.9095390948498316e+00   5.0000000000000000e+00
   6.4537535599934559e+00   9.6157230720874125e+00   5.0000000000000000e+00
   6.9275900259856971e-01   2.3090766648623906e+00   5.0000000000000000e+00
   1.6568830591575967e+00   1.8245642072676782e+00   5.0000000000000000e+00
   6.8230171887512503e+00   9.7487575264750621e+00   5.0000000000000000e+00
   9.5010340237915063e+00   9.3830727200619375e+00   5.0000000000000000e+00
   2.8476734667205439e+00   1.2712879845116820e-01   5.0000000000000000e+00
   6.2932974840694511e+00   9.8239813927477186e+00   5.0000000000000000e+00
   4.6692801056768873e-01   3.0793224617135073e-01   5.0000000000000000e+00
   9.3789072377400213e+00   6.7872975780450311e+00   5.0000000000000000e+00
   8.5777811167606224e+00   7.5770878880474699e+00   5.0000000000000000e+00
   3.1703544391561325e+00   3.2514181841402201e-01   5.0000000000000000e+00
   7.8943585736124557e+00   8.9719580572247200e+00   5.0000000000000000e+00
   8.9596750947412023e+00   8.5771142124786106e+00   5.0000000000000000e+00
   8.6336822155598139e+00   6.8742762913123565e+00   5.0000000000000000e+00
   6.2997826977900906e-01   1.5953754058853553e+00   5.0000000000000000e+00
   6.4458223131459551e+00   9.4164507791569161e+00   5.0000000000000000e+00
   9.5103819299909347e+00   6.8411272205863476e+00   5.0000000000000000e+00
   7.3096072940154713e+00   7.7875787861173542e+00   5.0000000000000000e+00
   7.8865743920205365e+00   7.3645664273234974e+00   5.0000000000000000e+00
   1.8112429347978920e+00   3.0905923215013118e+00   5.0000000000000000e+00
   6.3527558594430236e+00   9.5699835981595989e+00   5.0000000000000000e+00
   9.5779959218168624e+00   7.4085393934038883e+00   5.0000000000000000e+00
   7.1230085520311484e+00   8.6328981424428104e+00   5.0000000000000000e+00
   7.4007433436621302e+00   8.1025915802184123e+00   5.0000000000000000e+00
   8.6496417680538080e+00   7.3219453429098982e+00   5.0000000000000000e+00
   9.8717234640413598e-01   2.4452960879981491e+00   5.0000000000000000e+00
   8.6974685816338688e+00   7.2750733779133769e+00   5.0000000000000000e+00
   7.8966989139467714e+00   8.7701586826982130e+00   5.0000000000000000e+00
   6.9087375366481849e+00   8.5244942986978440e+00   5.0000000000000000e+00
   2.0246861925467963e+00   1.4351725542233762e+00   5.0000000000000000e+00
   8.4199603451014031e+00   9.1313720823427449e+00   5.0000000000000000e+00
   9.4606512795781805e-02   1.5973416101562399e+00   5.0000000000000000e+00
   2.0467692991668471e+00   1.5045729076024750e-01   5.0000000000000000e+00
   1.0692884314049800e+00   3.3131847634479206e+00   5.0000000000000000e+00
   9.1891039204513199e+00   8.1276294845959232e+00   5.0000000000000000e+00
   1.6145924787118959e+00   2.6978483359820338e+00   5.0000000000000000e+00
   2.7047182897521616e-01   1.3674516279969651e+00   5.0000000000000000e+00
   9.6338541693938797e+00   6.4791011815293640e+00   5.0000000000000000e+00
   8.7223234451546379e+00   7.3689313505910778e+00   5.0000000000000000e+00
   3.4529098302715830e+00   8.4097652867464179e-01   5.0000000000000000e+00
   7.2449133876496408e+00   8.0487150124647595e+00   5.0000000000000000e+00
   8.2449889377776611e+00   7.6492414465282286e+00   5.0000000000000000e+00
   9.9498816420058063e+00   9.4777193149954098e+00   5.0000000000000000e+00
   2.0945318338659389e+00   2.1300421522998656e+00   5.0000000000000000e+00
   2.6977253361439999e+00   5.1829039605716054e-01   5.0000000000000000e+00
   1.6572892912175252e+00   1.1413031620801051e+00   5.0000000000000000e+00
   9.1687769124337777e+00   9.8591440723570436e+00   5.0000000000000000e+00
   6.9967324865308704e+00   8.8713853969382370e+00   5.0000000000000000e+00
   8.7866713341027225e+00   7.4035741824232311e+00   5.0000000000000000e+00
   2.6830451234572950e-02   2.7204507424596280e+00   5.0000000000000000e+00
   7.7402076263809789e+00   9.2243547252065223e+00   5.0000000000000000e+00
   7.5363100285462012e+00   9.9118551333230300e+00   5.0000000000000000e+00
   8.0395190623624853e+00   9.3915723722099607e+00   5.0000000000000000e+00
   7.0568385435199055e-01   1.5620655924270888e+00   5.0000000000000000e+00
   7.4055953849224521e+00   9.9969838884705933e+00   5.0000000000000000e+00
   1.0639476415476923e+00   2.5732644494848733e+00   5.0000000000000000e+00
   1.2981970661297693e-01   8.8260585647483958e-01   5.0000000000000000e+00
   8.2600808978414761e+00   7.8764294011801939e+00   5.0000000000000000e+00
   7.9369815846809812e+00   9.1557408475933393e+00   5.0000000000000000e+00
   1.9036253924745394e+00   8.5387836101588510e-01   5.0000000000000000e+00
   2.1623592784947574e+00   2.2261352527331169e+00   5.0000000000000000e+00
   2.6953167794440014e-01   1.6756976410430602e+00   5.0000000000000000e+00
   3.7431025137248941e-02   3.0172843681135211e+00   5.0000000000000000e+00
   9.1164720590340060e+00   9.0470220446560106e+00   5.0000000000000000e+00
   9.4018171489901032e+00   7.3421289038945687e+00   5.0000000000000000e+00
   9.7235134130511476e+00   8.6289266333186898e+00   5.0000000000000000e+00
