   3.4286409836998488e+00   8.8339130981124505e+00   1.0000000000000000e+00
   1.5177560464211404e+00   9.4986996003137847e+00   1.0000000000000000e+00
   1.7014254968461962e+00   9.7838725448002872e+00   1.0000000000000000e+00
   3.4327548930466634e+00   9.6260344473610093e+00   1.0000000000000000e+00
   9.8220925036271609e+00   1.2786034467374519e+00   1.0000000000000000e+00
   6.8483344333164826e+00   1.0914972774783727e+00   1.0000000000000000e+00
   3.2076435250679425e+00   9.0358579519525541e+00   1.0000000000000000e+00
   4.7963020681689783e-01   8.9045437376940910e+00   1.0000000000000000e+00
   2.3696664586726399e+00   7.5885156160243197e+00   1.0000000000000000e+00
   8.2025600270757302e+00   3.2471007165100763e-01   1.0000000000000000e+00
   9.2675390205704016e+00   2.2679233970443748e+00   1.0000000000000000e+00
   6.6884339012834957e+00   2.3940106169712094e-01   1.0000000000000000e+00
   9.3931180822473017e+00   3.5953441649116211e+00   1.0000000000000000e+00
   8.7672256002456113e+00   4.1431050041839446e-01   1.0000000000000000e+00
   7.5490237246673892e+00   2.3952200262549059e+00   1.0000000000000000e+00
   1.2148816379763039e+00   9.8058190324691648e+00   1.0000000000000000e+00
   3.0330862161808803e-01   7.4220339915174929e+00   1.0000000000000000e+00
   8.3163941925523499e+00   3.4866836352823949e-01   1.0000000000000000e+00
   7.5046379350772185e-01   9.4183555761799180e+00   1.0000000000000000e+00
   1.0098403590567828e+00   7.0187370513593734e+00   1.0000000000000000e+00
   7.9942811091944632e+00   2.5934172599769498e+00   1.0000000000000000e+00
   2.5450836047565630e+00   8.4455151376653426e+00   1.0000000000000000e+00
   6.8711662289979190e+00   3.6716362040267847e-01   1.0000000000000000e+00
   9.3858479749335526e+00   2.8785040960556119e-02   1.0000000000000000e+00
   9.7262557645170684e+00   2.7362196337439681e+00   1.0000000000000000e+00
   2.4676213788193979e+00   8.0880084757153892e+00   1.0000000000000000e+00
   9.0357354853003997e+00   3.6662302967283233e-01   1.0000000000000000e+00
   9.5307018143594178e+00   1.8809477453969548e+00   1.0000000000000000e+00
   7.5294831679968333e+00   2.0174267864768360e+00   1.0000000000000000e+00
   8.1112795092423244e+00   3.0629740419070273e+00   1.0000000000000000e+00
   6.9461852951329597e+00   3.0497763029155522e-01   1.0000000000000000e+00
   9.4648266108287000e+00   3.4272089528583605e+00   1.0000000000000000e+00
   8.0208717980151754e+00   1.6451490042063766e+00   1.0000000000000000e+00
   8.3886218016115990e+00   3.1081584467439329e+00   1.0000000000000000e+00
   2.1944585020793328e+00   8.8531107218432368e+00   1.0000000000000000e+00
   7.7599033825577646e+00   1.5909421201800900e+00   1.0000000000000000e+00
   7.7280482475772052e+00   8.4927597460010107e-01   1.0000000000000000e+00
   6.8127052522943892e+00   1.2983742620915972e+00   1.0000000000000000e+00
   2.9579109401835413e+00   9.6987593098346654e+00   1.0000000000000000e+00
   7.7815240811586044e+00   1.3894283373304728e+00   1.0000000000000000e+00
   9.2199251789179613e+00   1.6924275762261376e+00   1.0000000000000000e+00
   9.2475677786939912e+00   2.3358892613891449e+00   1.0000000000000000e+00
   8.0325750834876146e+00   1.6525719976393516e+00   1.0000000000000000e+00
   8.2284231459537232e+00   4.5958225313993073e-01   1.0000000000000000e+00
   1.3462179426347265e+00   9.5651346718311316e+00   1.0000000000000000e+00
   9.1217930973757273e+00   9.5866388488791032e-01   1.0000000000000000e+00
   7.9310797741444494e+00   2.2052977977022636e+00   1.0000000000000000e+00
   9.4412563461254191e+00   2.2192057397803353e+00   1.0000000000000000e+00
   3.0780963494525357e+00   8.8923268002940485e+00   1.0000000000000000e+00
   1.1781206440448189e+00   8.0477665534207290e+00   1.0000000000000000e+00
   9.7228269054212166e+00   1.9886571199174929e+00   1.0000000000000000e+00
   9.8006164891774503e+00   1.2544800986603932e+00   1.0000000000000000e+00
   2.8646888574995408e+00   9.1990667919549871e+00   1.0000000000000000e+00
   3.2262785192973675e+00   9.5820525558381160e+00   1.0000000000000000e+00
   2.6088598402688268e+00   9.0270481279201498e+00   1.0000000000000000e+00
   2.2565282158384692e+00   9.4444642904716893e+00   1.0000000000000000e+00
   7.4355843307589717e+00   2.0898916028644301e+00   1.0000000000000000e+00
   9.3841201490206654e+00   6.8433206182726414e-01   1.0000000000000000e+00
   2.0916180451823752e-01   8.0089516415263642e+00   1.0000000000000000e+00
   7.9656940698074830e-01   7.7838322642483559e+00   1.0000000000000000e+00
   6.7157195616905807e-01   7.8543283471844560e+00   1.0000000000000000e+00
   8.3020481895074276e+00   1.5783946091283085e-01   1.0000000000000000e+00
   1.1733017974447035e+00   7.4762223133844312e+00   1.0000000000000000e+00
   1.0794868735839791e+00   8.8986305606676215e+00   1.0000000000000000e+00
   8.5327961334745339e+00   1.7881464569774952e+00   1.0000000000000000e+00
   8.7172447280079837e+00   3.1205197867479284e+00   1.0000000000000000e+00
   9.5690516101061220e+00   2.8435279357537913e+00   1.0000000000000000e+00
   7.1670995890973641e+00   1.5905066410459900e+00   1.0000000000000000e+00
   3.0813871160268347e+00   9.6282504302570011e+00   1.0000000000000000e+00
   8.9569239315867986e+00   2.1288159740133716e+00   1.0000000000000000e+00
   7.1199408151920611e+00   9.0893912902873519e-01   1.0000000000000000e+00
   2.6626503601214591e+00   7.7413747121086809e+00   1.0000000000000000e+00
   1.4208312613772056e+00   9.0983759478085862e+00   1.0000000000000000e+00
   8.1240850375104721e+00   2.0293988595683334e+00   1.0000000000000000e+00
   2.8009431439106236e+00   9.2672539692564051e+00   1.0000000000000000e+00
   1.5373220659298492e+00   7.1210101344485119e+00   1.0000000000000000e+00
   1.8186876358127579e+00   7.0376318961111686e+00   1.0000000000000000e+00
   2.8572231654717664e+00   8.6471861747566017e+00   1.0000000000000000e+00
   2.7888318413042934e+00   9.5222515787851822e+00   1.0000000000000000e+00
   2.0391469816824670e+00   8.6989444798595272e+00   1.0000000000000000e+00
   8.0331162439566768e+00   3.6519882441339635e-01   1.0000000000000000e+00
   7.9954504545773855e+00   7.0891814072689185e-01   1.0000000000000000e+00
   3.9776891215106303e-01   9.2298673624001104e+00   1.0000000000000000e+00
   1.7214234630412450e+00   8.5276599539349824e+00   1.0000000000000000e+00
   1.2258267866234729e+00   9.3250673716008130e+00   1.0000000000000000e+00
   8.8766738959418348e+00   1.7290719650432651e+00   1.0000000000000000e+00
   3.5504453388627999e+00   9.8292544094221341e+00   1.0000000000000000e+00
   7.5231750476320443e+00   2.4435122450504112e+00   1.0000000000000000e+00
   9.7342028029009420e+00   1.3935333593578048e+00   1.0000000000000000e+00
   1.8103858354689106e+00   8.2688196525525388e+00   1.0000000000000000e+00
   9.8013779354412254e+00   8.0022814304026690e-01   1.0000000000000000e+00
   2.2682841773033191e+00   8.4299706739245774e+00   1.0000000000000000e+00
   7.8141147923705816e+00   2.2563911907380207e+00   1.0000000000000000e+00
   9.1768792845374687e+00   5.9559799552240666e-01   1.0000000000000000e+00
   2.2285653234735179e+00   8.7594609208082606e+00   1.0000000000000000e+00
   8.6077251198789977e+00   3.2175488918398223e+00   1.0000000000000000e+00
   9.4238018741296892e-01   7.3578456287981089e+00   1.0000000000000000e+00
   6.8215356152446747e+00   1.4329645476447606e+00   1.0000000000000000e+00
   2.3808314169432219e+00   8.3911978351621404e+00   1.0000000000000000e+00
   3.6644291675423180e+00   9.9341547008199900e+00   1.0000000000000000e+00
   1.2410320016791065e+00   9.4884660440133821e+00   1.0000000000000000e+00
   9.0186710041154488e+00   2.9927308868527791e+00   1.0000000000000000e+00
   8.6892289560788178e+00   8.1255316756823404e-01   1.0000000000000000e+00
   7.1294548076730599e+00   1.5969494541723273e+00   1.0000000000000000e+00
   1.9449315480473173e+00   9.4702293661291588e+00   1.0000000000000000e+00
   2.1018750516507358e+00   9.3243751262241794e+00   1.0000000000000000e+00
   8.1338336491872942e-01   8.9606741387995932e+00   1.0000000000000000e+00
   3.3114486146801125e+00   8.6433378510945023e+00   1.0000000000000000e+00
   2.7106777214563706e+00   7.7378822492540937e+00   1.0000000000000000e+00
   2.6289646458177209e+00   8.3841827570780083e+00   1.0000000000000000e+00
   6.7849522648256837e+00   6.7889730941029347e-01   1.0000000000000000e+00
   6.4754042608935238e+00   7.9658023831988278e-01   1.0000000000000000e+00
   9.6269283236461440e+00   3.3956332404981957e+00   1.0000000000000000e+00
   3.1065057588884679e+00   9.5092572565636306e+00   1.0000000000000000e+00
   9.9984085751743446e-01   8.9481213186239472e+00   1.0000000000000000e+00
   8.2883003810517728e+00   2.9462746404403739e+00   1.0000000000000000e+00
   9.3486107433188304e-02   8.5344676868459004e+00   1.0000000000000000e+00
   9.3904248590546064e+00   2.9077469368477282e+00   1.0000000000000000e+00
   7.2192792020268257e+00   9.5948101486239556e-01   1.0000000000000000e+00
   2.4111432688656533e+00   7.4074202837438019e+00   1.0000000000000000e+00
   8.0561285809619516e+00   2.3861161047072068e+00   1.0000000000000000e+00
   1.9347034254160100e+00   7.3378692128660772e+00   1.0000000000000000e+00
   9.4484656361654888e+00   4.8424329101383168e-01   1.0000000000000000e+00
   6.5654560284401260e+00   6.6370506333023216e-01   1.0000000000000000e+00
   8.3446710056188200e-01   7.9472001303761690e+00   1.0000000000000000e+00
   2.1587407330398865e+00   7.2074841696251335e+00   1.0000000000000000e+00
   6.1478925673065232e-02   8.9272740222370288e+00   1.0000000000000000e+00
   3.6316698291300242e-01   9.1942776490674376e+00   1.0000000000000000e+00
   7.7808188912981580e+00   1.0684873245120241e+00   1.0000000000000000e+00
   6.7011924918673191e+00   8.5708912108040214e-01   1.0000000000000000e+00
   7.3567179470095168e+00   1.6430213594586274e+00   1.0000000000000000e+00
   2.4193129798738147e+00   8.9897255064885400e+00   1.0000000000000000e+00
   1.6294767604160065e+00   8.3756304106488493e+00   1.0000000000000000e+00
   8.4079893449796756e+00   2.5089716388041747e+00   1.0000000000000000e+00
   1.4843549694668667e+00   8.7116498121366863e+00   1.0000000000000000e+00
   8.8811115470642061e+00   7.0189942387692827e-01   1.0000000000000000e+00
   8.5788704074648336e-01   9.3553228828344288e+00   1.0000000000000000e+00
   9.1200395469009834e+00   2.1244735682777716e+00   1.0000000000000000e+00
   8.0714512065536095e+00   1.5466901818235845e+00   1.0000000000000000e+00
   2.6981194419070285e+00   8.2923393754218893e+00   1.0000000000000000e+00
   8.9930186385035427e+00   1.8767199709618609e+00   1.0000000000000000e+00
   8.5017057900781499e+00   2.4439188272910095e+00   1.0000000000000000e+00
   2.7610908673755032e+00   8.6853573252202025e+00   1.0000000000000000e+00
   1.3459625022751054e+00   7.6931511706688047e+00   1.0000000000000000e+00
   8.2964546788020925e+00   7.7321801804256518e-02   1.0000000000000000e+00
   2.1433147505862715e+00   8.8385775491315712e+00   1.0000000000000000e+00
   1.8092029369876850e+00   8.7057462749328813e+00   1.0000000000000000e+00
   8.9628734502413234e+00   1.4405166966796501e+00   1.0000000000000000e+00
   9.6002517020684923e+00   7.6940023259038925e-02   1.0000000000000000e+00
   1.8125705824535432e-01   7.4653454674695929e+00   1.0000000000000000e+00
   8.1497766652380825e+00   6.0139699175256300e-01   1.0000000000000000e+00
   6.7711443452013076e-01   8.3823650939672039e+00   1.0000000000000000e+00
   1.8662786772087481e+00   8.9472587626551903e+00   1.0000000000000000e+00
   6.6384330282892243e+00   7.3398422277110020e-02   1.0000000000000000e+00
   6.3355997242473183e+00   2.7998203155114365e-01   1.0000000000000000e+00
   9.4041898226026639e+00   2.8718847046179530e+00   1.0000000000000000e+00
   8.0227425947543498e+00   1.0189021334178738e+00   1.0000000000000000e+00
   1.8708091989628040e+00   9.3729783791680710e+00   1.0000000000000000e+00
   8.4283698061729098e+00   9.3842768894796258e-02   1.0000000000000000e+00
   9.7879976480149082e+00   3.9649315788730655e-01   1.0000000000000000e+00
   1.3066902097687760e+00   8.4627504120561188e+00   1.0000000000000000e+00
   8.8709051252355504e+00   1.2327175087939413e+00   1.0000000000000000e+00
   9.5039660559137928e-01   8.7494067160692008e+00   1.0000000000000000e+00
   8.9099254484787700e+00   8.7444068658069529e-01   1.0000000000000000e+00
   5.1045416840530100e-01   9.7423981810830789e+00   1.0000000000000000e+00
   9.8370792744277291e-01   7.6748908672620351e+00   1.0000000000000000e+00
   1.0992264454826350e+00   7.3232735895762415e+00   1.0000000000000000e+00
   3.1629403115414845e-01   8.8571653200642668e+00   1.0000000000000000e+00
   7.9742005178679616e+00   2.3325623378727345e+00   1.0000000000000000e+00
   2.8326129226764096e+00   9.5674966887449191e+00   1.0000000000000000e+00
   2.7470109527916686e+00   9.2218445562888522e+00   1.0000000000000000e+00
   7.0507622877069687e-01   6.5672018085429276e+00   1.0000000000000000e+00
   7.8020512734487957e-01   6.6649990838807396e+00   1.0000000000000000e+00
   6.8958858075014771e+00   5.5878784766164036e-01   1.0000000000000000e+00
   6.2600592036691172e+00   1.7129458839222234e-01   1.0000000000000000e+00
   9.7847321220763668e+00   5.8893913090432459e-01   1.0000000000000000e+00
   3.9889546846223700e-01   9.0787898644333396e+00   1.0000000000000000e+00
   9.3602832027797138e+00   8.0886070434960100e-03   1.0000000000000000e+00
   1.1216726888465234e+00   7.7438904523494951e+00   1.0000000000000000e+00
   8.1108606403356465e+00   2.9788606443565313e+00   1.0000000000000000e+00
   7.3396999146481834e+00   8.2485502193827775e-01   1.0000000000000000e+00
   1.7978691401030866e+00   7.4733801737558379e+00   1.0000000000000000e+00
   1.8440701329101139e-01   8.1604253125238273e+00   1.0000000000000000e+00
   9.9096705194650259e+00   1.2858140093815384e+00   1.0000000000000000e+00
   1.3775294106697233e+00   9.5688609357278658e+00   1.0000000000000000e+00
   2.5815473015966459e+00   8.4747416483487594e+00   1.0000000000000000e+00
   6.2576737617360600e-01   9.2009090043806694e+00   1.0000000000000000e+00
   7.5397162849820720e+00   8.7642595958425717e-01   1.0000000000000000e+00
   8.1023249834362865e+00   2.4401384753194799e+00   1.0000000000000000e+00
   8.5310461624038414e+00   1.7999992462964365e+00   1.0000000000000000e+00
   9.4755699728898470e+00   1.2622952731449344e+00   1.0000000000000000e+00
   1.2163789281643800e+00   8.0902660626282525e+00   1.0000000000000000e+00
   2.5903535360566421e+00   8.3251661156966623e+00   1.0000000000000000e+00
   3.6501075219374024e+00   9.9718896506699739e+00   1.0000000000000000e+00
   1.6411974358762016e+00   9.5953416103301787e+00   1.0000000000000000e+00
   9.9812945435996330e+00   2.3497599371385016e+00   1.0000000000000000e+00
   9.3716928832805273e+00   1.2650072600139628e+00   1.0000000000000000e+00
   8.9726937875825001e+00   2.6463832913905625e+00   1.0000000000000000e+00
   3.0375828532202287e+00   8.3635206803893585e+00   1.0000000000000000e+00
   9.3603891447742509e+00   7.6832429243957612e-01   1.0000000000000000e+00
   8.3196472356437603e+00   2.7031464954655258e+00   1.0000000000000000e+00
   2.3699834867917069e+00   7.4060447332149302e+00   1.0000000000000000e+00
   8.3047169266352139e-01   8.2257236581022060e+00   1.0000000000000000e+00
   5.8922566644993761e+00   3.7834731315614887e+00   2.0000000000000000e+00
   6.1666078747808593e+00   1.3465464307979458e+00   2.0000000000000000e+00
   6.5983423235556842e+00   3.6268141491430841e+00   2.0000000000000000e+00
   3.1805192693718345e+00   7.8490729627352041e+00   2.0000000000000000e+00
   8.1909018115932604e+00   3.2704700089075276e+00   2.0000000000000000e+00
   5.9502945128264155e+00   3.6362899247447067e+00   2.0000000000000000e+00
   3.2559462272776916e+00   7.3145000602011168e+00   2.0000000000000000e+00
   5.5863921432655141e+00   1.6982064995672164e+00   2.0000000000000000e+00
   5.8397684153075673e+00   1.0133825474197489e+00   2.0000000000000000e+00
   2.2746693770849538e+00   7.0172311013701840e+00   2.0000000000000000e+00
   1.9383424437459684e+00   5.8799029020302020e+00   2.0000000000000000e+00
   5.4348369156864260e+00   2.8979552544400855e+00   2.0000000000000000e+00
   2.0606033725766215e+00   6.2354656566028073e+00   2.0000000000000000e+00
   7.6489466026509962e+00   3.6804615445063096e+00   2.0000000000000000e+00
   2.4344652177576909e+00   5.5081403484460667e+00   2.0000000000000000e+00
   3.6263990803067458e+00   8.2811093220205141e+00   2.0000000000000000e+00
   7.0706434264102427e+00   2.8584963811486230e+00   2.0000000000000000e+00
   9.7547817247004009e-01   5.5652710838568193e+00   2.0000000000000000e+00
   3.9341549730489564e+00   8.2175163968705984e+00   2.0000000000000000e+00
   6.7046094211027434e+00   2.4473536089399364e+00   2.0000000000000000e+00
   3.0609682710893704e+00   7.7095637512455202e+00   2.0000000000000000e+00
   8.4784573029551558e-01   6.3209572959937299e+00   2.0000000000000000e+00
   6.7219030875502348e+00   2.0692119803923181e+00   2.0000000000000000e+00
   3.7516208705155618e+00   9.1583962850202969e+00   2.0000000000000000e+00
   7.6346324461316311e+00   3.3960219902088307e+00   2.0000000000000000e+00
   2.8466990222874755e+00   5.6272229934337261e+00   2.0000000000000000e+00
   4.0725596553385408e+00   9.1815231583858328e+00   2.0000000000000000e+00
   8.3260279230964436e+00   4.5761632790159315e+00   2.0000000000000000e+00
   3.7332799599814948e+00   6.0025748867019422e+00   2.0000000000000000e+00
   2.2213244235505680e+00   6.0742210155915615e+00   2.0000000000000000e+00
   7.0809850563108139e+00   4.2920006309571193e+00   2.0000000000000000e+00
   6.9885292174250226e+00   4.2707897237264438e+00   2.0000000000000000e+00
   3.3677417159755718e+00   7.6589362679714714e+00   2.0000000000000000e+00
   8.2834458387347816e+00   3.3170099237635853e+00   2.0000000000000000e+00
   6.9403461566935709e+00   2.7482074256772449e+00   2.0000000000000000e+00
   6.1564860476715833e+00   1.3237704395112027e+00   2.0000000000000000e+00
   4.0135736696823665e+00   7.8145426813991028e+00   2.0000000000000000e+00
   1.0992386400620213e+00   6.3068957280739486e+00   2.0000000000000000e+00
   5.5081069799793978e+00   2.6483533428665371e+00   2.0000000000000000e+00
   3.7396866231456194e+00   6.0881785376675062e+00   2.0000000000000000e+00
   8.0575363522626695e+00   4.5810007755047764e+00   2.0000000000000000e+00
   4.5950940250642702e+00   9.5528420830745162e+00   2.0000000000000000e+00
   9.3083177818840319e+00   4.6547745691045055e+00   2.0000000000000000e+00
   7.3515493327387365e+00   2.6073523201644622e+00   2.0000000000000000e+00
   7.7958099969830350e+00   4.5433318908264777e+00   2.0000000000000000e+00
   4.5160659729899209e+00   7.2070855110083762e+00   2.0000000000000000e+00
   2.2063271006124263e+00   5.9938033540655100e+00   2.0000000000000000e+00
   8.9217659697677494e+00   3.5949035789723971e+00   2.0000000000000000e+00
   3.6366453180386680e+00   6.2747402731681792e+00   2.0000000000000000e+00
   5.1973180650736399e+00   6.4736367031046460e-01   2.0000000000000000e+00
   8.6128558104835822e+00   3.8138417747073339e+00   2.0000000000000000e+00
   3.4874408723128014e+00   8.8546553974275746e+00   2.0000000000000000e+00
   5.5582562661840926e+00   1.2200467021112693e+00   2.0000000000000000e+00
   7.1687341534685780e+00   2.7180493228937443e+00   2.0000000000000000e+00
   8.8574385623600875e+00   4.6483246552042781e+00   2.0000000000000000e+00
   5.8207389133422165e+00   1.0810288641262922e+00   2.0000000000000000e+00
   2.6954375015914156e+00   6.4803076714449190e+00   2.0000000000000000e+00
   5.9981696629665224e+00   1.0746246838026519e+00   2.0000000000000000e+00
   5.5968064563929278e+00   8.3227393424464058e-01   2.0000000000000000e+00
   7.5360727298649088e+00   3.8406178128058222e+00   2.0000000000000000e+00
   8.7595630072705202e+00   3.8484895065166445e+00   2.0000000000000000e+00
   2.3096118878343441e+00   5.3608901775561417e+00   2.0000000000000000e+00
   6.1266615063421215e+00   3.6241184802410373e+00   2.0000000000000000e+00
   7.4808009900131811e+00   2.6355746790765391e+00   2.0000000000000000e+00
   3.7054390518034683e+00   7.8537951940335429e+00   2.0000000000000000e+00
   4.3569811274911014e+00   9.8596705247987284e+00   2.0000000000000000e+00
   9.8607174002499409e-01   6.2350069213724479e+00   2.0000000000000000e+00
   1.1210060876740813e-01   5.6079056688382618e+00   2.0000000000000000e+00
   7.8261797258294186e+00   3.4054476919743895e+00   2.0000000000000000e+00
   7.1971388566407333e+00   3.5279741325200864e+00   2.0000000000000000e+00
   4.1860976933308658e+00   9.7360653329099947e+00   2.0000000000000000e+00
   9.1480566376823873e+00   4.7690952427288362e+00   2.0000000000000000e+00
   3.5709715656326377e+00   6.9059422679155364e+00   2.0000000000000000e+00
   5.9135569518807323e+00   6.7854858775346916e-01   2.0000000000000000e+00
   4.4215351173329509e+00   8.3044470245542339e+00   2.0000000000000000e+00
   7.1310428614087069e+00   4.0743551868635999e+00   2.0000000000000000e+00
   7.4781080814483145e+00   2.9324434154742853e+00   2.0000000000000000e+00
   2.2704569523716236e+00   5.9484151745726770e+00   2.0000000000000000e+00
   2.6933591076788899e+00   5.7792625921458534e+00   2.0000000000000000e+00
   4.2228300314870779e+00   6.3367024438754926e+00   2.0000000000000000e+00
   3.7854564697662774e+00   6.0815199667998909e+00   2.0000000000000000e+00
   6.5549039967734659e+00   2.5622149005287920e+00   2.0000000000000000e+00
   5.8029390260020541e+00   2.2954385929125962e+00   2.0000000000000000e+00
   8.7260455754875945e+00   3.4667179760065281e+00   2.0000000000000000e+00
   4.0663361468671910e+00   8.5124289861703755e+00   2.0000000000000000e+00
   5.5237672830291604e+00   3.1147334404608817e+00   2.0000000000000000e+00
   1.6532351163203873e+00   6.5904788820067992e+00   2.0000000000000000e+00
   5.2877661765007389e+00   1.5591295344853928e+00   2.0000000000000000e+00
   4.0474950841552833e+00   7.3145922833400405e+00   2.0000000000000000e+00
   3.6657676187313282e+00   8.8507774548882967e+00   2.0000000000000000e+00
   5.3958269169891073e+00   8.0329338616759283e-01   2.0000000000000000e+00
   3.9302396925606784e+00   7.1165933041399771e+00   2.0000000000000000e+00
   5.5502677088298320e+00   8.0068481369825917e-01   2.0000000000000000e+00
   4.1742926255595592e+00   8.4685141862301254e+00   2.0000000000000000e+00
   7.6104502809674397e+00   4.4597265508282158e+00   2.0000000000000000e+00
   3.6419042138886502e+00   7.9618322702990607e+00   2.0000000000000000e+00
   8.7410652097254484e+00   3.4650453248905944e+00   2.0000000000000000e+00
   6.9279276071328821e+00   4.5223087397946493e+00   2.0000000000000000e+00
   5.9403681567675148e+00   9.6024930313296175e-01   2.0000000000000000e+00
   2.3489843683351044e+00   6.5484654775041564e+00   2.0000000000000000e+00
   8.1870109701936720e+00   3.4578861394803262e+00   2.0000000000000000e+00
   2.6422438887173652e+00   6.2576003377949903e+00   2.0000000000000000e+00
   5.9357109037376521e+00   1.7562528639302077e-01   2.0000000000000000e+00
   9.2891258864880939e+00   3.6238141230024956e+00   2.0000000000000000e+00
   2.2462284629623976e+00   5.6725547303265609e+00   2.0000000000000000e+00
   1.7382387471387051e+00   6.7674541840639169e+00   2.0000000000000000e+00
   4.2330185265179354e+00   7.3628726734474856e+00   2.0000000000000000e+00
   2.5278550205665096e+00   6.7358814995176264e+00   2.0000000000000000e+00
   7.2792640107105679e+00   2.7156870506590494e+00   2.0000000000000000e+00
   3.9853707898994761e+00   7.8413866619194250e+00   2.0000000000000000e+00
   5.2967571837150071e+00   1.2550000928139882e+00   2.0000000000000000e+00
   3.9295640836053449e+00   7.8470367580837657e+00   2.0000000000000000e+00
   3.0969073662923394e+00   7.7420816258719736e+00   2.0000000000000000e+00
   8.2128753744776724e+00   4.2163615784113970e+00   2.0000000000000000e+00
   7.2899041801224875e+00   4.2592565248693868e+00   2.0000000000000000e+00
   5.9086902913106485e+00   2.0871207284774629e+00   2.0000000000000000e+00
   3.3103913485650995e+00   7.1139338988744907e+00   2.0000000000000000e+00
   6.8210419521735597e+00   1.7840339705830821e+00   2.0000000000000000e+00
   7.4358101436060142e-01   5.4535080732014816e+00   2.0000000000000000e+00
   2.5747814123638357e+00   6.9045732091373990e+00   2.0000000000000000e+00
   6.4437144726461915e+00   3.1616410695084776e+00   2.0000000000000000e+00
   2.0078643220768444e+00   5.7789121140417805e+00   2.0000000000000000e+00
   5.6393713841456163e+00   3.3518232557733727e+00   2.0000000000000000e+00
   6.2144722097981564e+00   2.1456154865540045e+00   2.0000000000000000e+00
   4.5504854227463447e+00   9.2693627572236963e+00   2.0000000000000000e+00
   8.2644492986484970e+00   4.1105092048731118e+00   2.0000000000000000e+00
   2.4534847436340588e+00   6.3585204787368426e+00   2.0000000000000000e+00
   2.1183809593190350e+00   6.7142223664091780e+00   2.0000000000000000e+00
   8.5476903726831512e+00   3.4383246887594963e+00   2.0000000000000000e+00
   9.0810418649334519e+00   4.7155680132427333e+00   2.0000000000000000e+00
   6.2013812936972714e+00   2.7848294267404627e+00   2.0000000000000000e+00
   5.8077349633196924e+00   2.3031351384179679e+00   2.0000000000000000e+00
   2.7139502917207716e+00   6.2298131770395511e+00   2.0000000000000000e+00
   3.5147570261031733e+00   5.7400028069623996e+00   2.0000000000000000e+00
   6.1613220767080934e+00   9.4789828928977693e-01   2.0000000000000000e+00
   5.6197055762922439e+00   3.1849719913231911e+00   2.0000000000000000e+00
   3.8472250892507454e+00   8.2541709705183948e+00   2.0000000000000000e+00
   6.0844558337929016e+00   8.7513896449361583e-01   2.0000000000000000e+00
   9.4411986289871983e+00   4.5543978639813023e+00   2.0000000000000000e+00
   3.9560990602287962e+00   9.2227533382387978e+00   2.0000000000000000e+00
   1.0223729428262940e+00   6.0664878319544124e+00   2.0000000000000000e+00
   3.6657585223194866e+00   6.4159918698422258e+00   2.0000000000000000e+00
   3.3741112285495332e+00   7.7196393624591337e+00   2.0000000000000000e+00
   5.8852182505907429e+00   3.5986452537185376e+00   2.0000000000000000e+00
   8.0375789859248101e+00   4.4838640530582232e+00   2.0000000000000000e+00
   6.4915131543789553e+00   4.1891933536387143e+00   2.0000000000000000e+00
   3.1073989381869280e+00   6.4664076762751357e+00   2.0000000000000000e+00
   4.0799003836037624e+00   6.8155876531884587e+00   2.0000000000000000e+00
   6.9161228501833039e+00   2.5361797363409035e+00   2.0000000000000000e+00
   7.1543830625013980e+00   2.6508284357812952e+00   2.0000000000000000e+00
   2.9741488632437463e+00   6.8589513859793314e+00   2.0000000000000000e+00
   5.4763512224016235e+00   1.7954028183524551e+00   2.0000000000000000e+00
   7.1199306869429169e+00   4.0248703638153449e+00   2.0000000000000000e+00
   3.5900163407395667e+00   6.0496264398280175e+00   2.0000000000000000e+00
   4.2587711986707442e+00   6.6132351580727677e+00   2.0000000000000000e+00
   5.3769437092347827e+00   1.9622685164654841e+00   2.0000000000000000e+00
   4.1239429144078388e+00   7.9952420628980239e+00   2.0000000000000000e+00
   3.9355553975034949e+00   5.9840746886767482e+00   2.0000000000000000e+00
   1.8181262122669950e+00   5.6640515934494617e+00   2.0000000000000000e+00
   6.8410624930974357e+00   3.0564203435836301e+00   2.0000000000000000e+00
   1.2859071115695431e+00   6.0106427099530366e+00   2.0000000000000000e+00
   1.9762510426516655e+00   6.0193855152988966e+00   2.0000000000000000e+00
   2.8499276693323150e+00   5.8153637132537366e+00   2.0000000000000000e+00
   2.0318229885337322e+00   6.0446139938038286e+00   2.0000000000000000e+00
   6.6206599344871453e+00   1.2971008998857836e+00   2.0000000000000000e+00
   3.3217299378375298e+00   5.7439868568987418e+00   2.0000000000000000e+00
   3.5350007258236413e+00   7.0692089891457064e+00   2.0000000000000000e+00
   9.4027872488864350e-02   5.7040522367331148e+00   2.0000000000000000e+00
   9.7040205583754453e+00   3.9175060311590437e+00   2.0000000000000000e+00
   8.8439881069298032e+00   3.4815794573235106e+00   2.0000000000000000e+00
   2.5290727880812547e-01   5.3269697092722188e+00   2.0000000000000000e+00
   7.1180041815705031e-01   6.1523601983844642e+00   2.0000000000000000e+00
   5.8383754616782415e+00   1.8687216961241426e+00   2.0000000000000000e+00
   6.1795356102394816e+00   3.9453857369438126e+00   2.0000000000000000e+00
   9.5944148108473848e-01   6.0485070342538840e+00   2.0000000000000000e+00
   5.6191004508995537e+00   2.0575025732537711e+00   2.0000000000000000e+00
   6.7859768225445976e+00   4.1402034008559818e+00   2.0000000000000000e+00
   7.1599362918261189e+00   4.1541023681993146e+00   2.0000000000000000e+00
   6.7253593297769401e+00   2.8087978062391605e+00   2.0000000000000000e+00
   2.5001458659817666e+00   6.5381891012695545e+00   2.0000000000000000e+00
   6.9112908092634804e+00   2.9325066401146849e+00   2.0000000000000000e+00
   4.6352618868782445e+00   8.5130642337735569e+00   2.0000000000000000e+00
   5.2391072928179323e+00   2.9394499948785513e-01   2.0000000000000000e+00
   4.0694657231114952e+00   9.4849825383200539e+00   2.0000000000000000e+00
   3.9717851224561840e+00   6.8034374135364306e+00   2.0000000000000000e+00
   8.6760791514522477e+00   4.0252155562056311e+00   2.0000000000000000e+00
   3.3742154815017331e+00   6.0229193850844567e+00   2.0000000000000000e+00
   7.5354949649155687e+00   2.7419979328495492e+00   2.0000000000000000e+00
   3.8327154572044364e+00   6.3115670688498859e+00   2.0000000000000000e+00
   1.2821464043864783e+00   5.8713755429200356e+00   2.0000000000000000e+00
   1.3049245566474243e-01   5.7838324778416457e+00   2.0000000000000000e+00
   6.9054240006737211e-01   5.9515955543643004e+00   2.0000000000000000e+00
   3.1333597817725489e+00   6.6423584526873345e+00   2.0000000000000000e+00
   9.6957143676395519e-01   6.1703085316768576e+00   2.0000000000000000e+00
   4.1268957619642723e+00   9.2182322139736677e+00   2.0000000000000000e+00
   5.9036948513421876e+00   9.4532684040725679e-01   2.0000000000000000e+00
   4.5030576537362323e+00   6.9550468521120301e+00   2.0000000000000000e+00
   3.5781550972438678e+00   7.4704795272598474e+00   2.0000000000000000e+00
   6.5192361889980894e+00   3.8959967371382365e+00   2.0000000000000000e+00
   1.3087242872225768e+00   6.5616080194602127e+00   2.0000000000000000e+00
   9.5105692918852327e+00   4.2670429856143430e+00   2.0000000000000000e+00
   9.7684204943931547e+00   4.1049159557833379e+00   2.0000000000000000e+00
   3.7568589224304949e-02   5.7454219795925221e+00   2.0000000000000000e+00
   2.9718146213634578e+00   6.5069466534829470e+00   2.0000000000000000e+00
   3.5372550616489082e+00   5.6725472383347473e+00   2.0000000000000000e+00
   3.6280512712099453e+00   8.4771062213269008e+00   2.0000000000000000e+00
   4.2500872404117596e-01   5.9074980305263223e+00   2.0000000000000000e+00
   5.9950861149914410e+00   1.0776401207264052e+00   2.0000000000000000e+00
   7.7757861508655495e+00   4.1295399294045776e+00   2.0000000000000000e+00
   2.1299840094554767e+00   6.2738064742104447e+00   2.0000000000000000e+00
   9.8421137429272409e+00   4.4338329041968194e+00   2.0000000000000000e+00
   4.1780446705711309e+00   9.9998968732172955e+00   2.0000000000000000e+00
   8.9373155059846372e+00   4.6776841308250852e+00   2.0000000000000000e+00
   1.6059795041041003e+00   5.6412191844966095e+00   2.0000000000000000e+00
   8.9079836763642266e+00   5.2887018217987789e+00   3.0000000000000000e+00
   5.0262463478461026e+00   5.4146248643031392e+00   3.0000000000000000e+00
   4.7131939949209603e+00   2.4286172593522295e+00   3.0000000000000000e+00
   9.5118897273621315e+00   5.2651161355070952e+00   3.0000000000000000e+00
   5.6729908284225665e+00   6.7509711419736149e+00   3.0000000000000000e+00
   8.5816470706180734e+00   4.9064209103213487e+00   3.0000000000000000e+00
   4.4060959056572777e+00   5.2577274187210197e+00   3.0000000000000000e+00
   5.2628405485518934e+00   9.3894635482830076e+00   3.0000000000000000e+00
   6.3210030185035233e+00   4.8415610097960915e+00   3.0000000000000000e+00
   6.1521218193369700e+00   5.8386671440061813e+00   3.0000000000000000e+00
   3.4478921005207344e+00   4.3423966459859642e+00   3.0000000000000000e+00
   3.8592680697799087e+00   4.5470484795881347e+00   3.0000000000000000e+00
   5.2730471098404426e+00   5.7501674515132093e+00   3.0000000000000000e+00
   5.2917456106427441e+00   7.9648708636243324e+00   3.0000000000000000e+00
   4.8617350046788488e+00   7.5811302869291612e+00   3.0000000000000000e+00
   4.9034584146970097e+00   9.7706119015268484e+00   3.0000000000000000e+00
   5.0311933693908282e+00   6.0701532243187479e+00   3.0000000000000000e+00
   2.6715352091273861e+00   4.9058529981120298e+00   3.0000000000000000e+00
   4.1831580902262369e+00   5.4589766341217105e+00   3.0000000000000000e+00
   4.9364243012708453e+00   9.0130421694859457e+00   3.0000000000000000e+00
   5.1415706603295011e+00   1.7603839915197883e+00   3.0000000000000000e+00
   4.7929901607290262e+00   6.8643600661650295e+00   3.0000000000000000e+00
   6.2259484927509057e+00   4.6021861242045690e+00   3.0000000000000000e+00
   1.0520762809115136e+00   4.6560941721035221e+00   3.0000000000000000e+00
   6.2426601274515754e+00   5.3037870140446230e+00   3.0000000000000000e+00
   3.9164725157540792e+00   3.7289632333522094e+00   3.0000000000000000e+00
   2.4692504209736832e+00   4.4849578055918817e+00   3.0000000000000000e+00
   4.8259401651654388e+00   8.7423190527909256e+00   3.0000000000000000e+00
   4.4246881439553203e+00   4.4064341062997006e+00   3.0000000000000000e+00
   1.4996900317430817e+00   5.1934714866569482e+00   3.0000000000000000e+00
   5.2053453031408026e+00   3.3301215503518988e+00   3.0000000000000000e+00
   5.5595067121304362e+00   5.7960054790098816e+00   3.0000000000000000e+00
   4.3879894372783816e+00   3.9875373284597537e+00   3.0000000000000000e+00
   4.2112730232027760e+00   5.3161576140022522e+00   3.0000000000000000e+00
   7.1678662983420320e+00   4.6006274545179604e+00   3.0000000000000000e+00
   4.7861155831848476e+00   3.3536112377006297e+00   3.0000000000000000e+00
   4.8208227326848458e+00   8.2764358955688540e+00   3.0000000000000000e+00
   5.4503892896226365e+00   7.2585248408370866e+00   3.0000000000000000e+00
   4.6890975980997007e+00   7.5834941417701449e+00   3.0000000000000000e+00
   4.8579411012750642e+00   8.3754391309905141e-01   3.0000000000000000e+00
   6.4702727517671548e+00   5.8161919928585393e+00   3.0000000000000000e+00
   5.0717138574708152e+00   8.8892332357985353e+00   3.0000000000000000e+00
   4.5490060555107554e+00   3.0890885610247496e+00   3.0000000000000000e+00
   7.0949571305197559e+00   5.1916592289353050e+00   3.0000000000000000e+00
   3.8150916196805085e+00   4.8353925014076822e+00   3.0000000000000000e+00
   5.8673692609050212e+00   4.0859237732320626e+00   3.0000000000000000e+00
   4.9284146841155678e+00   9.1363695296259753e+00   3.0000000000000000e+00
   2.9226985962777654e+00   5.3238604810562489e+00   3.0000000000000000e+00
   4.4497001301962866e+00   6.1807723800931047e+00   3.0000000000000000e+00
   4.6028584455196961e+00   2.2225084057747435e+00   3.0000000000000000e+00
   9.4602162584570326e-01   4.8777197822661531e+00   3.0000000000000000e+00
   4.4965289466832647e+00   2.8456943933794800e+00   3.0000000000000000e+00
   1.5004563172134333e+00   4.7153525558725908e+00   3.0000000000000000e+00
   4.9045931122340587e+00   4.9293951516133996e+00   3.0000000000000000e+00
   4.8785797238811348e+00   1.8889808695049681e+00   3.0000000000000000e+00
   4.6303538398471522e+00   1.1298759017616311e+00   3.0000000000000000e+00
   6.3368213406453089e+00   4.6121027888174311e+00   3.0000000000000000e+00
   2.6313031504857323e+00   4.6933988063295287e+00   3.0000000000000000e+00
   6.2849417034712394e+00   4.6020413300824137e+00   3.0000000000000000e+00
   6.5880688200393243e+00   5.4490665993397283e+00   3.0000000000000000e+00
   9.0148239999331157e+00   4.7820994470949980e+00   3.0000000000000000e+00
   6.3662288507590281e+00   5.1226514677612558e+00   3.0000000000000000e+00
   5.7164802724782806e+00   3.6018983751168454e+00   3.0000000000000000e+00
   4.2341682545333335e+00   3.8338533588617754e+00   3.0000000000000000e+00
   5.1358157579277917e+00   6.0648932381443981e+00   3.0000000000000000e+00
   9.2666477011569430e+00   5.2251896117211771e+00   3.0000000000000000e+00
   6.5942664702120091e+00   5.4892475009575312e+00   3.0000000000000000e+00
   4.6261336698034059e+00   6.2167971898295429e+00   3.0000000000000000e+00
   5.5478180982764522e+00   7.1354401474236404e+00   3.0000000000000000e+00
   5.9892490077500495e+00   6.3354791299765072e+00   3.0000000000000000e+00
   2.8907965271330758e+00   4.4321709598003416e+00   3.0000000000000000e+00
   2.5712405819114279e+00   4.4855326422535917e+00   3.0000000000000000e+00
   6.7743757319924400e+00   5.6729247443345345e+00   3.0000000000000000e+00
   2.4872202349475661e+00   4.6977950600762988e+00   3.0000000000000000e+00
   5.3285243663016750e+00   8.6074462728335739e+00   3.0000000000000000e+00
   2.9719887725278795e+00   4.4526704190721356e+00   3.0000000000000000e+00
   2.8741235412932054e+00   4.6638015272672151e+00   3.0000000000000000e+00
   6.2016054549332509e+00   4.4729905499636864e+00   3.0000000000000000e+00
   6.2195817944427834e+00   5.0207614657640569e+00   3.0000000000000000e+00
   4.5981861207883403e+00   6.4036459686555496e+00   3.0000000000000000e+00
   4.9589286945185274e+00   5.6239471606146818e+00   3.0000000000000000e+00
   5.0233562841921824e+00   9.5878032195999339e+00   3.0000000000000000e+00
   5.1051768688831967e+00   5.5974446483525959e+00   3.0000000000000000e+00
   4.7324672230664149e+00   1.6795799917858700e+00   3.0000000000000000e+00
   3.7223260491244292e+00   4.3754199092416277e+00   3.0000000000000000e+00
   5.9045853397123338e+00   4.3221582196817652e+00   3.0000000000000000e+00
   5.9680321689174427e+00   6.2100949908007452e+00   3.0000000000000000e+00
   3.2331316944076747e+00   4.6726094309989570e+00   3.0000000000000000e+00
   5.8628368862617357e+00   6.4648945606182284e+00   3.0000000000000000e+00
   2.4750077267890092e+00   4.7572652961899191e+00   3.0000000000000000e+00
   6.7693518131145733e+00   5.4023123592223845e+00   3.0000000000000000e+00
   4.5837933146637591e+00   6.7405729977976740e+00   3.0000000000000000e+00
   4.8720375112293377e+00   6.5127754029444205e+00   3.0000000000000000e+00
   1.4761689108075127e+00   4.9603101408159223e+00   3.0000000000000000e+00
   3.8762305710016154e-03   5.1399010028749048e+00   3.0000000000000000e+00
   3.9462894256201588e+00   4.5182200945017641e+00   3.0000000000000000e+00
   4.6351057696396749e+00   2.6878425813476237e+00   3.0000000000000000e+00
   9.4151885370418853e+00   4.9032521129691400e+00   3.0000000000000000e+00
   3.7953740217135410e+00   5.2199843658812304e+00   3.0000000000000000e+00
   2.4137960749158349e+00   4.6552170349743518e+00   3.0000000000000000e+00
   6.0726510854483173e+00   5.0839744486982283e+00   3.0000000000000000e+00
   3.1270443370923937e+00   4.5436841987082239e+00   3.0000000000000000e+00
   5.6032253969038344e+00   3.8300205467524115e+00   3.0000000000000000e+00
   2.3476845221036635e+00   4.9729751838434675e+00   3.0000000000000000e+00
   3.9334086361795384e+00   3.7762899040260223e+00   3.0000000000000000e+00
   5.5608414861674671e+00   4.0236916545742272e+00   3.0000000000000000e+00
   3.0853229942933558e+00   4.6164276544114955e+00   3.0000000000000000e+00
   5.7930029461256325e+00   5.9833478265960931e+00   3.0000000000000000e+00
   8.9505759351752374e+00   4.9507689358967593e+00   3.0000000000000000e+00
   2.9550224649412957e+00   5.2306451931324096e+00   3.0000000000000000e+00
   4.0368795331392180e+00   4.5457823461349403e+00   3.0000000000000000e+00
   1.2935545879900490e+00   5.0149948679384151e+00   3.0000000000000000e+00
   5.0749010751655081e+00   8.2094725138912281e+00   3.0000000000000000e+00
   4.4859340635013654e+00   3.4568248844921525e+00   3.0000000000000000e+00
   4.9248341205322070e+00   7.2764251384336003e+00   3.0000000000000000e+00
   4.4711894027013601e+00   4.2835637882249502e+00   3.0000000000000000e+00
   4.4705983618420291e+00   3.4734705258311962e+00   3.0000000000000000e+00
   5.4826739684992045e+00   5.2018553030973278e+00   3.0000000000000000e+00
   3.4263269737679538e+00   5.4286873694527626e+00   3.0000000000000000e+00
   4.9387004796488334e+00   3.4289573933977415e+00   3.0000000000000000e+00
   6.0337066654795324e+00   5.7214260576332796e+00   3.0000000000000000e+00
   4.9577520369269070e+00   1.6691894473416824e+00   3.0000000000000000e+00
   5.2672888252614403e+00   6.9478944179562605e+00   3.0000000000000000e+00
   5.3581031627499565e+00   5.6726629293032360e+00   3.0000000000000000e+00
   8.0228672477612832e+00   4.9325048408192824e+00   3.0000000000000000e+00
   4.7292285046848228e+00   4.1050196615045698e+00   3.0000000000000000e+00
   2.6567064640787317e+00   5.0339153380600230e+00   3.0000000000000000e+00
   5.6897497460679549e+00   6.6679949465480037e+00   3.0000000000000000e+00
   4.9341546146093771e+00   7.0243626074784657e+00   3.0000000000000000e+00
   4.0725048639005905e+00   3.7525401985738451e+00   3.0000000000000000e+00
   5.0219178903111548e+00   6.9281916207881347e+00   3.0000000000000000e+00
   9.4208984057809246e+00   5.0602350843756820e+00   3.0000000000000000e+00
   4.9894112846465095e+00   2.9971481911006004e+00   3.0000000000000000e+00
   4.5495046935673722e+00   3.5992618387730921e+00   3.0000000000000000e+00
   3.4099418663459593e+00   5.5063560266494127e+00   3.0000000000000000e+00
   5.7017994116552710e+00   5.3937107120957979e+00   3.0000000000000000e+00
   4.2122229821350086e+00   3.9139122311909356e+00   3.0000000000000000e+00
   4.0061290320360756e+00   5.8192488317985731e+00   3.0000000000000000e+00
   4.8784435059979678e+00   2.4442959376904372e+00   3.0000000000000000e+00
   5.9224103527480620e+00   4.7627164647511675e+00   3.0000000000000000e+00
   5.5802790880114381e+00   5.5235524122504263e+00   3.0000000000000000e+00
   8.1369685739134656e+00   5.3142267541641690e+00   3.0000000000000000e+00
   5.0733694628251467e+00   6.9802094324941222e-01   3.0000000000000000e+00
   8.6034019902714860e+00   5.1399899359640457e+00   3.0000000000000000e+00
   4.5890176076413711e+00   1.6985126835441344e+00   3.0000000000000000e+00
   5.5511186294039474e+00   6.0288444456878052e+00   3.0000000000000000e+00
   3.1971594124462701e+00   4.8029986057047678e+00   3.0000000000000000e+00
   4.8632034671289421e+00   8.1449686618008492e+00   3.0000000000000000e+00
   5.0902634538186415e+00   1.6560095946171161e+00   3.0000000000000000e+00
   5.2539219656684679e+00   1.6072739703193073e+00   3.0000000000000000e+00
   7.3067808910426302e-01   4.8632102293546309e+00   3.0000000000000000e+00
   5.0380317952550051e+00   2.1583435520400518e+00   3.0000000000000000e+00
   4.9850564520288358e+00   8.4746975266551594e+00   3.0000000000000000e+00
   4.8990727509430476e+00   2.9573425789224848e+00   3.0000000000000000e+00
   7.6717547420291785e+00   5.2283906708871086e+00   3.0000000000000000e+00
   3.6186221160160157e+00   4.3110799992503965e+00   3.0000000000000000e+00
   3.8652854895074427e+00   4.9544049153689498e+00   3.0000000000000000e+00
   5.0404553581406724e+00   6.4006738480871270e+00   3.0000000000000000e+00
   4.3377719162720743e+00   4.5745535089239340e+00   3.0000000000000000e+00
   4.7015403798643751e+00   3.9539920992674107e+00   3.0000000000000000e+00
   7.8297709568497282e+00   5.4980215674052992e+00   3.0000000000000000e+00
   5.5030886806803769e+00   5.6728463574632917e+00   3.0000000000000000e+00
   3.4938400686868110e+00   5.2179242882737720e+00   3.0000000000000000e+00
   5.3083412747991883e+00   6.7620690987596106e+00   3.0000000000000000e+00
   4.8421026400408049e+00   6.2949175644796131e+00   3.0000000000000000e+00
   4.9417589218035909e+00   8.3991737749178306e+00   3.0000000000000000e+00
   2.2000241258568440e+00   4.5825177774101995e+00   3.0000000000000000e+00
   4.7933438922717961e+00   3.3510976291145256e+00   3.0000000000000000e+00
   2.6716513995762292e+00   5.2731677713257454e+00   3.0000000000000000e+00
   2.7896280673806206e+00   4.4899126001867531e+00   3.0000000000000000e+00
   7.1517631314180754e+00   4.5479425760342025e+00   3.0000000000000000e+00
   4.9583215877815050e+00   7.9698018229959615e+00   3.0000000000000000e+00
   4.4293484527980382e+00   4.6527810015704034e+00   3.0000000000000000e+00
   6.4213448451153896e+00   4.7272009261553727e+00   3.0000000000000000e+00
   3.9855115927391482e+00   4.4194447154346239e+00   3.0000000000000000e+00
   4.2307662144277955e+00   4.9268966794175659e+00   3.0000000000000000e+00
   6.2062740323379533e+00   5.0792416688950857e+00   3.0000000000000000e+00
   4.9300117573551328e+00   7.0274616958693601e+00   3.0000000000000000e+00
   5.2093709660548662e+00   9.5201058233283948e+00   3.0000000000000000e+00
   2.2648588511115486e+00   5.2320803121418704e+00   3.0000000000000000e+00
   5.7949521628996674e+00   4.1821670194297420e+00   3.0000000000000000e+00
   8.8073768299840598e+00   4.7654771291295637e+00   3.0000000000000000e+00
   5.1542626349499621e+00   4.4778401910490393e+00   3.0000000000000000e+00
   4.3743212094113808e+00   6.0483744846361969e+00   3.0000000000000000e+00
   7.4457469704245138e+00   4.9230904171626300e+00   3.0000000000000000e+00
   5.1749124954550840e+00   7.5172031101667036e+00   3.0000000000000000e+00
   4.5353406735160959e+00   2.9609529833017612e+00   3.0000000000000000e+00
   4.5877043559770510e+00   5.1752199770927216e+00   3.0000000000000000e+00
   4.7376066236084231e+00   2.8118959504256047e+00   3.0000000000000000e+00
   5.6430683379954001e+00   5.1384881868341186e+00   3.0000000000000000e+00
   6.1536081010591284e+00   5.8927900527989427e+00   3.0000000000000000e+00
   4.7342773096347992e+00   2.6515200011810771e+00   3.0000000000000000e+00
   4.0972459553936034e+00   5.3534263248096341e+00   3.0000000000000000e+00
   4.5481027899628135e+00   2.4813414088223573e+00   3.0000000000000000e+00
   6.8699854179077047e+00   4.8625473067134131e+00   3.0000000000000000e+00
   5.0038328877165235e+00   2.8954665742836716e+00   3.0000000000000000e+00
   3.3548613547615469e+00   4.2608412470641932e+00   3.0000000000000000e+00
   6.0387329239099472e+00   5.3057855737591595e+00   3.0000000000000000e+00
   4.3559762564803730e+00   4.9525850640139328e+00   3.0000000000000000e+00
   4.7433875940372516e-03   4.9492907390011665e+00   3.0000000000000000e+00
   9.3674245561815308e+00   5.1883870070708138e+00   3.0000000000000000e+00
   4.9735500832059598e+00   2.1172021594772197e+00   3.0000000000000000e+00
   1.5995160829066346e+00   3.7420079706935949e+00   4.0000000000000000e+00
   9.8035822429219941e+00   5.7922372508145905e+00   4.0000000000000000e+00
   6.2628972928065210e+00   8.5941156113931783e+00   4.0000000000000000e+00
   3.0737623600695874e+00   2.7907432199145985e+00   4.0000000000000000e+00
   7.0945049184823876e+00   6.7289706088709069e+00   4.0000000000000000e+00
   3.1593251152728241e+00   2.8642457781943289e+00   4.0000000000000000e+00
   8.2053873891888642e+00   5.8678441897596336e+00   4.0000000000000000e+00
   6.0212204915821843e+00   9.8764055386900900e+00   4.0000000000000000e+00
   5.5092291994371356e+00   8.2125645892920982e+00   4.0000000000000000e+00
   8.4731146738634333e+00   6.6726863548452187e+00   4.0000000000000000e+00
   2.3691745810001317e+00   3.2076533620845602e+00   4.0000000000000000e+00
   7.2201634611286636e+00   7.4084080566750954e+00   4.0000000000000000e+00
   5.9637194226359895e+00   8.9981757072095405e+00   4.0000000000000000e+00
   3.3449093356462036e+00   1.3568482208834398e+00   4.0000000000000000e+00
   9.5294895103990935e+00   5.3479567141004170e+00   4.0000000000000000e+00
   6.8768418970822429e+00   7.5955991193710934e+00   4.0000000000000000e+00
   4.3128765608816186e+00   3.4487347756285813e-01   4.0000000000000000e+00
   7.2084250339187648e+00   6.3568903919224420e+00   4.0000000000000000e+00
   5.9679151022761934e+00   8.4507935989202956e+00   4.0000000000000000e+00
   4.5769560648360388e+00   4.8219654984928306e-01   4.0000000000000000e+00
   2.1878847891851159e+00   3.4248860872522160e+00   4.0000000000000000e+00
   7.6282655294590027e+00   6.0866133366233033e+00   4.0000000000000000e+00
   2.4084245060214404e+00   3.5530067596717165e+00   4.0000000000000000e+00
   2.1688545055676589e+00   3.2714691637531823e+00   4.0000000000000000e+00
   5.8588244474790354e+00   8.1963668276795492e+00   4.0000000000000000e+00
   6.4676961696881943e+00   6.4308541886641581e+00   4.0000000000000000e+00
   7.7478270016183579e+00   6.9823994895564736e+00   4.0000000000000000e+00
   7.9741237104664284e+00   5.8078607407644824e+00   4.0000000000000000e+00
   5.6182345682071446e+00   7.9770563064920257e+00   4.0000000000000000e+00
   2.0992291113067996e-01   4.0886455740781535e+00   4.0000000000000000e+00
   2.0973005910606579e+00   3.8802883275304954e+00   4.0000000000000000e+00
   2.7869962986133858e+00   2.6016997612932267e+00   4.0000000000000000e+00
   6.0375717409846885e+00   7.0704311397489352e+00   4.0000000000000000e+00
   5.8752493210743753e+00   8.1856547320563582e+00   4.0000000000000000e+00
   6.3427081463872810e+00   6.6754311562739890e+00   4.0000000000000000e+00
   3.0262682418197118e+00   3.4804538460717991e+00   4.0000000000000000e+00
   5.9504502508178900e+00   7.4909215672969998e+00   4.0000000000000000e+00
   3.4519394456100780e+00   3.4611888901671883e+00   4.0000000000000000e+00
   5.7075597693632485e+00   8.8397361797380558e+00   4.0000000000000000e+00
   6.1723172460258349e+00   7.4866502647834920e+00   4.0000000000000000e+00
   7.8449765974586079e+00   5.7261694455439196e+00   4.0000000000000000e+00
   3.9198711401047737e+00   2.4314094652613250e-01   4.0000000000000000e+00
   2.6316034419214782e+00   3.3088947669474611e+00   4.0000000000000000e+00
   2.6271329841835156e+00   3.2836821548799842e+00   4.0000000000000000e+00
   2.9268375596572094e+00   2.9528716944132425e+00   4.0000000000000000e+00
   4.2061657851648722e+00   2.7857194216597172e+00   4.0000000000000000e+00
   6.6396650334556409e+00   7.3225747985904208e+00   4.0000000000000000e+00
   9.6020340662192751e+00   5.6298388324178239e+00   4.0000000000000000e+00
   7.3471777789167101e+00   7.3719994942576115e+00   4.0000000000000000e+00
   5.5897681255280141e+00   9.7667603667541201e+00   4.0000000000000000e+00
   2.2640482263433848e+00   4.0652313211841840e+00   4.0000000000000000e+00
   1.9660704692585451e+00   3.6131881371966901e+00   4.0000000000000000e+00
   3.7735730742650073e+00   3.5458235472944866e+00   4.0000000000000000e+00
   2.6949679446632846e+00   3.0359947711563819e+00   4.0000000000000000e+00
   3.1469059929028456e+00   2.0968446745669578e+00   4.0000000000000000e+00
   3.6768289057021297e+00   9.4689814828198382e-01   4.0000000000000000e+00
   2.2040506872106782e+00   3.3406796396252036e+00   4.0000000000000000e+00
   9.8107163460942566e+00   5.6275533538475191e+00   4.0000000000000000e+00
   7.3994382597943131e+00   5.6960195840217143e+00   4.0000000000000000e+00
   4.1478957315050549e+00   4.2665606653162658e-01   4.0000000000000000e+00
   2.2231891639165555e+00   4.1969388013928359e+00   4.0000000000000000e+00
   3.4813478158814624e+00   1.6242298847126158e+00   4.0000000000000000e+00
   6.3772555567319253e+00   8.5401625158541243e+00   4.0000000000000000e+00
   9.4322755931920241e+00   6.2472528593035870e+00   4.0000000000000000e+00
   8.6581943447141825e+00   5.5448980202089917e+00   4.0000000000000000e+00
   8.8235356412733279e-01   3.8130067825470118e+00   4.0000000000000000e+00
   2.2592597182863772e-01   3.9005579782757085e+00   4.0000000000000000e+00
   9.0152219168088052e+00   5.9868704268667239e+00   4.0000000000000000e+00
   2.5950187615450715e+00   3.5829746664262974e+00   4.0000000000000000e+00
   4.2247706246933792e+00   1.0104079321553827e+00   4.0000000000000000e+00
   3.7505369129292809e+00   2.5294290940202968e-01   4.0000000000000000e+00
   4.1818491289223392e+00   2.9259560716960156e+00   4.0000000000000000e+00
   4.3875693727843910e+00   1.2212799067242042e+00   4.0000000000000000e+00
   7.0331312989008063e+00   6.7928076796561099e+00   4.0000000000000000e+00
   8.1526925843304134e+00   5.6240993550904994e+00   4.0000000000000000e+00
   4.5008358935616011e+00   2.0086450446342896e+00   4.0000000000000000e+00
   3.5755541269766997e+00   2.6375495590503828e+00   4.0000000000000000e+00
   6.2736915452699469e+00   9.1604054840324380e+00   4.0000000000000000e+00
   2.7356069125804017e+00   3.3770635731418217e+00   4.0000000000000000e+00
   1.9543306521098558e+00   3.9717027864642218e+00   4.0000000000000000e+00
   9.9356180305854220e+00   5.4077275926184596e+00   4.0000000000000000e+00
   3.8314078291058151e-01   4.1649285957536097e+00   4.0000000000000000e+00
   3.3387392830019067e+00   1.8951162355708351e+00   4.0000000000000000e+00
   5.6060780932996099e+00   8.1786442624758031e+00   4.0000000000000000e+00
   4.0624245068593314e+00   1.7517222915023289e+00   4.0000000000000000e+00
   2.2896212207349764e+00   4.1500553668194859e+00   4.0000000000000000e+00
   8.5765409724481820e+00   6.3578696190774018e+00   4.0000000000000000e+00
   6.8565178082299703e+00   6.9865110259454042e+00   4.0000000000000000e+00
   2.0986470057107045e+00   3.4440733374444141e+00   4.0000000000000000e+00
   5.9170259800685372e+00   8.9805374162137461e+00   4.0000000000000000e+00
   4.1564499405764526e+00   9.3812189154397707e-01   4.0000000000000000e+00
   6.2370196259943480e+00   6.4525688221679554e+00   4.0000000000000000e+00
   4.1868462165410616e+00   2.0115356035298770e+00   4.0000000000000000e+00
   6.0132270272452555e+00   8.5511721759148323e+00   4.0000000000000000e+00
   6.0383341858643513e+00   8.3722355151283736e+00   4.0000000000000000e+00
   6.0344248160215885e+00   8.5881986702245854e+00   4.0000000000000000e+00
   5.7926716967429321e+00   7.9978122659449085e+00   4.0000000000000000e+00
   9.7789402513697379e+00   5.8803093769214581e+00   4.0000000000000000e+00
   6.2998440530477753e+00   6.2699560557967509e+00   4.0000000000000000e+00
   4.9760422022517847e-01   3.9500269081259907e+00   4.0000000000000000e+00
   9.3351982933015751e+00   5.5309328102059352e+00   4.0000000000000000e+00
   7.0752505811858803e+00   6.0393072153459997e+00   4.0000000000000000e+00
   8.1640869223581358e+00   5.6357387726456452e+00   4.0000000000000000e+00
   9.6484033312355888e-01   3.8092203685329942e+00   4.0000000000000000e+00
   4.0511671078775660e+00   1.3953340709826767e+00   4.0000000000000000e+00
   1.5045300910630655e+00   3.6227702587313027e+00   4.0000000000000000e+00
   7.1997865256283955e+00   5.8213881033228168e+00   4.0000000000000000e+00
   7.7215503656842177e+00   5.8987806464875892e+00   4.0000000000000000e+00
   6.5761203960356474e+00   6.9450929886054897e+00   4.0000000000000000e+00
   2.8092227090561539e+00   3.9284792984318093e+00   4.0000000000000000e+00
   5.6843600798644536e+00   9.2797479814499759e+00   4.0000000000000000e+00
   9.4052656905555523e+00   5.7986609286906834e+00   4.0000000000000000e+00
   8.2510496645548095e+00   6.2507741525556479e+00   4.0000000000000000e+00
   1.7323307902269991e+00   3.6100752938625833e+00   4.0000000000000000e+00
   6.6750591180987300e+00   7.8942470010884254e+00   4.0000000000000000e+00
   7.0376430845372964e+00   6.3528487846486410e+00   4.0000000000000000e+00
   7.2872255766508252e+00   6.8073815313008277e+00   4.0000000000000000e+00
   3.9550439510082400e+00   3.1917360017031604e+00   4.0000000000000000e+00
   1.5335013244460172e+00   4.0658973062261179e+00   4.0000000000000000e+00
   6.4370832396619404e+00   8.0432051520312342e+00   4.0000000000000000e+00
   9.9359123784080090e+00   6.0313489232270854e+00   4.0000000000000000e+00
   3.7950711927413705e+00   8.4123486061634556e-01   4.0000000000000000e+00
   8.0453523978061270e+00   6.6316631122704086e+00   4.0000000000000000e+00
   4.2539790933795310e+00   4.3580672216820826e-01   4.0000000000000000e+00
   5.3562838478585997e+00   9.1547164275236881e+00   4.0000000000000000e+00
   6.0068791683796174e+00   8.9294006572648872e+00   4.0000000000000000e+00
   4.8778095270391231e-01   3.8452835894994983e+00   4.0000000000000000e+00
   6.9679711894525376e+00   6.0521067508340556e+00   4.0000000000000000e+00
   6.6633910193279466e-01   4.4458821689133892e+00   4.0000000000000000e+00
   6.0809289701396132e+00   9.0320180309750757e+00   4.0000000000000000e+00
   6.0316572722665942e+00   6.8386635496587713e+00   4.0000000000000000e+00
   2.2396464940895058e+00   4.3401048396336090e+00   4.0000000000000000e+00
   2.3494150869762143e+00   3.5685272652559941e+00   4.0000000000000000e+00
   2.7142633327001695e+00   3.5694220286267253e+00   4.0000000000000000e+00
   6.8270440238711583e+00   7.7597912499305828e+00   4.0000000000000000e+00
   6.3800516849008133e+00   8.7237211748219359e+00   4.0000000000000000e+00
   7.3444455104950999e+00   6.2768978965547237e+00   4.0000000000000000e+00
   5.9359295602276818e+00   7.0013455841223324e+00   4.0000000000000000e+00
   8.1130116488597732e+00   6.3239511166580584e+00   4.0000000000000000e+00
   9.0895937066573662e+00   5.6339962313650149e+00   4.0000000000000000e+00
   1.3967443283418457e+00   4.4217070966090057e+00   4.0000000000000000e+00
   6.3707298628233691e+00   7.1860139304050561e+00   4.0000000000000000e+00
   9.3466663634625817e+00   5.7247427656847876e+00   4.0000000000000000e+00
   7.0274615551733488e+00   7.7449659433594329e+00   4.0000000000000000e+00
   6.7935792535698081e+00   8.0495364704476806e+00   4.0000000000000000e+00
   7.8585365162599352e+00   6.9947265642788228e+00   4.0000000000000000e+00
   2.9928596160441998e+00   4.2197724513340411e+00   4.0000000000000000e+00
   2.0632543573357163e+00   4.3721098486807897e+00   4.0000000000000000e+00
   7.2619908311157975e+00   7.1794270324599303e+00   4.0000000000000000e+00
   3.8350480231376105e+00   2.3341958822074105e+00   4.0000000000000000e+00
   3.8376428945694077e+00   2.8409408969394976e+00   4.0000000000000000e+00
   5.8612685601100072e+00   9.6425060125926336e+00   4.0000000000000000e+00
   7.0330736163525485e+00   6.3623215333696068e+00   4.0000000000000000e+00
   7.9125681963811108e+00   6.2184959527651431e+00   4.0000000000000000e+00
   6.8885618246039400e+00   7.3783711410759469e+00   4.0000000000000000e+00
   8.9902318609856184e+00   6.1983624205566610e+00   4.0000000000000000e+00
   8.9434745783112106e+00   6.3537921167172566e+00   4.0000000000000000e+00
   3.5265558763049532e+00   3.2926139149522116e+00   4.0000000000000000e+00
   3.9828453909826358e+00   9.5891716425116180e-01   4.0000000000000000e+00
   7.7286174630629558e+00   5.5740434099585148e+00   4.0000000000000000e+00
   3.6958881454974177e+00   3.4154073538194951e+00   4.0000000000000000e+00
   8.1656124545894944e+00   5.4851959404044131e+00   4.0000000000000000e+00
   1.8842271181527748e+00   4.0761063801547035e+00   4.0000000000000000e+00
   1.8731645702293698e+00   3.3340827417440444e+00   4.0000000000000000e+00
   6.5453655329390026e+00   7.2113166512649762e+00   4.0000000000000000e+00
   1.2800427074142384e+00   3.7720657645873490e+00   4.0000000000000000e+00
   3.5118517290977813e+00   3.7099877366895884e+00   4.0000000000000000e+00
   8.2719115133767378e+00   6.5872597017636538e+00   4.0000000000000000e+00
   9.1385383090461989e+00   5.5847660120309595e+00   4.0000000000000000e+00
   2.7645688318898607e+00   2.3407769664238787e+00   4.0000000000000000e+00
   7.9653521091618238e+00   6.8284081637708951e+00   4.0000000000000000e+00
   7.3580334264241660e+00   5.9758507459027532e+00   4.0000000000000000e+00
   3.5112206245084998e+00   2.8600685493580755e+00   4.0000000000000000e+00
   6.2568889377084904e+00   9.5652175666164894e+00   4.0000000000000000e+00
   3.0237782151994699e+00   3.1789843691691235e+00   4.0000000000000000e+00
   3.7929997801626025e+00   2.5340897964253828e+00   4.0000000000000000e+00
   6.0502409466185236e-01   4.1931881902834869e+00   4.0000000000000000e+00
   1.6659237854050468e+00   3.6800792789438432e+00   4.0000000000000000e+00
   1.1017887773250634e-01   4.2488121108860488e+00   4.0000000000000000e+00
   6.8182230908681705e+00   7.2998065865894688e+00   4.0000000000000000e+00
   3.4018310768916562e+00   2.8709620321095763e+00   4.0000000000000000e+00
   4.0398033758492211e+00   1.9596547594303382e+00   4.0000000000000000e+00
   3.2900217722291805e+00   1.4932148708542836e+00   4.0000000000000000e+00
   3.7134251999756431e+00   3.7863211476736969e+00   4.0000000000000000e+00
   1.7049959087501609e+00   3.3246171209143203e+00   4.0000000000000000e+00
   9.3746437069778175e+00   6.3252830610839990e+00   4.0000000000000000e+00
   7.0487408367267594e+00   7.4257718213128516e+00   4.0000000000000000e+00
   1.4461092573817136e+00   4.4542558567808364e+00   4.0000000000000000e+00
   8.0623200572285096e+00   6.7629282402769810e+00   4.0000000000000000e+00
   3.1772365252916721e+00   2.5366797335069933e+00   4.0000000000000000e+00
   6.2824336430839107e+00   6.7717053827076512e+00   4.0000000000000000e+00
   6.0527642039318321e+00   8.0773839188164001e+00   4.0000000000000000e+00
   3.6921624432900160e+00   1.2485417129776100e+00   4.0000000000000000e+00
   8.2992926869067549e+00   5.4887817924297764e+00   4.0000000000000000e+00
   1.1861253886893430e+00   4.1985700124957392e-01   5.0000000000000000e+00
   2.7063568567920693e+00   2.2127416224672669e+00   5.0000000000000000e+00
   7.4043757148958154e+00   8.4066953836842409e+00   5.0000000000000000e+00
   1.5089513756134709e+00   2.0900732033855607e+00   5.0000000000000000e+00
   6.6196720354660759e+00   9.0575775364258284e+00   5.0000000000000000e+00
   8.6629595897190548e+00   9.3456990037016947e+00   5.0000000000000000e+00
   7.8966989139467714e+00   8.7701586826982130e+00   5.0000000000000000e+00
   3.6716225321009710e-01   1.7679542310234564e+00   5.0000000000000000e+00
   1.6294455209916614e+00   2.6947076191193520e-01   5.0000000000000000e+00
   7.1346432477565545e+00   9.6396359915555720e+00   5.0000000000000000e+00
   9.8880757690235086e+00   6.2726901973765266e+00   5.0000000000000000e+00
   8.8725932678119843e+00   9.0164825505580453e+00   5.0000000000000000e+00
   7.8413294539031275e+00   9.5307986177995794e+00   5.0000000000000000e+00
   3.3232356919586783e+00   3.3342022129069226e-02   5.0000000000000000e+00
   9.6396213375455471e+00   7.2554110705934018e+00   5.0000000000000000e+00
   7.0779991544161147e-01   3.1609982193582544e+00   5.0000000000000000e+00
   9.5103819299909347e+00   6.8411272205863476e+00   5.0000000000000000e+00
   9.5013048091835994e+00   9.6810674355576651e+00   5.0000000000000000e+00
   7.4259504097340789e+00   7.8191020728611562e+00   5.0000000000000000e+00
   9.6789391171617432e+00   9.6085558467601100e+00   5.0000000000000000e+00
   1.0481486870731505e+00   1.2849542215448706e+00   5.0000000000000000e+00
   3.2307121978741495e+00   2.8963806209679199e-01   5.0000000000000000e+00
   3.5811607982049853e-01   1.9789737802764718e-01   5.0000000000000000e+00
   3.3466324434776107e+00   5.7710410769284626e-01   5.0000000000000000e+00
   4.6875328088784585e-02   3.6570249075135530e+00   5.0000000000000000e+00
   7.1715726888691229e+00   8.9313726707309034e+00   5.0000000000000000e+00
   8.4788963913733770e+00   7.4927475633357723e+00   5.0000000000000000e+00
   7.1325346082985330e+00   9.9447748935644444e+00   5.0000000000000000e+00
   8.3091350268749373e+00   7.0918782478906373e+00   5.0000000000000000e+00
   1.6961038716578725e+00   2.5837518829683015e+00   5.0000000000000000e+00
   7.3368223540128072e+00   9.2898705444913343e+00   5.0000000000000000e+00
   2.3879038783816098e+00   2.0673948221615381e+00   5.0000000000000000e+00
   9.3032002226321033e+00   9.8054730012785907e+00   5.0000000000000000e+00
   6.5140037403692492e+00   8.9999569431804538e+00   5.0000000000000000e+00
   8.7066990678696747e+00   9.4935940900631088e+00   5.0000000000000000e+00
   8.3746893627509458e+00   7.3816419376788422e+00   5.0000000000000000e+00
   2.5155867236487217e+00   1.3727126219176333e+00   5.0000000000000000e+00
   3.5948614234228717e+00   6.8052292613899446e-01   5.0000000000000000e+00
   9.1768856010450222e+00   6.7087826548583331e+00   5.0000000000000000e+00
   9.4756261398004593e+00   6.9121687645245231e+00   5.0000000000000000e+00
   1.8566050915277477e+00   2.5316776003161623e-01   5.0000000000000000e+00
   3.5860216935577838e-01   2.0495285240951255e+00   5.0000000000000000e+00
   7.4225305962944557e+00   7.9128778596159464e+00   5.0000000000000000e+00
   6.6431670957108011e+00   9.5315997950254161e+00   5.0000000000000000e+00
   8.4642209304429645e+00   9.7677746857766543e+00   5.0000000000000000e+00
   7.7316310780456146e+00   9.1643642613508582e+00   5.0000000000000000e+00
   1.3067869160450429e+00   6.5627311094308416e-02   5.0000000000000000e+00
   3.5630223610734202e-02   2.3535210223395442e-02   5.0000000000000000e+00
   8.5707867218879823e+00   8.7697886591215344e+00   5.0000000000000000e+00
   9.7979405326134419e+00   9.3329825446732357e+00   5.0000000000000000e+00
   2.8754341211431078e+00   2.9432456056779799e-01   5.0000000000000000e+00
   1.6230369766738506e+00   1.3495471556528371e+00   5.0000000000000000e+00
   9.5997138148905954e+00   6.5377692463770352e+00   5.0000000000000000e+00
   8.5636489915337872e+00   8.1071053265953079e+00   5.0000000000000000e+00
   9.0077607118053304e+00   9.9147561891352822e+00   5.0000000000000000e+00
   5.6232866795893677e-01   4.1769137420264002e-01   5.0000000000000000e+00
   2.0765009405126378e+00   2.7902418262087467e+00   5.0000000000000000e+00
   9.4985281659322158e+00   7.2071846333609866e+00   5.0000000000000000e+00
   8.3089798068309850e+00   8.5063318218495194e+00   5.0000000000000000e+00
   7.1997621551504363e+00   9.9150303652218650e+00   5.0000000000000000e+00
   8.4235595494053115e+00   7.5986106845519554e+00   5.0000000000000000e+00
   6.7849459558823542e+00   9.1803843806146919e+00   5.0000000000000000e+00
   3.1606983556892256e+00   1.5874085385476433e+00   5.0000000000000000e+00
   9.5619994496128591e+00   8.3018411602671485e+00   5.0000000000000000e+00
   4.1842045776835479e-01   6.5135930449950030e-01   5.0000000000000000e+00
   9.3277808602802477e+00   9.7021333435181880e+00   5.0000000000000000e+00
   7.8400032313111412e+00   8.6826923699319050e+00   5.0000000000000000e+00
   7.9274671781486248e+00   9.9516351099473397e+00   5.0000000000000000e+00
   1.3395335239728678e+00   2.5554704709757292e+00   5.0000000000000000e+00
   1.7135763046299024e+00   2.2090928221057862e+00   5.0000000000000000e+00
   3.3956121026627839e+00   3.3773900304068238e-03   5.0000000000000000e+00
   1.5329316940552196e+00   3.0536335322585262e+00   5.0000000000000000e+00
   1.2996578967699124e-01   2.7496409268690525e+00   5.0000000000000000e+00
   9.2434586026026944e-01   1.5504206891473848e+00   5.0000000000000000e+00
   2.5402730331752110e+00   1.8245966039349693e-02   5.0000000000000000e+00
   9.8340087413945572e+00   7.0806289951519492e+00   5.0000000000000000e+00
   4.5009650728530803e-01   3.4509324641083436e+00   5.0000000000000000e+00
   2.7761893655850911e-01   1.5292996076172072e-01   5.0000000000000000e+00
   7.5643168325006052e+00   9.9425402303753927e+00   5.0000000000000000e+00
   3.7341999507744927e+00   2.7624868091846611e-01   5.0000000000000000e+00
   9.5610321026888858e+00   6.3846391543009844e+00   5.0000000000000000e+00
   9.8568503658223894e-01   7.8068190403393634e-01   5.0000000000000000e+00
   1.0482212266764046e+00   2.7544010732364441e+00   5.0000000000000000e+00
   1.0431649057322656e+00   3.3296266881199865e+00   5.0000000000000000e+00
   8.1199142515752136e+00   7.6609446332007822e+00   5.0000000000000000e+00
   7.3441715737994953e+00   8.2647895914879363e+00   5.0000000000000000e+00
   8.3704180597826507e+00   7.0743776929901152e+00   5.0000000000000000e+00
   2.8341715771472509e+00   8.3126834065223587e-02   5.0000000000000000e+00
   2.2417239296961489e+00   1.6027528479559383e+00   5.0000000000000000e+00
   8.6230746937894338e+00   7.2923568725400978e+00   5.0000000000000000e+00
   2.2789700346138586e-02   1.9620432629800988e+00   5.0000000000000000e+00
   5.8104295410732032e-01   1.2775543442852511e+00   5.0000000000000000e+00
   6.1252618286702143e-01   1.5573993750681048e+00   5.0000000000000000e+00
   7.7425923439638371e+00   7.6113084188992950e+00   5.0000000000000000e+00
   6.6006039395066054e+00   9.4961348061194286e+00   5.0000000000000000e+00
   7.3077682978636824e+00   9.2818027290432603e+00   5.0000000000000000e+00
   8.9183470142734933e+00   8.7992378611399804e+00   5.0000000000000000e+00
   1.6872478304995164e-01   1.1180713195197978e+00   5.0000000000000000e+00
   9.3817090285970171e+00   9.0364651687692561e+00   5.0000000000000000e+00
   9.4400507766639361e+00   7.3828248620847257e+00   5.0000000000000000e+00
   8.2357102531170341e+00   8.0651018222981534e+00   5.0000000000000000e+00
   8.9531119669181187e+00   9.3062570705423724e+00   5.0000000000000000e+00
   9.5974121520498841e+00   7.2359922206453096e+00   5.0000000000000000e+00
   8.7780450533958341e+00   9.4378406433753721e+00   5.0000000000000000e+00
   2.5523169898359779e+00   6.8648206365173547e-01   5.0000000000000000e+00
   2.3469559493594749e-01   7.5889687865559941e-01   5.0000000000000000e+00
   3.2159527124937992e+00   8.2421436130143744e-01   5.0000000000000000e+00
   9.3159414516418231e+00   8.6740874561807431e+00   5.0000000000000000e+00
   1.5330524981904381e+00   1.4597268573755173e+00   5.0000000000000000e+00
   7.6706192958929664e-02   3.1617568582085753e-01   5.0000000000000000e+00
   8.7774520444825228e+00   8.1251739061431465e+00   5.0000000000000000e+00
   8.6469353285749513e+00   9.3087877809084567e+00   5.0000000000000000e+00
   9.7231464946495594e-01   4.0515516913215310e-01   5.0000000000000000e+00
   8.9797323620677219e+00   9.6688786280560208e+00   5.0000000000000000e+00
   8.7012234099103765e+00   7.4606935581423306e+00   5.0000000000000000e+00
   1.2325786981788001e+00   5.9131962491936529e-01   5.0000000000000000e+00
   6.8334140514590835e+00   8.3762610013060410e+00   5.0000000000000000e+00
   7.0700374431782897e+00   8.6262962757164594e+00   5.0000000000000000e+00
   7.9185855768753144e-01   5.7832338178804843e-01   5.0000000000000000e+00
   1.3768153257895421e+00   7.8488059556370837e-01   5.0000000000000000e+00
   1.5710254854703865e+00   3.1677084835540281e+00   5.0000000000000000e+00
   7.7476943134644500e+00   8.5512317110293541e+00   5.0000000000000000e+00
   9.4001646349824384e+00   8.0793660318971874e+00   5.0000000000000000e+00
   8.5350235176420863e+00   9.7380918273718677e+00   5.0000000000000000e+00
   8.4752790464966061e+00   9.6142689715293201e+00   5.0000000000000000e+00
   2.0496057671622134e+00   5.5103667891153951e-01   5.0000000000000000e+00
   9.1162223788884233e+00   9.2282656937416743e+00   5.0000000000000000e+00
   4.5795782202479041e-02   3.4314824609323482e+00   5.0000000000000000e+00
   1.6073920092382799e+00   3.0154352070837351e+00   5.0000000000000000e+00
   8.2807908455427999e+00   8.6427386557293300e+00   5.0000000000000000e+00
   3.8600094832954568e-02   2.9597497878960075e+00   5.0000000000000000e+00
   3.3471900353688024e+00   1.3586304034835350e+00   5.0000000000000000e+00
   8.5942978625573492e+00   8.2040917552300456e+00   5.0000000000000000e+00
   9.7508890951338909e+00   9.8904982103862018e+00   5.0000000000000000e+00
   7.6875715902896484e+00   8.8555688969823478e+00   5.0000000000000000e+00
   9.9060094575241404e+00   6.9269430455046983e+00   5.0000000000000000e+00
   1.2875330397460283e+00   1.0247893311568923e+00   5.0000000000000000e+00
   8.5251095313901732e+00   9.0494938136580476e+00   5.0000000000000000e+00
   6.5772111348075404e+00   9.7252852486357106e+00   5.0000000000000000e+00
   4.5309791730397508e-01   3.2371404630279099e+00   5.0000000000000000e+00
   1.2460733606506280e+00   9.7585398119232614e-01   5.0000000000000000e+00
   1.1631195209148137e+00   1.8237653652774066e+00   5.0000000000000000e+00
   9.3634209032626607e+00   8.5721779401976708e+00   5.0000000000000000e+00
   6.5434701260420436e+00   8.9447790788463273e+00   5.0000000000000000e+00
   2.7198592548754119e+00   8.0686075445440375e-01   5.0000000000000000e+00
   1.9860497272939126e+00   3.3549726912625699e-01   5.0000000000000000e+00
   1.9863978346376865e+00   2.6677683721525236e-01   5.0000000000000000e+00
   1.6648987563634243e+00   2.5045259817241528e+00   5.0000000000000000e+00
   7.7090736803996238e+00   7.4292674048297762e+00   5.0000000000000000e+00
   8.8157009481580051e+00   8.7068015526551861e+00   5.0000000000000000e+00
   8.9266265057847214e+00   9.4716387149490817e+00   5.0000000000000000e+00
   3.5039707261727426e+00   5.1941594827744630e-01   5.0000000000000000e+00
   5.8504853317843164e-01   1.9758657155781967e+00   5.0000000000000000e+00
   1.6444692138702588e+00   1.6246726693127655e-01   5.0000000000000000e+00
   4.4680174371190096e-01   3.0363075381795990e+00   5.0000000000000000e+00
   1.8840399726017898e+00   6.2373894705897714e-01   5.0000000000000000e+00
   9.6669523694906285e+00   9.3280445682946258e+00   5.0000000000000000e+00
   1.5497813050506404e+00   1.7604545200033128e+00   5.0000000000000000e+00
   1.6866714361099544e-01   7.6169612850271129e-01   5.0000000000000000e+00
   7.4967820065801813e+00   7.8622417385862287e+00   5.0000000000000000e+00
   9.2580014419731622e+00   6.5715399360601001e+00   5.0000000000000000e+00
   7.4843965233562271e+00   9.9480126554916062e+00   5.0000000000000000e+00
   8.1196779273467889e+00   6.9259690494869606e+00   5.0000000000000000e+00
   6.5293948390451115e+00   9.1283871954147191e+00   5.0000000000000000e+00
   1.3872240455341145e+00   6.8522265364698409e-01   5.0000000000000000e+00
   3.2864948156865594e+00   1.4542062026873781e+00   5.0000000000000000e+00
   9.3378310342087083e+00   8.5563305091833453e+00   5.0000000000000000e+00
   2.1569846194986599e+00   6.2825155355174633e-01   5.0000000000000000e+00
   7.1896660347270700e+00   8.2954320208853609e+00   5.0000000000000000e+00
   7.2305082393901197e+00   9.0015230636468999e+00   5.0000000000000000e+00
   9.9300643761478433e+00   6.5618895935831913e+00   5.0000000000000000e+00
   6.9640755258573828e-01   3.4945897148372262e+00   5.0000000000000000e+00
   9.1038383753691576e+00   7.4847980376961569e+00   5.0000000000000000e+00
   2.7995796168058296e+00   7.3526729832592563e-01   5.0000000000000000e+00
   9.2347861069451156e+00   9.1075620798815162e+00   5.0000000000000000e+00
   7.5010541163363840e+00   7.9508326602662773e+00   5.0000000000000000e+00
   9.9751518588035211e+00   9.7595351123573550e+00   5.0000000000000000e+00
   7.9594431433370580e+00   7.5812521473688683e+00   5.0000000000000000e+00
   1.8701303955939919e+00   2.2857945716294936e+00   5.0000000000000000e+00
   9.6117182189747599e+00   9.4386548399771542e+00   5.0000000000000000e+00
   1.3947987434213105e-01   2.1538340556238245e+00   5.0000000000000000e+00
   9.5225173314483182e+00   6.3610441935111774e+00   5.0000000000000000e+00
   8.3425679293279185e+00   6.9465261771990727e+00   5.0000000000000000e+00
   9.1231493625018594e+00   8.7120913204795052e+00   5.0000000000000000e+00
   4.6172538817672582e-01   2.2320555574702805e-01   5.0000000000000000e+00
   5.4293021112636675e-01   1.8135553262459825e+00   5.0000000000000000e+00
   3.1361386711516257e+00   4.4571403157593226e-01   5.0000000000000000e+00
