   9.8705644214021646e+00   2.6748867964194423e+00   1.0000000000000000e+00
   1.4129984957371455e+00   7.7095432042556791e+00   1.0000000000000000e+00
   7.6037603460048553e+00   2.4701941024377483e+00   1.0000000000000000e+00
   9.0723272443565897e+00   2.6136901086789366e+00   1.0000000000000000e+00
   6.3635466371347316e-01   9.2685278902610495e+00   1.0000000000000000e+00
   1.6026081626430655e+00   9.4436639373990783e+00   1.0000000000000000e+00
   5.6208789409778803e-01   7.5429608071093268e+00   1.0000000000000000e+00
   1.4829890749726116e+00   7.2904299645399551e+00   1.0000000000000000e+00
   9.8451835028336454e+00   2.7918549582927419e+00   1.0000000000000000e+00
   1.2988167254867000e+00   9.2620790325219033e+00   1.0000000000000000e+00
   8.5895398035708332e+00   2.3300742850966794e+00   1.0000000000000000e+00
   8.5549027001208380e+00   9.1887796007117828e-01   1.0000000000000000e+00
   2.8054304492299287e+00   8.8151890387651797e+00   1.0000000000000000e+00
   9.1268007569970173e+00   1.3059448097493342e+00   1.0000000000000000e+00
   7.4279126832644815e-01   7.0220321550082598e+00   1.0000000000000000e+00
   3.2209564922001777e-01   6.6887674862711286e+00   1.0000000000000000e+00
   7.6429580339268757e+00   1.4479798073082939e+00   1.0000000000000000e+00
   2.0906924373891398e+00   9.1516072587717243e+00   1.0000000000000000e+00
   8.4425619920698711e+00   1.1238502080170465e+00   1.0000000000000000e+00
   9.9075046988769984e+00   8.6938483079050499e-01   1.0000000000000000e+00
   9.2199251789179613e+00   1.6924275762261376e+00   1.0000000000000000e+00
   7.0694594971733595e+00   2.4781635300686000e-01   1.0000000000000000e+00
   2.2091674194878372e+00   9.8528344817402065e+00   1.0000000000000000e+00
   1.5242563685679844e+00   6.8197453208449783e+00   1.0000000000000000e+00
   9.0543172710961279e+00   1.2296379106350419e+00   1.0000000000000000e+00
   7.9974219975319976e+00   5.4035802349637452e-01   1.0000000000000000e+00
   1.1365127159998878e+00   8.5076922770118859e+00   1.0000000000000000e+00
   9.7382631095432597e+00   3.4243923505931315e+00   1.0000000000000000e+00
   1.8421124546478196e+00   8.6649279722023547e+00   1.0000000000000000e+00
   3.4759519585849774e-01   7.8044526320580339e+00   1.0000000000000000e+00
   6.7314783572843169e+00   6.9754313799348266e-01   1.0000000000000000e+00
   1.5625073433767067e-02   6.4295500022397736e+00   1.0000000000000000e+00
   3.2248360381099896e+00   8.4222155048181264e+00   1.0000000000000000e+00
   9.0310662709045353e+00   7.6574924385001908e-01   1.0000000000000000e+00
   8.8127898752029452e+00   1.7817091816678221e+00   1.0000000000000000e+00
   2.3769408145594220e+00   9.4518697641634830e+00   1.0000000000000000e+00
   9.3624611589502447e+00   8.1132317890770356e-01   1.0000000000000000e+00
   1.8980207483382960e+00   7.4126418570685670e+00   1.0000000000000000e+00
   8.9176509698810200e+00   2.6104190390921147e+00   1.0000000000000000e+00
   7.7912540505085683e+00   2.0249873551390629e-01   1.0000000000000000e+00
   7.7279364583478767e+00   2.0308618567958323e+00   1.0000000000000000e+00
   6.5999867686106315e+00   5.5675791483622561e-02   1.0000000000000000e+00
   8.8810704883787950e-01   8.3527071722654043e+00   1.0000000000000000e+00
   3.4396497105054769e+00   9.9016028944840109e+00   1.0000000000000000e+00
   9.1396060630210130e+00   1.4364607489852355e+00   1.0000000000000000e+00
   9.5493039139100144e+00   2.9163835697761922e+00   1.0000000000000000e+00
   2.0153628692658012e+00   8.7323895473225033e+00   1.0000000000000000e+00
   1.6204928509369132e+00   9.1996921598797670e+00   1.0000000000000000e+00
   9.3388715824341384e-01   7.0664181590641011e+00   1.0000000000000000e+00
   8.4348262450481215e+00   1.2317132977844858e+00   1.0000000000000000e+00
   2.3171150960126696e+00   9.5124360618613402e+00   1.0000000000000000e+00
   8.5327961334745339e+00   1.7881464569774952e+00   1.0000000000000000e+00
   3.0588227163312576e+00   8.2350660930290527e+00   1.0000000000000000e+00
   1.9539366111174739e+00   7.9400795511248461e+00   1.0000000000000000e+00
   2.3946063987181798e+00   9.8218949336492400e+00   1.0000000000000000e+00
   9.1262298039728336e+00   6.9138627031425259e-01   1.0000000000000000e+00
   8.4042204241295977e+00   2.3840253546529224e+00   1.0000000000000000e+00
   9.7724363194523489e-01   7.2641648691660601e+00   1.0000000000000000e+00
   1.6339077403868385e+00   7.1834193299762763e+00   1.0000000000000000e+00
   6.5086379401253502e-01   9.0742791111579884e+00   1.0000000000000000e+00
   2.0536068674344699e+00   9.9834772611282645e+00   1.0000000000000000e+00
   7.6107282931115461e-01   7.6307150815289262e+00   1.0000000000000000e+00
   3.3044991419427983e+00   9.0937359361685228e+00   1.0000000000000000e+00
   1.1733017974447035e+00   7.4762223133844312e+00   1.0000000000000000e+00
   8.6927262870727384e-02   7.1673457367579205e+00   1.0000000000000000e+00
   1.9337035469452712e+00   8.0138937359548930e+00   1.0000000000000000e+00
   1.7430589025291310e+00   9.7670840199036810e+00   1.0000000000000000e+00
   7.9317706507225694e+00   2.8465337300797411e+00   1.0000000000000000e+00
   7.4479516993506394e+00   8.5430117761077118e-01   1.0000000000000000e+00
   9.3185800781878325e-01   9.8472877523492421e+00   1.0000000000000000e+00
   1.4721177061963053e+00   6.8504353575744359e+00   1.0000000000000000e+00
   3.2908258390083542e+00   8.8530961630694129e+00   1.0000000000000000e+00
   9.9272599894479789e+00   3.6160316943413950e+00   1.0000000000000000e+00
   1.7961577870277445e+00   8.1060885771139048e+00   1.0000000000000000e+00
   7.3829729066478125e+00   1.6769123038141376e-01   1.0000000000000000e+00
   8.6096650533482286e+00   2.4881946915261488e+00   1.0000000000000000e+00
   9.8561660238327597e+00   4.6075661691999059e-01   1.0000000000000000e+00
   1.4141068781974941e+00   9.2513447291265045e+00   1.0000000000000000e+00
   2.3386817334344334e+00   8.8314045577893889e+00   1.0000000000000000e+00
   1.8343403840976102e+00   9.5261336843614188e+00   1.0000000000000000e+00
   6.6517241665362290e+00   1.0265918878362568e+00   1.0000000000000000e+00
   7.8019083123194664e+00   1.8771624140845211e+00   1.0000000000000000e+00
   8.4405792336140650e-01   6.7555984403513403e+00   1.0000000000000000e+00
   1.2912782453747818e+00   8.7725166590658361e+00   1.0000000000000000e+00
   2.0296699573488164e+00   9.9969865977316967e+00   1.0000000000000000e+00
   2.3233331759705389e+00   7.4999473280059075e+00   1.0000000000000000e+00
   7.9436422625385195e+00   2.2434094098074353e+00   1.0000000000000000e+00
   8.8161216893826406e+00   1.2401680244998603e+00   1.0000000000000000e+00
   7.6019213636344887e+00   6.3824605527502465e-01   1.0000000000000000e+00
   9.7907499207829733e+00   2.6674300005807483e+00   1.0000000000000000e+00
   1.9454069750518388e+00   7.4420969870876350e+00   1.0000000000000000e+00
   2.5633639530010308e+00   7.7624070870615878e+00   1.0000000000000000e+00
   1.0818043348917727e+00   9.5041648659721449e+00   1.0000000000000000e+00
   5.1190264152880527e-02   7.2134394663449184e+00   1.0000000000000000e+00
   2.2160842755137078e+00   9.4572041147839414e+00   1.0000000000000000e+00
   1.2284549916430521e+00   9.1946889531545022e+00   1.0000000000000000e+00
   2.6235322982582310e+00   8.1356607333651230e+00   1.0000000000000000e+00
   8.3905373551516726e-01   7.9612069116787376e+00   1.0000000000000000e+00
   8.8901958989561103e-01   8.9366014937412341e+00   1.0000000000000000e+00
   3.1099652430182978e-01   9.5367610233525753e+00   1.0000000000000000e+00
   2.4102365968969988e+00   8.1246236152044329e+00   1.0000000000000000e+00
   1.4557195314260374e+00   7.5029983432552116e+00   1.0000000000000000e+00
   9.4032697520525339e+00   3.5251230267567291e+00   1.0000000000000000e+00
   6.7011924918673191e+00   8.5708912108040214e-01   1.0000000000000000e+00
   7.3714017183941731e+00   2.2429195516521228e-02   1.0000000000000000e+00
   9.1164160074791134e+00   1.1610490422234487e+00   1.0000000000000000e+00
   8.7423907148470210e+00   1.7181721556995544e+00   1.0000000000000000e+00
   7.5346897725247697e+00   8.3940803294481059e-02   1.0000000000000000e+00
   2.7167575507634609e+00   7.7143581889375303e+00   1.0000000000000000e+00
   7.2333620577725668e+00   1.2633508652033265e+00   1.0000000000000000e+00
   1.6830127209346291e-01   9.0211953234914208e+00   1.0000000000000000e+00
   2.8417466531977165e+00   8.6282736378195661e+00   1.0000000000000000e+00
   5.2564748381489168e-01   7.1681206680396592e+00   1.0000000000000000e+00
   2.2194265109400590e+00   9.4292974972998138e+00   1.0000000000000000e+00
   7.4554527495206822e+00   1.5083429911261381e+00   1.0000000000000000e+00
   1.0533830606600858e+00   9.3000083603249344e+00   1.0000000000000000e+00
   1.0691777158525906e+00   9.6566791811996122e+00   1.0000000000000000e+00
   4.2342460192751896e-01   9.5995936824024053e+00   1.0000000000000000e+00
   8.4907951470792096e+00   2.5382988845252816e+00   1.0000000000000000e+00
   8.4375272772975674e+00   6.5002218794141253e-02   1.0000000000000000e+00
   3.0367299229009159e+00   9.1453744933898911e+00   1.0000000000000000e+00
   6.5189055254798367e+00   6.5205887575072619e-01   1.0000000000000000e+00
   9.8398238202542565e+00   3.4685576880103950e+00   1.0000000000000000e+00
   9.5665144741687302e-01   9.5505937588066416e+00   1.0000000000000000e+00
   9.7760314998670204e+00   8.9613554421597019e-01   1.0000000000000000e+00
   8.8312625614857918e+00   1.1933790843912384e+00   1.0000000000000000e+00
   8.6039830400852182e+00   2.5238165344345189e+00   1.0000000000000000e+00
   8.7669651969614399e+00   1.7590699698916690e-01   1.0000000000000000e+00
   1.0128159762041566e+00   8.1566091990272511e+00   1.0000000000000000e+00
   9.3955023289223636e+00   1.1314919697530945e+00   1.0000000000000000e+00
   8.4898406672697639e+00   1.3527268992680319e+00   1.0000000000000000e+00
   9.7835328612946189e+00   6.7667497662978748e-01   1.0000000000000000e+00
   1.6299645560724729e+00   9.3801982466781766e+00   1.0000000000000000e+00
   3.4370849781613977e-01   9.3721534266032052e+00   1.0000000000000000e+00
   2.2014022942766323e+00   9.9731669615288876e+00   1.0000000000000000e+00
   7.6039991320599736e+00   1.0185886680322698e+00   1.0000000000000000e+00
   7.6846323469008606e+00   1.6882024816268193e+00   1.0000000000000000e+00
   2.3595448933420360e+00   7.3507310114738011e+00   1.0000000000000000e+00
   9.7264739634841035e+00   2.6490568121887814e+00   1.0000000000000000e+00
   8.3694561435875237e+00   2.7054971504833611e+00   1.0000000000000000e+00
   3.2977181107238165e+00   9.9213779215153455e+00   1.0000000000000000e+00
   6.9864913127060335e-01   7.5909314732647681e+00   1.0000000000000000e+00
   9.6596328089493841e+00   3.3635044113030932e+00   1.0000000000000000e+00
   8.8871714661047498e+00   3.3770471807351230e+00   1.0000000000000000e+00
   3.2460455318716672e+00   9.2371663533734214e+00   1.0000000000000000e+00
   1.2394111848725486e+00   7.7412055816289822e+00   1.0000000000000000e+00
   8.8522178255782276e+00   2.1133809857494024e+00   1.0000000000000000e+00
   7.0733169488358181e+00   1.7650478460839047e+00   1.0000000000000000e+00
   8.3772474925289941e+00   1.0226696401790070e+00   1.0000000000000000e+00
   4.8371991820692073e-01   9.4631731875157072e+00   1.0000000000000000e+00
   7.2091467004403720e-02   8.8772990694612588e+00   1.0000000000000000e+00
   2.4581994472115474e+00   9.2426756612955945e+00   1.0000000000000000e+00
   8.3979814769311503e+00   2.2976001775227406e+00   1.0000000000000000e+00
   7.3208914594673824e-01   7.6248604001727625e+00   1.0000000000000000e+00
   1.0516763170552834e+00   9.5457869151536201e+00   1.0000000000000000e+00
   2.3188688630855827e+00   9.4110543258327386e+00   1.0000000000000000e+00
   8.4415807617225127e+00   7.6859297067718435e-02   1.0000000000000000e+00
   3.5102034406096863e+00   9.2205391835715993e+00   1.0000000000000000e+00
   4.7739351718072420e-02   9.7853542770558679e+00   1.0000000000000000e+00
   4.0455784592397293e-01   6.8598750736830203e+00   1.0000000000000000e+00
   9.2283668248888002e+00   2.2040868459446439e+00   1.0000000000000000e+00
   8.3686022268847680e+00   1.9602115836999146e+00   1.0000000000000000e+00
   3.0641211097465240e+00   8.6271269098665684e+00   1.0000000000000000e+00
   6.9269072612249571e+00   1.0656379037885522e-02   1.0000000000000000e+00
   3.4110473394022711e+00   9.4400216915352839e+00   1.0000000000000000e+00
   7.6857320887551150e-01   6.8097240377948172e+00   1.0000000000000000e+00
   1.5509902074841608e+00   7.2388358541280819e+00   1.0000000000000000e+00
   9.8131809997694699e+00   1.0799666767863669e+00   1.0000000000000000e+00
   9.1764579549882281e+00   1.9251629128755776e-01   1.0000000000000000e+00
   9.9882643410261061e+00   9.5656984444268178e-01   1.0000000000000000e+00
   3.1641462835882894e+00   8.7741153018634570e+00   1.0000000000000000e+00
   2.3051747490747143e+00   9.0942930213516888e+00   1.0000000000000000e+00
   9.9375785619492563e-01   9.8842219336634987e+00   1.0000000000000000e+00
   8.6563330708593647e+00   2.0417982355947348e+00   1.0000000000000000e+00
   8.1811258221803111e+00   1.3383277134719096e+00   1.0000000000000000e+00
   3.1916226218777801e+00   8.7306549047603603e+00   1.0000000000000000e+00
   7.8972847712802166e+00   2.3131018486193300e+00   1.0000000000000000e+00
   9.5436806695299001e+00   1.9595873053885338e+00   1.0000000000000000e+00
   9.9643533832559896e+00   2.8389416715523019e+00   1.0000000000000000e+00
   1.1211229982273507e+00   8.5523840123418200e+00   1.0000000000000000e+00
   7.0029681083057183e-01   8.1999273945060125e+00   1.0000000000000000e+00
   1.8379674794670708e+00   9.9259518190465439e+00   1.0000000000000000e+00
   7.8172423706740437e+00   1.8306592218180084e+00   1.0000000000000000e+00
   9.9720410699972319e+00   2.0407340295800114e+00   1.0000000000000000e+00
   8.5368337425382830e+00   2.1212180060619690e+00   1.0000000000000000e+00
   6.7552360222300383e+00   1.1560046769763144e+00   1.0000000000000000e+00
   7.8558226829950417e+00   1.5234572947087699e+00   1.0000000000000000e+00
   7.0914446655220620e-01   7.0419709599321667e+00   1.0000000000000000e+00
   8.3625842605219418e+00   6.3294812541783152e-01   1.0000000000000000e+00
   9.6701771639368665e+00   1.0231535351725596e+00   1.0000000000000000e+00
   1.4369522767253928e+00   7.8170690715680626e+00   1.0000000000000000e+00
   9.8358219441719275e+00   2.2974609094028708e-01   1.0000000000000000e+00
   8.4975831296514244e+00   1.1105132849434796e+00   1.0000000000000000e+00
   9.9049044353992386e+00   3.4792635236205594e+00   1.0000000000000000e+00
   8.1313954837510654e+00   7.4186836226616926e-01   1.0000000000000000e+00
   9.5122645430960233e+00   5.9440107467667591e-02   1.0000000000000000e+00
   6.9793090543501393e+00   4.7798605801528060e-01   1.0000000000000000e+00
   8.0198275135479609e+00   1.9278804422861884e+00   1.0000000000000000e+00
   6.4223779380931822e-01   8.3949628463667132e+00   1.0000000000000000e+00
   7.9878548422992921e+00   1.6154302632511397e+00   1.0000000000000000e+00
   9.4200121728102140e+00   3.1365162529074975e+00   1.0000000000000000e+00
   7.4526671450524082e+00   5.2666794668994599e-01   1.0000000000000000e+00
   2.3328075582430943e+00   9.0003544151220041e+00   1.0000000000000000e+00
   8.0714512065536095e+00   1.5466901818235845e+00   1.0000000000000000e+00
   9.0883856891544017e+00   2.3148438057066203e+00   1.0000000000000000e+00
   3.4353643594823402e-01   7.5432498013348752e+00   1.0000000000000000e+00
   1.9727361339155636e+00   9.8101845211567440e+00   1.0000000000000000e+00
   8.9881111652098848e+00   4.8360624752719406e-01   1.0000000000000000e+00
   1.8708091989628040e+00   9.3729783791680710e+00   1.0000000000000000e+00
   1.4479550664182750e+00   8.7344148197677285e+00   1.0000000000000000e+00
   9.0463693559668261e+00   3.2680254426943001e-01   1.0000000000000000e+00
   8.4066424235572512e+00   1.9400261928070228e+00   1.0000000000000000e+00
   5.9867540996520696e-01   6.3816373203347521e+00   1.0000000000000000e+00
   2.1907082202144235e+00   8.7098689852806412e+00   1.0000000000000000e+00
   2.3891224372792195e+00   8.2539280871120742e+00   1.0000000000000000e+00
   9.7670443320425591e+00   2.6618886908960837e+00   1.0000000000000000e+00
   3.3845937856479100e+00   8.7553577309550423e+00   1.0000000000000000e+00
   9.2726086971985033e-01   7.0644640945785717e+00   1.0000000000000000e+00
   8.4271569354938709e+00   6.5974219690203562e-02   1.0000000000000000e+00
   1.4038272121356199e+00   9.8233387082330044e+00   1.0000000000000000e+00
   8.2935909506640701e+00   2.8581736183672768e+00   1.0000000000000000e+00
   7.7255700744271536e+00   5.8893587889792154e-01   1.0000000000000000e+00
   5.4847956085270599e-01   6.8254481442137145e+00   1.0000000000000000e+00
   6.8262108328446995e+00   2.8493301327485732e-02   1.0000000000000000e+00
   5.9138335594336788e-01   9.8294950475203002e+00   1.0000000000000000e+00
   3.1688722378408385e+00   9.6878160577155352e+00   1.0000000000000000e+00
   8.3411317241565701e+00   2.1198429732176391e+00   1.0000000000000000e+00
   3.5190825858905752e+00   9.7454371452500936e+00   1.0000000000000000e+00
   4.1630761811944583e-01   6.8362024673824164e+00   1.0000000000000000e+00
   3.3964520927504092e+00   6.1933188452383074e+00   2.0000000000000000e+00
   7.0809850563108139e+00   4.2920006309571193e+00   2.0000000000000000e+00
   2.8728111479639162e-01   5.9717346133089588e+00   2.0000000000000000e+00
   4.1860976933308658e+00   9.7360653329099947e+00   2.0000000000000000e+00
   2.5574069936048893e+00   6.8009279865304650e+00   2.0000000000000000e+00
   3.8362266812055101e+00   8.5321176824440865e+00   2.0000000000000000e+00
   1.2651906885078101e+00   5.9224484363908383e+00   2.0000000000000000e+00
   5.6865543789758703e+00   4.0850693421973672e-01   2.0000000000000000e+00
   2.3327196460810229e+00   6.1362369527663132e+00   2.0000000000000000e+00
   4.4385040691887685e+00   8.6220120508961315e+00   2.0000000000000000e+00
   5.9742927807748334e+00   6.7035174789451979e-01   2.0000000000000000e+00
   8.7223397628253192e+00   3.4822438128108879e+00   2.0000000000000000e+00
   8.6054937975735477e+00   4.6578612161500219e+00   2.0000000000000000e+00
   4.3186370841028099e+00   7.1152562898054335e+00   2.0000000000000000e+00
   7.9423855115568180e+00   3.8417810844402114e+00   2.0000000000000000e+00
   1.0873280745771863e+00   5.3686976707676051e+00   2.0000000000000000e+00
   8.1011699394247767e+00   3.6795433147828724e+00   2.0000000000000000e+00
   9.8940975189111757e+00   4.0009458869415306e+00   2.0000000000000000e+00
   9.1706197539429226e+00   3.5741029780137668e+00   2.0000000000000000e+00
   8.5146208285347527e+00   4.3461461621414479e+00   2.0000000000000000e+00
   2.9831727598927471e+00   5.6987051152022126e+00   2.0000000000000000e+00
   8.1317636090543850e+00   3.2276873660499827e+00   2.0000000000000000e+00
   4.0264712684906376e+00   7.3791347160422589e+00   2.0000000000000000e+00
   3.5487739753457479e+00   5.6896081432905810e+00   2.0000000000000000e+00
   6.3312086635271827e+00   1.6977705058949333e+00   2.0000000000000000e+00
   7.8239099508264252e+00   3.9478012039444597e+00   2.0000000000000000e+00
   4.4928079414465194e-01   5.9369951250125839e+00   2.0000000000000000e+00
   5.2984646861097335e+00   1.5712637112940064e+00   2.0000000000000000e+00
   1.4060307107806813e-01   5.2795662587980292e+00   2.0000000000000000e+00
   6.1266615063421215e+00   3.6241184802410373e+00   2.0000000000000000e+00
   5.2391072928179323e+00   2.9394499948785513e-01   2.0000000000000000e+00
   6.8343029355360629e-01   6.0533337562266487e+00   2.0000000000000000e+00
   4.4387600876666955e+00   9.0422419592686225e+00   2.0000000000000000e+00
   3.2057422533556537e+00   8.0214223994107083e+00   2.0000000000000000e+00
   8.4854251939604968e+00   4.5426693465801957e+00   2.0000000000000000e+00
   6.2849069665918105e+00   1.7802791108187144e+00   2.0000000000000000e+00
   1.4774753185562195e+00   6.0042182688829548e+00   2.0000000000000000e+00
   4.5973861905308926e+00   8.0732448650970312e+00   2.0000000000000000e+00
   3.7657609161093211e+00   6.6925262451136893e+00   2.0000000000000000e+00
   6.6316326502296929e+00   1.8118109181133657e+00   2.0000000000000000e+00
   2.0842346795520470e+00   5.8958040375362852e+00   2.0000000000000000e+00
   5.9642651134224689e+00   4.0098788092575735e+00   2.0000000000000000e+00
   5.9178226021029570e+00   1.0701312950603648e+00   2.0000000000000000e+00
   7.2998618974746323e+00   2.4451546919400213e+00   2.0000000000000000e+00
   5.5247214321292812e+00   8.9570676309607133e-01   2.0000000000000000e+00
   6.2779181974370912e+00   2.3290143148330680e+00   2.0000000000000000e+00
   3.1333597817725489e+00   6.6423584526873345e+00   2.0000000000000000e+00
   4.4296057585064164e+00   7.3774789019228502e+00   2.0000000000000000e+00
   4.6632713578566944e+00   8.7722635751020110e+00   2.0000000000000000e+00
   5.4879197014529915e+00   2.4743412957355657e+00   2.0000000000000000e+00
   5.5268628564064146e+00   2.5709303632511227e+00   2.0000000000000000e+00
   4.2146479510482777e+00   6.4857188945564159e+00   2.0000000000000000e+00
   4.7064612418813221e+00   8.4772713170583174e+00   2.0000000000000000e+00
   4.3430600583436165e+00   6.3788017613129977e+00   2.0000000000000000e+00
   3.5699025298264084e+00   6.4744644358992334e+00   2.0000000000000000e+00
   6.6567559275858432e+00   1.9632308126843090e+00   2.0000000000000000e+00
   9.2101719751288744e+00   3.9224004510964017e+00   2.0000000000000000e+00
   8.6075989414150857e+00   4.3316197918470492e+00   2.0000000000000000e+00
   2.8744078096703407e+00   5.8190577021889469e+00   2.0000000000000000e+00
   6.2719662615081608e+00   2.7700903244260555e+00   2.0000000000000000e+00
   3.5975236982300074e+00   6.1476960066658171e+00   2.0000000000000000e+00
   5.6917268833033710e+00   2.2686586348446669e+00   2.0000000000000000e+00
   3.9310510887050123e+00   8.3708430758923118e+00   2.0000000000000000e+00
   5.6376527284695497e+00   3.2499359797676330e+00   2.0000000000000000e+00
   2.6064194316465903e+00   7.1129421274028148e+00   2.0000000000000000e+00
   2.2732191204310537e+00   6.9586322605184296e+00   2.0000000000000000e+00
   6.1622916504047591e+00   4.6219269533356311e-01   2.0000000000000000e+00
   8.2278934798348580e+00   4.5579910656028355e+00   2.0000000000000000e+00
   4.1780446705711309e+00   9.9998968732172955e+00   2.0000000000000000e+00
   3.7568589224304949e-02   5.7454219795925221e+00   2.0000000000000000e+00
   4.2078210026716860e+00   7.1691673678400498e+00   2.0000000000000000e+00
   7.1894012001188279e-01   5.8505827974576263e+00   2.0000000000000000e+00
   9.3243915634541974e+00   4.6166767891573457e+00   2.0000000000000000e+00
   8.9051340047244292e+00   4.2303757425399988e+00   2.0000000000000000e+00
   6.7824972344192025e+00   4.2896376643443404e+00   2.0000000000000000e+00
   2.4714894527162512e+00   6.2001863418248320e+00   2.0000000000000000e+00
   2.2766744196789990e+00   6.1495740691403276e+00   2.0000000000000000e+00
   8.0575363522626695e+00   4.5810007755047764e+00   2.0000000000000000e+00
   2.3618162428129352e+00   7.1487933400353754e+00   2.0000000000000000e+00
   8.4096786696725072e+00   4.7214091966454514e+00   2.0000000000000000e+00
   4.0045583168355421e+00   7.1787725607888735e+00   2.0000000000000000e+00
   6.7751527437813142e+00   3.4307923033687402e+00   2.0000000000000000e+00
   2.8949391682673564e+00   6.1157417196305230e+00   2.0000000000000000e+00
   3.6251941672429866e+00   9.2088118283214833e+00   2.0000000000000000e+00
   6.1621039869429328e+00   2.6030544325009606e+00   2.0000000000000000e+00
   4.4192278735274093e-01   5.9158190261127821e+00   2.0000000000000000e+00
   4.1033170467615632e+00   9.1167943811172254e+00   2.0000000000000000e+00
   4.0381618893983724e+00   7.0728812161761283e+00   2.0000000000000000e+00
   9.0448579728279235e+00   4.5592045888447466e+00   2.0000000000000000e+00
   5.7193727873704256e+00   2.1231785422014537e-01   2.0000000000000000e+00
   3.9947644591499665e+00   9.7634796626287397e+00   2.0000000000000000e+00
   5.6615909803322948e+00   1.2065984823060683e+00   2.0000000000000000e+00
   7.9454630352457478e+00   3.8081278417509754e+00   2.0000000000000000e+00
   2.8195839697876490e+00   7.3752687357574240e+00   2.0000000000000000e+00
   4.2659235002438631e+00   6.8553974974173757e+00   2.0000000000000000e+00
   5.4834950612746125e-01   5.5463025469870182e+00   2.0000000000000000e+00
   1.1012071635593257e+00   6.1735673172845242e+00   2.0000000000000000e+00
   5.9318742641707347e+00   1.6699622426995708e+00   2.0000000000000000e+00
   2.5196052653658372e+00   7.1162492715750609e+00   2.0000000000000000e+00
   2.1574721765770901e+00   5.7443109487757145e+00   2.0000000000000000e+00
   2.8965175168621027e+00   6.8746826499190536e+00   2.0000000000000000e+00
   7.2420337931791190e+00   2.9701650986449457e+00   2.0000000000000000e+00
   3.3202467652956869e+00   8.2725242417313787e+00   2.0000000000000000e+00
   8.8595004203230889e+00   4.5223709388477982e+00   2.0000000000000000e+00
   4.5009141119414071e+00   9.6737565260672369e+00   2.0000000000000000e+00
   3.6419042138886502e+00   7.9618322702990607e+00   2.0000000000000000e+00
   6.3595312985756158e-01   6.2233351214745127e+00   2.0000000000000000e+00
   2.8566540076034186e+00   6.6319600831088366e+00   2.0000000000000000e+00
   4.6646760367239555e+00   8.0758139247925982e+00   2.0000000000000000e+00
   5.5601425742607198e+00   1.8420637536701701e+00   2.0000000000000000e+00
   5.6147474495559946e+00   4.3732585531170431e-01   2.0000000000000000e+00
   6.3716954416226717e+00   3.2074484814056881e+00   2.0000000000000000e+00
   1.9502658503480386e+00   6.5012086050238054e+00   2.0000000000000000e+00
   5.7411524520525736e+00   9.0257857389764551e-01   2.0000000000000000e+00
   5.9623442095404968e+00   1.2344554840504396e+00   2.0000000000000000e+00
   1.2749128571951573e+00   5.8253688425690431e+00   2.0000000000000000e+00
   9.0174647348466159e+00   3.8989870351917988e+00   2.0000000000000000e+00
   2.2700648183894900e+00   6.7578020943854877e+00   2.0000000000000000e+00
   1.5785850139326396e+00   6.0908360581010443e+00   2.0000000000000000e+00
   4.3620187825690095e+00   6.7916512003141420e+00   2.0000000000000000e+00
   3.8429573270864017e+00   5.7762243068284391e+00   2.0000000000000000e+00
   7.4959880835661217e+00   3.8954541882332308e+00   2.0000000000000000e+00
   5.8809831222425233e+00   1.4558216749554076e+00   2.0000000000000000e+00
   8.4068968787694160e+00   3.9459743647668635e+00   2.0000000000000000e+00
   4.4735362279093760e+00   8.5903381840997532e+00   2.0000000000000000e+00
   2.3255390269746643e+00   5.5717534898478576e+00   2.0000000000000000e+00
   1.1599818555804753e+00   6.1655314221701785e+00   2.0000000000000000e+00
   4.4733353805537792e+00   7.2547181677664625e+00   2.0000000000000000e+00
   1.2547008120609637e+00   6.5677456272653965e+00   2.0000000000000000e+00
   5.6803472625800220e+00   7.0502579210008354e-01   2.0000000000000000e+00
   6.1648825293713507e+00   4.0925023397607045e+00   2.0000000000000000e+00
   3.8520133195648332e+00   6.4530304189114283e+00   2.0000000000000000e+00
   7.5277204319448634e+00   3.3242174506398103e+00   2.0000000000000000e+00
   8.3447250318849235e+00   3.3927354813342081e+00   2.0000000000000000e+00
   4.1972841804247105e+00   6.8289828506155290e+00   2.0000000000000000e+00
   5.4662201418681642e+00   2.3966293608716671e+00   2.0000000000000000e+00
   6.8200801592550864e+00   3.6822800395832731e+00   2.0000000000000000e+00
   4.3921610611606372e+00   7.9807630321087411e+00   2.0000000000000000e+00
   2.5310333659414330e+00   7.1484713537371807e+00   2.0000000000000000e+00
   2.3778713377422256e+00   6.7139508413820215e+00   2.0000000000000000e+00
   9.3607532637630850e+00   3.7331570171323181e+00   2.0000000000000000e+00
   3.9723233174637951e+00   8.2531908643255889e+00   2.0000000000000000e+00
   9.9533965035123764e+00   4.7180686982815896e+00   2.0000000000000000e+00
   6.9711299779303095e+00   3.7089213973212596e+00   2.0000000000000000e+00
   6.9105698423638051e+00   1.9250222259216887e+00   2.0000000000000000e+00
   4.4806794878368015e+00   9.1096546677371162e+00   2.0000000000000000e+00
   6.1682812090727799e+00   2.4067053335109723e-01   2.0000000000000000e+00
   8.1533133872754835e+00   4.4420902436326779e+00   2.0000000000000000e+00
   3.7023487451021273e+00   9.2689629749334070e+00   2.0000000000000000e+00
   8.5761892139766776e+00   3.3326270116716428e+00   2.0000000000000000e+00
   7.4358101436060142e-01   5.4535080732014816e+00   2.0000000000000000e+00
   2.1715653098688237e+00   6.2819225501710712e+00   2.0000000000000000e+00
   3.9321177006090013e+00   9.7636140278047137e+00   2.0000000000000000e+00
   4.4487117629064867e+00   9.5594302025059772e+00   2.0000000000000000e+00
   2.7980084034741735e+00   6.3362581690100068e+00   2.0000000000000000e+00
   5.3847969712747030e+00   3.3385296619762195e-01   2.0000000000000000e+00
   6.5105788315326176e+00   3.7279580422780834e+00   2.0000000000000000e+00
   2.1562062733919141e-01   5.7852192403754152e+00   2.0000000000000000e+00
   3.2025897967400487e+00   7.0822767079530058e+00   2.0000000000000000e+00
   5.9275907762887847e+00   3.4383109634551379e-01   2.0000000000000000e+00
   3.5470320968037261e+00   8.3392740334173450e+00   2.0000000000000000e+00
   5.4773215125512875e+00   2.0424175767097843e+00   2.0000000000000000e+00
   3.6947135037613679e+00   6.2839317036712767e+00   2.0000000000000000e+00
   9.3269013617051506e+00   3.9577812377127550e+00   2.0000000000000000e+00
   6.8698796113811174e+00   3.7367176637623833e+00   2.0000000000000000e+00
   6.4751425008388956e+00   2.2689002947178194e+00   2.0000000000000000e+00
   3.9512953461872113e+00   8.7013961066947836e+00   2.0000000000000000e+00
   4.3452151223881685e+00   7.5942661103941500e+00   2.0000000000000000e+00
   4.0237843019492106e+00   9.8985101609059853e+00   2.0000000000000000e+00
   3.7327180214461420e+00   6.2840237047388916e+00   2.0000000000000000e+00
   3.1805192693718345e+00   7.8490729627352041e+00   2.0000000000000000e+00
   6.8237214424873995e+00   4.3353235184091110e+00   2.0000000000000000e+00
   3.4850856489838220e+00   8.3563956771365167e+00   2.0000000000000000e+00
   3.7504667611200815e+00   6.4291153782404633e+00   2.0000000000000000e+00
   6.0073386186949076e+00   1.9659850362282627e+00   2.0000000000000000e+00
   4.1308572260114111e+00   6.3007380782451232e+00   2.0000000000000000e+00
   9.4361430082177158e+00   4.4754202346683067e+00   2.0000000000000000e+00
   6.4093806445295858e+00   3.7537914897011193e+00   2.0000000000000000e+00
   4.0474950841552833e+00   7.3145922833400405e+00   2.0000000000000000e+00
   5.9486825328273332e+00   1.9387923786296923e+00   2.0000000000000000e+00
   1.8450434900098500e+00   5.3446869601134654e+00   2.0000000000000000e+00
   8.4485682419446597e+00   3.3050446908291429e+00   2.0000000000000000e+00
   7.6382267628148881e+00   3.2133554457336846e+00   2.0000000000000000e+00
   3.0376951642867764e+00   7.1634989953950825e+00   2.0000000000000000e+00
   8.1505959656953522e+00   4.1887938511263165e+00   2.0000000000000000e+00
   9.3942369711518410e+00   4.5582796400015866e+00   2.0000000000000000e+00
   3.9999535146454699e+00   7.0006734447161616e+00   2.0000000000000000e+00
   2.7139502917207716e+00   6.2298131770395511e+00   2.0000000000000000e+00
   6.5192361889980894e+00   3.8959967371382365e+00   2.0000000000000000e+00
   5.8571240617521365e+00   3.2978526962067658e+00   2.0000000000000000e+00
   6.8843071815298913e+00   4.0217812639589612e+00   2.0000000000000000e+00
   6.8460969986383580e+00   1.8540996045051616e+00   2.0000000000000000e+00
   2.5747814123638357e+00   6.9045732091373990e+00   2.0000000000000000e+00
   8.8126438703532415e+00   3.8281481176388943e+00   2.0000000000000000e+00
   7.9880460451893418e+00   4.1905582188308959e+00   2.0000000000000000e+00
   4.4042508124574340e+00   8.6255702927077174e+00   2.0000000000000000e+00
   7.6789534963230466e+00   3.9267948439149269e+00   2.0000000000000000e+00
   7.5035679256984000e+00   3.0106929244859648e+00   2.0000000000000000e+00
   9.8766024503885692e+00   4.1029173082976644e+00   2.0000000000000000e+00
   1.2575474762704253e+00   6.3271009384032855e+00   2.0000000000000000e+00
   6.1802331500620769e+00   2.6193943208901826e+00   2.0000000000000000e+00
   2.3465843878150130e+00   6.3358960487620521e+00   2.0000000000000000e+00
   5.8852182505907429e+00   3.5986452537185376e+00   2.0000000000000000e+00
   8.7011970325429608e+00   4.7395444237389475e+00   2.0000000000000000e+00
   1.4437018548716596e-01   6.0388098506712327e+00   2.0000000000000000e+00
   4.5741821195646795e+00   7.6445790929298107e+00   2.0000000000000000e+00
   5.8006018325622675e+00   2.1863172032425005e+00   2.0000000000000000e+00
   7.0401109773783723e+00   3.8434245804715497e+00   2.0000000000000000e+00
   3.5961183024031760e+00   6.5258387140699012e+00   2.0000000000000000e+00
   6.3636308229876981e+00   3.5578944861202411e+00   2.0000000000000000e+00
   5.5086078053606382e+00   1.0070290615637434e+00   2.0000000000000000e+00
   2.5112710981215915e+00   4.9288865115013465e+00   3.0000000000000000e+00
   4.7043020105109798e+00   5.0208824073983731e+00   3.0000000000000000e+00
   6.2374594560083594e+00   4.5338883578394862e+00   3.0000000000000000e+00
   4.6965113674464458e+00   1.5953389294150322e+00   3.0000000000000000e+00
   7.5928345138745668e+00   4.8857267222128344e+00   3.0000000000000000e+00
   2.5570715438694758e+00   4.5512324241200295e+00   3.0000000000000000e+00
   4.7324672230664149e+00   1.6795799917858700e+00   3.0000000000000000e+00
   5.3499106344606240e+00   8.7336683215930773e+00   3.0000000000000000e+00
   5.7317724229422717e-01   4.7909721384462500e+00   3.0000000000000000e+00
   2.5604252133962513e+00   4.8330450324090677e+00   3.0000000000000000e+00
   4.8631885479032757e+00   7.5442034834619753e-01   3.0000000000000000e+00
   4.6202057322583201e+00   3.3013333158823777e+00   3.0000000000000000e+00
   1.5117009715972785e+00   5.0071220676880372e+00   3.0000000000000000e+00
   5.1078614617778246e+00   7.3918636275575391e+00   3.0000000000000000e+00
   5.6584260211620645e+00   4.2792573362585005e+00   3.0000000000000000e+00
   4.9230424047475232e+00   7.7540399985730843e+00   3.0000000000000000e+00
   3.5552391693732566e+00   5.4670325027500599e+00   3.0000000000000000e+00
   4.4609303496929869e+00   4.4620256719525466e+00   3.0000000000000000e+00
   5.2357813668302535e+00   3.0435872142865508e+00   3.0000000000000000e+00
   5.0909979700047900e+00   4.2045630595054710e+00   3.0000000000000000e+00
   5.2895758262894423e+00   5.0632207621720147e+00   3.0000000000000000e+00
   8.2374933103488033e+00   5.3163813485599674e+00   3.0000000000000000e+00
   5.5595067121304362e+00   5.7960054790098816e+00   3.0000000000000000e+00
   4.4037709667602627e+00   2.7506791895914806e+00   3.0000000000000000e+00
   2.4852152877227720e+00   5.0147971020677495e+00   3.0000000000000000e+00
   3.2511773307654490e+00   4.4753828165083656e+00   3.0000000000000000e+00
   7.6572771457501450e+00   5.1735911818616733e+00   3.0000000000000000e+00
   4.6766943484787635e+00   5.1846754695584991e+00   3.0000000000000000e+00
   2.3648084789875523e+00   4.5318029268126017e+00   3.0000000000000000e+00
   5.3530293265774951e+00   8.5355519842223977e+00   3.0000000000000000e+00
   1.7733807184370876e+00   5.2267819597673650e+00   3.0000000000000000e+00
   9.5778664708040608e+00   5.0981644657671570e+00   3.0000000000000000e+00
   4.9973014123695245e+00   2.7550135498906068e+00   3.0000000000000000e+00
   5.8251824890212536e+00   5.0363212956713719e+00   3.0000000000000000e+00
   4.9037732508762089e-02   4.8238083528912545e+00   3.0000000000000000e+00
   5.2703345743734156e+00   8.5992398637082221e+00   3.0000000000000000e+00
   4.3843270962052747e+00   2.9423063076409961e+00   3.0000000000000000e+00
   4.7459949414150824e+00   1.8535146542985681e+00   3.0000000000000000e+00
   8.5540671638792958e+00   4.9649291379549210e+00   3.0000000000000000e+00
   7.6257333681457951e+00   5.2132484499917258e+00   3.0000000000000000e+00
   4.8269469293462883e+00   4.8225231114412459e-01   3.0000000000000000e+00
   4.6955070197257820e+00   2.1183318407673446e+00   3.0000000000000000e+00
   7.1111437824557324e+00   4.6823788095738159e+00   3.0000000000000000e+00
   4.3130341810030881e+00   5.1520762112094340e+00   3.0000000000000000e+00
   4.0972459553936034e+00   5.3534263248096341e+00   3.0000000000000000e+00
   5.1893415978426196e+00   6.1706326991486815e-01   3.0000000000000000e+00
   4.8387743715747060e+00   9.5079209561383706e+00   3.0000000000000000e+00
   3.4138434324870781e+00   4.7969985702095554e+00   3.0000000000000000e+00
   4.6283755417486638e+00   6.8777744660061826e+00   3.0000000000000000e+00
   4.5420723222055894e+00   5.2205590991310489e+00   3.0000000000000000e+00
   6.2259484927509057e+00   4.6021861242045690e+00   3.0000000000000000e+00
   5.1150688505419684e+00   9.2936584757356044e+00   3.0000000000000000e+00
   9.7322677310523602e+00   5.2902285889786391e+00   3.0000000000000000e+00
   5.0575675915227070e+00   8.0909253492108206e+00   3.0000000000000000e+00
   4.7015403798643751e+00   3.9539920992674107e+00   3.0000000000000000e+00
   7.3464282164544716e+00   4.7389829641077892e+00   3.0000000000000000e+00
   5.0948719637461295e+00   2.8653017848290965e+00   3.0000000000000000e+00
   4.9303529736307610e+00   8.7990533633194996e+00   3.0000000000000000e+00
   4.0580602642986117e+00   5.5271637204050350e+00   3.0000000000000000e+00
   4.6207382863595292e+00   4.6385223654755432e+00   3.0000000000000000e+00
   4.7533030211075165e+00   5.5452100194027922e+00   3.0000000000000000e+00
   5.7352446158309354e+00   6.6236251182623480e+00   3.0000000000000000e+00
   4.9158632537004729e+00   2.7977883938267247e+00   3.0000000000000000e+00
   9.5007331041992664e+00   5.1332719032757144e+00   3.0000000000000000e+00
   3.8652854895074427e+00   4.9544049153689498e+00   3.0000000000000000e+00
   6.2426601274515754e+00   5.3037870140446230e+00   3.0000000000000000e+00
   4.8186435293278596e+00   6.0455079529321774e+00   3.0000000000000000e+00
   1.8222677641915996e+00   4.8470962965918849e+00   3.0000000000000000e+00
   2.1912571329070096e+00   4.7448795348995523e+00   3.0000000000000000e+00
   4.7039187687098618e+00   1.2779829393779940e+00   3.0000000000000000e+00
   2.3360584844722210e+00   5.2012686499694691e+00   3.0000000000000000e+00
   5.3393448453042991e+00   2.5586687084634741e+00   3.0000000000000000e+00
   6.8428656189448969e+00   5.3214926202042223e+00   3.0000000000000000e+00
   1.6256467934091057e+00   4.6836473788028279e+00   3.0000000000000000e+00
   6.4213448451153896e+00   4.7272009261553727e+00   3.0000000000000000e+00
   3.9085915507124991e+00   3.7998419927865235e+00   3.0000000000000000e+00
   6.2932613876555310e+00   5.0624126459314684e+00   3.0000000000000000e+00
   3.0561032606324865e+00   5.0057211647881159e+00   3.0000000000000000e+00
   9.3910801252749287e+00   4.8270101639772012e+00   3.0000000000000000e+00
   4.5332531498008031e+00   6.2079082349061103e+00   3.0000000000000000e+00
   4.3721144222318733e+00   3.8212793534417688e+00   3.0000000000000000e+00
   4.8664572405909245e+00   6.4841901514304805e+00   3.0000000000000000e+00
   2.4137960749158349e+00   4.6552170349743518e+00   3.0000000000000000e+00
   4.6427333237680397e+00   6.2466480849401949e+00   3.0000000000000000e+00
   5.3018357348820686e+00   3.4743335391515506e+00   3.0000000000000000e+00
   4.4977244100097846e-01   4.8230033467557787e+00   3.0000000000000000e+00
   4.6793547402866595e+00   4.2400324099655151e+00   3.0000000000000000e+00
   3.2756777659240335e+00   4.3601501423173259e+00   3.0000000000000000e+00
   6.6954140402299411e-01   4.7866070132833833e+00   3.0000000000000000e+00
   6.3925338816634536e+00   5.9109363984688548e+00   3.0000000000000000e+00
   5.2178748598432403e+00   8.7571629821596080e+00   3.0000000000000000e+00
   4.2842025344810075e+00   4.1269161551870335e+00   3.0000000000000000e+00
   5.9354387427472686e+00   5.0963288582728152e+00   3.0000000000000000e+00
   1.9098433800760606e+00   4.8207505333880061e+00   3.0000000000000000e+00
   6.4105809215467877e+00   4.3109783538428328e+00   3.0000000000000000e+00
   5.5530972109123375e+00   4.1456123229712647e+00   3.0000000000000000e+00
   4.1487431880874865e+00   4.0804861462250042e+00   3.0000000000000000e+00
   8.5624045389146666e+00   4.9610518321792476e+00   3.0000000000000000e+00
   8.1382286696898642e+00   4.8506334255859809e+00   3.0000000000000000e+00
   2.0311633694014564e+00   5.1934494824111779e+00   3.0000000000000000e+00
   4.9343395263495173e+00   7.5073192765760011e+00   3.0000000000000000e+00
   4.6592676346768851e+00   4.4854793558264605e+00   3.0000000000000000e+00
   5.0722725640622079e-01   5.1816111969159255e+00   3.0000000000000000e+00
   5.9940069755468635e+00   5.4266842307585836e+00   3.0000000000000000e+00
   7.2652354419624796e+00   5.6125529574769795e+00   3.0000000000000000e+00
   3.8603705424479529e+00   4.7083236842765661e+00   3.0000000000000000e+00
   5.4455390803371850e+00   5.2729795961312469e+00   3.0000000000000000e+00
   5.6718329277932931e+00   5.4825941214001297e+00   3.0000000000000000e+00
   8.0651150497278259e+00   4.7642303645392969e+00   3.0000000000000000e+00
   5.3333475653313931e+00   9.2051361011023403e+00   3.0000000000000000e+00
   5.2652539334658659e+00   9.4371370797712810e+00   3.0000000000000000e+00
   9.7042210563277163e+00   4.9191751755432334e+00   3.0000000000000000e+00
   2.9671995754255089e+00   5.3932862957140895e+00   3.0000000000000000e+00
   9.3188908986722012e+00   5.1681810986422247e+00   3.0000000000000000e+00
   5.2452152803597656e+00   2.2210827627307248e+00   3.0000000000000000e+00
   6.6603859123607645e+00   5.3088600849891634e+00   3.0000000000000000e+00
   8.8777034784338511e+00   5.3682557779965592e+00   3.0000000000000000e+00
   4.4015423150107598e+00   2.8039463841392620e+00   3.0000000000000000e+00
   5.8171474054466508e+00   4.3012599432247018e+00   3.0000000000000000e+00
   4.9421263276295049e+00   5.0801708890749762e+00   3.0000000000000000e+00
   2.0823557382122604e+00   4.6617570243052757e+00   3.0000000000000000e+00
   5.8157831084429779e+00   4.1633927579418657e+00   3.0000000000000000e+00
   7.3737804058745136e+00   5.6513217455010478e+00   3.0000000000000000e+00
   9.4599633300803010e-01   4.6783162979521915e+00   3.0000000000000000e+00
   4.8579411012750642e+00   8.3754391309905141e-01   3.0000000000000000e+00
   4.8227477108216465e+00   4.2086538534605999e+00   3.0000000000000000e+00
   5.5670258162912090e+00   6.3804050929067895e+00   3.0000000000000000e+00
   4.7819690061581612e+00   7.0858341833001042e+00   3.0000000000000000e+00
   7.4099256447627839e+00   4.9498588270270982e+00   3.0000000000000000e+00
   4.4101937843706072e+00   5.2775499860928434e+00   3.0000000000000000e+00
   4.8278454976164920e+00   5.6852955508040468e+00   3.0000000000000000e+00
   9.2479817535329314e+00   4.8724895925130696e+00   3.0000000000000000e+00
   4.7687241714697448e+00   1.6321410290889482e+00   3.0000000000000000e+00
   8.4392062856593739e+00   5.2322166509485104e+00   3.0000000000000000e+00
   2.8653336034289492e+00   4.4397365003950906e+00   3.0000000000000000e+00
   5.1738309971966583e+00   5.2824617342744684e-01   3.0000000000000000e+00
   4.7295156503318321e+00   6.2767773616098737e+00   3.0000000000000000e+00
   5.4503892896226365e+00   7.2585248408370866e+00   3.0000000000000000e+00
   1.8350253632530500e+00   5.1428223079397206e+00   3.0000000000000000e+00
   2.2810538273695147e+00   4.7615102347675879e+00   3.0000000000000000e+00
   2.4332769032512513e+00   4.5481571651133121e+00   3.0000000000000000e+00
   3.0444045814362442e+00   5.0925764122591852e+00   3.0000000000000000e+00
   1.5625602446690146e+00   4.5846549909435899e+00   3.0000000000000000e+00
   6.7819091510213543e+00   4.9984512390284808e+00   3.0000000000000000e+00
   4.0672680721616485e+00   4.0039524111387035e+00   3.0000000000000000e+00
   6.6179987248954530e+00   5.5490905652526044e+00   3.0000000000000000e+00
   9.0760514037888189e+00   4.7826361107710067e+00   3.0000000000000000e+00
   8.0472806908975176e+00   5.3531308978419725e+00   3.0000000000000000e+00
   2.2504751017903546e+00   4.8484991516120317e+00   3.0000000000000000e+00
   4.6356043062394239e+00   2.8979945273402539e+00   3.0000000000000000e+00
   4.6144172370827068e+00   1.3471473078453045e+00   3.0000000000000000e+00
   5.0219178903111548e+00   6.9281916207881347e+00   3.0000000000000000e+00
   8.3469893802631052e+00   4.8875528821150871e+00   3.0000000000000000e+00
   4.8406982153519067e+00   2.6144668845735408e-01   3.0000000000000000e+00
   3.4250386941466884e+00   4.2611667144968193e+00   3.0000000000000000e+00
   5.1132085382072852e+00   4.4624726317486765e+00   3.0000000000000000e+00
   5.1595544352874008e+00   3.0351753903944658e+00   3.0000000000000000e+00
   9.5484545884337524e-01   4.9936964952428315e+00   3.0000000000000000e+00
   5.0901849016098311e+00   4.3997712411963334e+00   3.0000000000000000e+00
   4.7562996215916957e+00   1.8571159839673335e+00   3.0000000000000000e+00
   5.2801248313962965e+00   8.2181121899558214e+00   3.0000000000000000e+00
   2.2021873162699643e+00   4.9589454757167371e+00   3.0000000000000000e+00
   4.7534545505516155e+00   1.6897631760608045e+00   3.0000000000000000e+00
   4.9275585795916497e+00   2.2168200646405900e-01   3.0000000000000000e+00
   4.4426369045629048e+00   4.7572519336768337e+00   3.0000000000000000e+00
   5.4778127392680940e+00   6.0409486325747164e+00   3.0000000000000000e+00
   5.3104635698770934e+00   8.9951589760552686e+00   3.0000000000000000e+00
   8.3163902042089273e+00   4.8810108036043314e+00   3.0000000000000000e+00
   9.3674245561815308e+00   5.1883870070708138e+00   3.0000000000000000e+00
   4.4412237716041307e+00   2.6063283988246742e+00   3.0000000000000000e+00
   4.9688935789730433e+00   6.5662623029464018e-01   3.0000000000000000e+00
   1.6558890641627433e+00   4.6311224179421693e+00   3.0000000000000000e+00
   4.8421026400408049e+00   6.2949175644796131e+00   3.0000000000000000e+00
   4.2186413406279701e+00   4.7233220846913575e+00   3.0000000000000000e+00
   5.0728299855597321e+00   3.4204933545504179e+00   3.0000000000000000e+00
   4.9560561889485459e+00   3.6723027575929104e+00   3.0000000000000000e+00
   5.1151929712756701e+00   5.3877848586529886e-02   3.0000000000000000e+00
   3.5665052491916613e+00   4.1538168943660194e+00   3.0000000000000000e+00
   4.7409930525142476e+00   8.0415238094565424e+00   3.0000000000000000e+00
   2.7243999940134045e-01   4.1806961212239271e+00   4.0000000000000000e+00
   5.3867312439789172e+00   8.9057346497706273e+00   4.0000000000000000e+00
   5.9392898166075412e+00   8.9834082544159592e+00   4.0000000000000000e+00
   5.8189792759887284e+00   7.6963654792816900e+00   4.0000000000000000e+00
   3.1385080520900765e+00   4.1363864117741800e+00   4.0000000000000000e+00
   8.5385694268872800e+00   5.7427723221784541e+00   4.0000000000000000e+00
   9.8216778927615458e+00   6.1926461415920908e+00   4.0000000000000000e+00
   3.8612106840058047e+00   6.9412514792149715e-01   4.0000000000000000e+00
   9.8400690392253942e+00   5.8949520700737414e+00   4.0000000000000000e+00
   6.6354937664409714e+00   7.1310381438458279e+00   4.0000000000000000e+00
   9.0055649737008441e+00   6.0100900167705049e+00   4.0000000000000000e+00
   7.0162023125133866e+00   6.3365019577852966e+00   4.0000000000000000e+00
   4.3237428298538161e-01   4.3965508940331155e+00   4.0000000000000000e+00
   6.5757203013522911e+00   5.9603771555542009e+00   4.0000000000000000e+00
   3.8584149761324893e+00   2.9675305726506007e+00   4.0000000000000000e+00
   6.5840596564623768e+00   6.0267577660414862e+00   4.0000000000000000e+00
   2.1527376059638357e+00   4.0473670775364612e+00   4.0000000000000000e+00
   2.6271329841835156e+00   3.2836821548799842e+00   4.0000000000000000e+00
   7.7251531414481258e+00   6.7773205178662623e+00   4.0000000000000000e+00
   6.6615613840311276e+00   6.7123208796180736e+00   4.0000000000000000e+00
   3.5481726483748579e+00   3.7305494624005164e+00   4.0000000000000000e+00
   6.5996379113371422e+00   6.5769882094212022e+00   4.0000000000000000e+00
   4.2761884778438262e+00   9.6414940929198334e-01   4.0000000000000000e+00
   7.5918337101350764e+00   7.2484926471406776e+00   4.0000000000000000e+00
   3.8786882788224197e+00   1.7700679204438585e+00   4.0000000000000000e+00
   5.8571294393219269e+00   8.1743382568589844e+00   4.0000000000000000e+00
   3.3601725039122554e+00   4.0136310238709907e+00   4.0000000000000000e+00
   5.8516917763518901e+00   7.2089823419459389e+00   4.0000000000000000e+00
   8.7798727429674024e+00   6.2999271318169043e+00   4.0000000000000000e+00
   5.6889403526423692e+00   7.1781411018476344e+00   4.0000000000000000e+00
   7.2097898760792853e+00   6.0392317096977619e+00   4.0000000000000000e+00
   3.9212158853818533e+00   1.9181165764108510e+00   4.0000000000000000e+00
   3.1772365252916721e+00   2.5366797335069933e+00   4.0000000000000000e+00
   3.6231049170069616e+00   1.5258834586016823e+00   4.0000000000000000e+00
   5.6006964521263765e+00   9.2661267378997074e+00   4.0000000000000000e+00
   9.3819454524465424e+00   5.9231587838986943e+00   4.0000000000000000e+00
   6.3844177451209481e+00   8.0317606379085138e+00   4.0000000000000000e+00
   8.8748082358094500e+00   5.8089829368946777e+00   4.0000000000000000e+00
   3.8187108744092435e+00   3.3436360325023484e+00   4.0000000000000000e+00
   2.2023060071467739e+00   3.8187378629983160e+00   4.0000000000000000e+00
   4.1824723515300253e+00   1.3339996753765615e+00   4.0000000000000000e+00
   7.8721363520015579e+00   5.9243268516126797e+00   4.0000000000000000e+00
   7.4179642220173170e+00   5.8159042246040729e+00   4.0000000000000000e+00
   8.1613219049048631e+00   6.5376482490776731e+00   4.0000000000000000e+00
   2.6028033245509175e+00   2.7597419077006444e+00   4.0000000000000000e+00
   6.1746434369171688e+00   7.7518348675706674e+00   4.0000000000000000e+00
   8.2144571005693976e+00   5.8194110049223200e+00   4.0000000000000000e+00
   6.7941265006285594e+00   7.2885564032011017e+00   4.0000000000000000e+00
   4.3575566210185626e+00   6.7298222111249251e-01   4.0000000000000000e+00
   2.2379528634083021e+00   2.8747006651473370e+00   4.0000000000000000e+00
   9.8902079660455335e+00   6.2178484153079880e+00   4.0000000000000000e+00
   2.4324795618351649e+00   2.8607994989345418e+00   4.0000000000000000e+00
   7.7902651542474279e+00   6.8273722344949679e+00   4.0000000000000000e+00
   3.5379728413536160e+00   2.0267551286486230e+00   4.0000000000000000e+00
   2.4431666661370057e+00   3.3912839582707566e+00   4.0000000000000000e+00
   5.5109081466341303e-01   3.9288657275098391e+00   4.0000000000000000e+00
   2.8139477900292764e+00   3.5313845514805156e+00   4.0000000000000000e+00
   8.3747098816682879e+00   6.7287063134668825e+00   4.0000000000000000e+00
   9.9486014919718020e+00   5.8692420510045071e+00   4.0000000000000000e+00
   3.3753888066486279e+00   3.2937059567898217e+00   4.0000000000000000e+00
   3.1173694484073367e-01   4.1073635457207498e+00   4.0000000000000000e+00
   5.7091343440371745e+00   7.4796889461127956e+00   4.0000000000000000e+00
   7.6858526340971531e+00   5.8410450625453016e+00   4.0000000000000000e+00
   6.9256727728391709e+00   5.8452742497489130e+00   4.0000000000000000e+00
   9.9471430067072930e-01   4.2767454301354295e+00   4.0000000000000000e+00
   7.4083095551119618e+00   7.2000798534705357e+00   4.0000000000000000e+00
   2.0505713311173235e+00   3.1417150638172178e+00   4.0000000000000000e+00
   7.7338690532345753e+00   6.3698596529786613e+00   4.0000000000000000e+00
   2.4538691651938560e-02   4.5166442813830701e+00   4.0000000000000000e+00
   9.1702681051775947e+00   6.3724521272903489e+00   4.0000000000000000e+00
   2.8910254848920056e+00   4.1681210987736854e+00   4.0000000000000000e+00
   1.3542227983187316e+00   4.3337454429015123e+00   4.0000000000000000e+00
   6.2058665893032847e+00   9.8887886621213354e+00   4.0000000000000000e+00
   3.5970422862790419e+00   3.6500540688899505e+00   4.0000000000000000e+00
   3.1812286120947997e+00   2.3232936814245875e+00   4.0000000000000000e+00
   3.3849497984128005e+00   1.5800764347410112e+00   4.0000000000000000e+00
   2.3142171546553447e+00   2.9717153269291252e+00   4.0000000000000000e+00
   3.9909827342450854e+00   3.7307955367246182e-01   4.0000000000000000e+00
   4.3727730390900703e+00   2.2638580634947392e-01   4.0000000000000000e+00
   6.1639954855708172e+00   6.6264596169456800e+00   4.0000000000000000e+00
   8.0695018965993128e+00   6.6607405313242296e+00   4.0000000000000000e+00
   3.6465953705896661e+00   1.7322989461337168e+00   4.0000000000000000e+00
   9.0966834290306195e+00   5.6452742550658179e+00   4.0000000000000000e+00
   3.8846962596813652e+00   1.2501103166452920e-01   4.0000000000000000e+00
   5.8161642459517218e+00   9.3653868549539627e+00   4.0000000000000000e+00
   1.0671823355871657e+00   3.7009067142576280e+00   4.0000000000000000e+00
   6.0811699198786666e+00   9.7519161772471499e+00   4.0000000000000000e+00
   3.5461711778573490e+00   1.1163091023625316e+00   4.0000000000000000e+00
   6.1667061332428386e+00   8.9863987065998856e+00   4.0000000000000000e+00
   7.2227080217038608e+00   6.1592758265452421e+00   4.0000000000000000e+00
   7.4955865411088274e+00   5.7848963427090627e+00   4.0000000000000000e+00
   1.2800427074142384e+00   3.7720657645873490e+00   4.0000000000000000e+00
   3.7827900902862810e+00   3.5118462128199579e+00   4.0000000000000000e+00
   9.1401466687311448e+00   5.6640707712592899e+00   4.0000000000000000e+00
   9.4875841181263354e-02   4.3372393723534151e+00   4.0000000000000000e+00
   6.6303276499793897e+00   7.3458473620151548e+00   4.0000000000000000e+00
   3.3587209668594511e+00   2.2861139557323105e+00   4.0000000000000000e+00
   5.9188829319670342e+00   9.7395675635128782e+00   4.0000000000000000e+00
   6.2034652641704868e+00   7.3110932294745536e+00   4.0000000000000000e+00
   7.0487408367267594e+00   7.4257718213128516e+00   4.0000000000000000e+00
   8.4211557060188937e+00   5.5263987292443364e+00   4.0000000000000000e+00
   1.5617370385470331e+00   3.6327159009304033e+00   4.0000000000000000e+00
   6.1577387674817050e+00   8.4621747038401587e+00   4.0000000000000000e+00
   7.2596707612445188e+00   6.3632653590390307e+00   4.0000000000000000e+00
   9.9599637081325199e+00   5.6941430241948527e+00   4.0000000000000000e+00
   2.2029310714024808e+00   3.9166662581249643e+00   4.0000000000000000e+00
   2.3691745810001317e+00   3.2076533620845602e+00   4.0000000000000000e+00
   4.3068134578254638e+00   6.0292078572550478e-01   4.0000000000000000e+00
   5.4835465304977777e+00   8.1057780485952229e+00   4.0000000000000000e+00
   5.6395707834241353e+00   8.4930842547590775e+00   4.0000000000000000e+00
   9.6437248878801736e+00   5.8714898222866951e+00   4.0000000000000000e+00
   5.5256141479423597e+00   9.3023133794852484e+00   4.0000000000000000e+00
   3.3606881823269408e+00   2.8333547580322538e+00   4.0000000000000000e+00
   4.0423212171684222e+00   1.9294986432037264e+00   4.0000000000000000e+00
   2.8535345194695436e+00   3.7285428993863157e+00   4.0000000000000000e+00
   1.8194708123095671e+00   3.1314938238420345e+00   4.0000000000000000e+00
   7.6795151714907584e-01   3.8184282309414597e+00   4.0000000000000000e+00
   3.7730689541842977e+00   2.7761701226395674e+00   4.0000000000000000e+00
   6.6323415285891691e+00   8.0986580685949097e+00   4.0000000000000000e+00
   6.4544286640635491e+00   8.2221431932889821e+00   4.0000000000000000e+00
   9.2115664394015173e+00   6.3411458080584628e+00   4.0000000000000000e+00
   3.6605013692057096e+00   7.6528073018538811e-01   4.0000000000000000e+00
   3.3245633818365983e+00   3.5356512413776917e+00   4.0000000000000000e+00
   9.0437825089040604e+00   6.3693629156428555e+00   4.0000000000000000e+00
   4.1170172742744402e+00   2.2671313971807585e+00   4.0000000000000000e+00
   5.9565526082465370e+00   7.0868420519915514e+00   4.0000000000000000e+00
   2.8506651859611387e+00   3.3559418999926094e+00   4.0000000000000000e+00
   3.8720532504577152e+00   9.3439169028054714e-01   4.0000000000000000e+00
   6.9129922219588895e+00   7.4272152590788068e+00   4.0000000000000000e+00
   6.1682646110633961e+00   6.8527514602373572e+00   4.0000000000000000e+00
   4.4323200723884710e+00   3.4644106224725801e-01   4.0000000000000000e+00
   5.7165157161971045e+00   8.7169404058056106e+00   4.0000000000000000e+00
   3.8393152877145709e+00   3.3900092302061493e+00   4.0000000000000000e+00
   7.5493789087320913e+00   5.7877733133955296e+00   4.0000000000000000e+00
   7.3580334264241660e+00   5.9758507459027532e+00   4.0000000000000000e+00
   1.7812795701190953e+00   3.4643501111209485e+00   4.0000000000000000e+00
   6.9682758042718893e+00   7.2535918595036710e+00   4.0000000000000000e+00
   6.2127094353436108e-01   4.4443828052241354e+00   4.0000000000000000e+00
   9.9330620331473565e+00   5.9007534819736938e+00   4.0000000000000000e+00
   7.2379619582527699e+00   6.7346689462746658e+00   4.0000000000000000e+00
   3.1506157933400161e+00   2.3963502995254116e+00   4.0000000000000000e+00
   1.6422375773902798e+00   4.4374546544265243e+00   4.0000000000000000e+00
   6.7419181812053930e+00   7.1222357584227316e+00   4.0000000000000000e+00
   3.6754761272472711e+00   3.5882603736327034e+00   4.0000000000000000e+00
   6.8885618246039400e+00   7.3783711410759469e+00   4.0000000000000000e+00
   6.5064197219751403e+00   6.9289192783811595e+00   4.0000000000000000e+00
   1.7455375751831048e+00   3.7503062892460970e+00   4.0000000000000000e+00
   6.3915065159946671e+00   7.3727027613609577e+00   4.0000000000000000e+00
   1.9793689977376183e-01   4.2257359413578950e+00   4.0000000000000000e+00
   3.9550439510082400e+00   3.1917360017031604e+00   4.0000000000000000e+00
   5.5864105176862129e+00   8.8283611110211897e+00   4.0000000000000000e+00
   1.9919468456053013e+00   3.3611070008140387e+00   4.0000000000000000e+00
   1.9813934751908602e+00   4.2816180287755810e+00   4.0000000000000000e+00
   8.5464787127264881e+00   6.6736425454914547e+00   4.0000000000000000e+00
   5.7723928338878219e+00   7.9836535778528237e+00   4.0000000000000000e+00
   9.3882310318573081e-01   4.4313643711345998e+00   4.0000000000000000e+00
   4.1476288489381314e+00   2.0592828026181866e+00   4.0000000000000000e+00
   1.1607718098999487e+00   4.4823839181455272e+00   4.0000000000000000e+00
   5.7369975865174450e+00   7.3009065497362213e+00   4.0000000000000000e+00
   7.4871626954187809e+00   5.5983335424705380e+00   4.0000000000000000e+00
   4.4621472865379133e+00   1.2674250983215418e+00   4.0000000000000000e+00
   1.7817977723955691e+00   3.6465248783643336e+00   4.0000000000000000e+00
   6.5179757037254715e+00   6.2315090043135202e+00   4.0000000000000000e+00
   6.3851395922104199e+00   8.6493561031763093e+00   4.0000000000000000e+00
   9.0092670774782171e+00   5.5044178979437053e+00   4.0000000000000000e+00
   2.7807961015082316e-01   4.6155580575495314e+00   4.0000000000000000e+00
   9.5415484051125308e+00   5.6562387978191211e+00   4.0000000000000000e+00
   2.8854545903228379e+00   2.6734226878265774e+00   4.0000000000000000e+00
   6.8548548291470723e+00   6.5283124845488221e+00   4.0000000000000000e+00
   2.9721876037752115e+00   2.7009113177805233e+00   4.0000000000000000e+00
   4.3669475206906156e+00   6.2622871131600144e-01   4.0000000000000000e+00
   4.1868462165410616e+00   2.0115356035298770e+00   4.0000000000000000e+00
   2.5683339293208163e+00   3.2462361538105489e+00   4.0000000000000000e+00
   3.7412321025676674e+00   1.4133257884447692e+00   4.0000000000000000e+00
   6.4365107741453862e+00   6.6831965360146830e+00   4.0000000000000000e+00
   2.7664198852418331e+00   1.5546277300201750e+00   5.0000000000000000e+00
   3.4220499242217972e+00   8.9478893122877379e-02   5.0000000000000000e+00
   3.8500543010289379e-01   3.0246873250256523e+00   5.0000000000000000e+00
   6.5036803472299676e-01   3.5481872881548835e+00   5.0000000000000000e+00
   1.6114946962941223e+00   6.2494350689886180e-01   5.0000000000000000e+00
   9.7465155916693966e+00   6.7299041609712482e+00   5.0000000000000000e+00
   8.9257143186261683e+00   8.3235747775340858e+00   5.0000000000000000e+00
   9.9318990925790125e+00   8.2546260812738907e+00   5.0000000000000000e+00
   2.8677914082999290e+00   1.7363156683201497e+00   5.0000000000000000e+00
   1.5829942522490814e+00   1.4493122706383810e-01   5.0000000000000000e+00
   2.9274733635685379e+00   8.8862827216638296e-01   5.0000000000000000e+00
   1.5894782955188491e+00   1.8736278228620229e+00   5.0000000000000000e+00
   9.3639816727622556e+00   8.6493880173175253e+00   5.0000000000000000e+00
   2.1389192084495470e+00   2.1232573807866895e+00   5.0000000000000000e+00
   8.9030403059188625e+00   7.1369466303216145e+00   5.0000000000000000e+00
   2.1537297952312127e+00   2.4137790660072858e+00   5.0000000000000000e+00
   1.3302563128745870e+00   5.7566865043715665e-01   5.0000000000000000e+00
   1.3950368453625095e+00   1.0558605139682142e+00   5.0000000000000000e+00
   2.9400351575429751e+00   1.7527192984894646e+00   5.0000000000000000e+00
   7.1896660347270700e+00   8.2954320208853609e+00   5.0000000000000000e+00
   8.6419483144140319e+00   7.4171595602492371e+00   5.0000000000000000e+00
   3.4318457960207827e-01   2.2359961652241420e+00   5.0000000000000000e+00
   1.6581037348986916e+00   2.9300713972284607e+00   5.0000000000000000e+00
   4.9040050277395220e-01   4.3205881169073646e-01   5.0000000000000000e+00
   8.2161737094302456e+00   7.2162221136010904e+00   5.0000000000000000e+00
   1.6262162959309490e-01   2.4807804840497649e+00   5.0000000000000000e+00
   8.7611632613174866e+00   6.9204735638977963e+00   5.0000000000000000e+00
   9.9912338706692942e+00   8.7890166646950281e+00   5.0000000000000000e+00
   2.9872883172676734e+00   1.9188159464945342e-01   5.0000000000000000e+00
   8.4319240357837124e+00   6.7564382617059158e+00   5.0000000000000000e+00
   8.1342986643235005e+00   8.1114576679734398e+00   5.0000000000000000e+00
   6.3993707813400293e+00   9.6623428160380875e+00   5.0000000000000000e+00
   1.6076285947829294e+00   1.6559061205780701e+00   5.0000000000000000e+00
   7.3096072940154713e+00   7.7875787861173542e+00   5.0000000000000000e+00
   8.2600808978414761e+00   7.8764294011801939e+00   5.0000000000000000e+00
   1.1834413600358540e+00   2.2091128231787338e+00   5.0000000000000000e+00
   9.3471328544796837e+00   7.2807217421859622e+00   5.0000000000000000e+00
   1.2542058772805131e+00   1.4005556282320752e+00   5.0000000000000000e+00
   1.7012600415559376e+00   1.3092332484347358e+00   5.0000000000000000e+00
   9.4298904923903692e-01   3.7919609762224193e-01   5.0000000000000000e+00
   1.2296432773048860e+00   2.0735904695632246e+00   5.0000000000000000e+00
   8.9937392701028038e+00   9.2027469413243033e+00   5.0000000000000000e+00
   7.7401028308208666e+00   8.5653964823801481e+00   5.0000000000000000e+00
   7.3100683951993410e+00   9.4472874738277994e+00   5.0000000000000000e+00
   9.6730925697257160e+00   7.0633571287331112e+00   5.0000000000000000e+00
   1.6204437870919985e+00   9.5356047592908721e-01   5.0000000000000000e+00
   6.5129966784173932e-01   1.3584825481149065e+00   5.0000000000000000e+00
   7.5445139955965477e+00   9.5919884015555130e+00   5.0000000000000000e+00
   1.3791332172438997e+00   6.2841677302376109e-01   5.0000000000000000e+00
   2.5130003546912949e+00   1.6009030017696491e-01   5.0000000000000000e+00
   7.4675990263425760e+00   8.2663049418526420e+00   5.0000000000000000e+00
   2.0515883439555447e+00   1.9739661062809288e+00   5.0000000000000000e+00
   8.0046415835573441e+00   7.3415710618170085e+00   5.0000000000000000e+00
   8.9874579908389727e+00   6.6536415611364887e+00   5.0000000000000000e+00
   8.9085896389872188e-02   1.7242108777433041e-01   5.0000000000000000e+00
   9.6317772513207722e-01   3.1300821400556367e+00   5.0000000000000000e+00
   8.4551452088989176e-01   2.3373850565834386e+00   5.0000000000000000e+00
   1.7675317771282928e+00   1.8873304723354878e+00   5.0000000000000000e+00
   4.9656665929018740e-02   6.9083974184275587e-01   5.0000000000000000e+00
   8.7602692742016042e-01   3.2795504735521206e+00   5.0000000000000000e+00
   7.9061583085634588e+00   7.9519370158681335e+00   5.0000000000000000e+00
   2.7278023251971808e+00   9.3408456686203678e-01   5.0000000000000000e+00
   2.8131411318769892e+00   1.4486281149118085e+00   5.0000000000000000e+00
   7.1325346082985330e+00   9.9447748935644444e+00   5.0000000000000000e+00
   7.8159300617996541e+00   8.9262280959045430e+00   5.0000000000000000e+00
   9.9926514008897307e+00   6.4245047923929119e+00   5.0000000000000000e+00
   1.3202872554112688e+00   1.9918364034217173e+00   5.0000000000000000e+00
   8.6081999363696902e+00   8.4592839527128945e+00   5.0000000000000000e+00
   3.3266851440433252e+00   1.1014628015566386e+00   5.0000000000000000e+00
   7.0700374431782897e+00   8.6262962757164594e+00   5.0000000000000000e+00
   8.1552161475463052e+00   8.9344871633093845e+00   5.0000000000000000e+00
   7.8264621206526908e+00   9.2822878378309799e+00   5.0000000000000000e+00
   7.4317973754433018e+00   8.2258190885846076e+00   5.0000000000000000e+00
   7.2003897284857485e+00   8.9790815342915788e+00   5.0000000000000000e+00
   1.5233994585769750e+00   1.7407229825537907e+00   5.0000000000000000e+00
   7.6841089296992759e+00   8.9827712085243459e+00   5.0000000000000000e+00
   1.8427567172187875e+00   3.0423517969141556e+00   5.0000000000000000e+00
   9.6727807215973467e+00   8.4013266214449835e+00   5.0000000000000000e+00
   2.9196942021657235e+00   2.3806971261466470e-01   5.0000000000000000e+00
   1.6841421282767965e+00   2.7824705255883799e+00   5.0000000000000000e+00
   4.7585975129154856e-01   3.5266758710513688e+00   5.0000000000000000e+00
   9.9295426119676549e+00   9.4934858972737217e+00   5.0000000000000000e+00
   8.8589870623538367e+00   9.1444550964387830e+00   5.0000000000000000e+00
   8.0965150703702466e+00   9.0845269259733250e+00   5.0000000000000000e+00
   9.6351779895030880e+00   7.2606075297408204e+00   5.0000000000000000e+00
   1.6077591105110023e+00   3.1221166079884464e+00   5.0000000000000000e+00
   9.9270300463580750e+00   7.2399326095440921e+00   5.0000000000000000e+00
   1.1745286682124867e+00   2.2517891756815143e+00   5.0000000000000000e+00
   3.4101700233442243e+00   4.2172705566933200e-01   5.0000000000000000e+00
   9.1334808648840031e+00   9.5245509798376577e+00   5.0000000000000000e+00
   3.5629395651991902e+00   3.2795216035697683e-01   5.0000000000000000e+00
   2.6408893127295863e+00   1.6257862723360872e+00   5.0000000000000000e+00
   2.5466144269410105e+00   5.4010474993063662e-01   5.0000000000000000e+00
   2.1671842833230315e-01   3.2198159646740079e+00   5.0000000000000000e+00
   7.5622943914540519e+00   8.7743623875080576e+00   5.0000000000000000e+00
   9.7332701579051717e-01   9.8746150183500858e-01   5.0000000000000000e+00
   8.7865327131882811e+00   8.1512664355030822e+00   5.0000000000000000e+00
   1.9884261991822050e+00   2.0368631961119932e+00   5.0000000000000000e+00
   7.9291891033881035e+00   7.1311997121878159e+00   5.0000000000000000e+00
   8.9698267383118271e+00   7.2869710381595159e+00   5.0000000000000000e+00
   6.2905171013001637e-01   1.5040032942293946e-01   5.0000000000000000e+00
   2.1985403416960536e-01   3.5973161370083764e+00   5.0000000000000000e+00
   1.8981190400055425e+00   2.6906766558187933e+00   5.0000000000000000e+00
   2.1182353084971464e+00   3.1304387982879933e-01   5.0000000000000000e+00
   2.4568619289219340e+00   1.7865558781144031e+00   5.0000000000000000e+00
   9.8903493894595389e+00   8.1097542153139521e+00   5.0000000000000000e+00
   9.8849423068427598e+00   6.7646823542722050e+00   5.0000000000000000e+00
   1.8822591916261344e-01   2.5723333276581375e+00   5.0000000000000000e+00
   2.5243488502107816e+00   6.9896334503495638e-01   5.0000000000000000e+00
   1.5639180127794139e+00   2.3248193009127061e+00   5.0000000000000000e+00
   6.7483145412735599e+00   8.9431147328463378e+00   5.0000000000000000e+00
   6.4796798151800692e+00   9.5799529818299636e+00   5.0000000000000000e+00
   9.8362808903278847e+00   6.4960259278551931e+00   5.0000000000000000e+00
   9.2861902179618454e+00   9.9181937231301998e+00   5.0000000000000000e+00
   2.2965448664769905e-01   4.2873504298896692e-01   5.0000000000000000e+00
   9.5735425572665029e+00   6.9217102327007378e+00   5.0000000000000000e+00
   9.8568503658223894e-01   7.8068190403393634e-01   5.0000000000000000e+00
   6.9635639462320187e+00   9.0332771226494248e+00   5.0000000000000000e+00
   1.0336179387976607e+00   2.4117382772385563e+00   5.0000000000000000e+00
   8.8614085838701087e+00   9.0858877478156010e+00   5.0000000000000000e+00
   3.3999446824238913e+00   1.1875560897028392e+00   5.0000000000000000e+00
   9.7285119636880442e+00   6.3024963117420816e+00   5.0000000000000000e+00
   3.5381531347564943e-01   1.6234031484493072e+00   5.0000000000000000e+00
   8.3352501484833326e+00   9.5411580716384652e+00   5.0000000000000000e+00
   3.2114678317388812e+00   6.0105344820072237e-01   5.0000000000000000e+00
   7.8466956014840754e+00   7.4768511298751728e+00   5.0000000000000000e+00
   2.0131288190156873e+00   1.7337197670435123e+00   5.0000000000000000e+00
   1.4859103381735628e+00   2.1345944825672070e+00   5.0000000000000000e+00
   2.4835504919836229e+00   5.1566354293691163e-01   5.0000000000000000e+00
   6.5921282759028133e+00   9.2439400532228468e+00   5.0000000000000000e+00
   2.1258797466621471e+00   1.0687440721197861e+00   5.0000000000000000e+00
   1.3167075676030415e+00   3.0462676415309673e+00   5.0000000000000000e+00
   9.6443699147127155e+00   8.2647341526014326e+00   5.0000000000000000e+00
   1.3608996170302179e+00   2.5895347594382367e+00   5.0000000000000000e+00
   6.6006039395066054e+00   9.4961348061194286e+00   5.0000000000000000e+00
   9.8449320809230354e+00   6.4641626371900269e+00   5.0000000000000000e+00
   8.5581955148771427e-01   1.2830606886825946e+00   5.0000000000000000e+00
   6.8138924066193187e+00   9.4816264609405039e+00   5.0000000000000000e+00
   7.1726998453394577e+00   9.0505138501738021e+00   5.0000000000000000e+00
   2.5194835042943406e+00   1.3567896412414748e+00   5.0000000000000000e+00
   9.9512910665607208e+00   9.0081643501169228e+00   5.0000000000000000e+00
   7.6411051055213717e+00   7.3788444496131582e+00   5.0000000000000000e+00
   1.2636681447201448e+00   1.9030958439721091e+00   5.0000000000000000e+00
   7.7935180217169631e+00   9.2726887061297685e+00   5.0000000000000000e+00
   7.9070666963701441e+00   9.1298984385061406e+00   5.0000000000000000e+00
   9.2344497367226843e+00   8.1488023855937399e+00   5.0000000000000000e+00
   9.2331298235185617e+00   8.0037259295855705e+00   5.0000000000000000e+00
   9.6872149842023436e+00   9.0442517152768716e+00   5.0000000000000000e+00
   1.5347828205789105e+00   1.3394186330318814e+00   5.0000000000000000e+00
   9.1940829337638141e-01   1.2724455665324785e+00   5.0000000000000000e+00
   8.2229577792884108e+00   9.6835602922010118e+00   5.0000000000000000e+00
   3.1041674033666631e+00   7.4589462139379559e-01   5.0000000000000000e+00
   3.0144534672157395e+00   1.3088566970809001e+00   5.0000000000000000e+00
   9.1531209199417454e+00   9.8711541873503510e+00   5.0000000000000000e+00
   1.6083885169794276e+00   6.6045561437745759e-01   5.0000000000000000e+00
   6.9002026553701579e-01   9.9361655816359140e-01   5.0000000000000000e+00
   9.9383959398656891e+00   6.8266307035129863e+00   5.0000000000000000e+00
   1.6568830591575967e+00   1.8245642072676782e+00   5.0000000000000000e+00
   1.6980194106322677e+00   2.2990665498075389e+00   5.0000000000000000e+00
   8.2278865194843505e+00   9.5222998728502830e+00   5.0000000000000000e+00
   9.9237163984829184e+00   7.4846086659692119e+00   5.0000000000000000e+00
   1.2036295223554738e+00   1.3878308761494762e-01   5.0000000000000000e+00
   1.9779145699762801e+00   2.4520123926145176e+00   5.0000000000000000e+00
   7.6244693741756677e+00   7.4549938771544273e+00   5.0000000000000000e+00
   9.4473546126549679e-01   3.3183897410972909e+00   5.0000000000000000e+00
   1.1843732621072944e+00   3.4112577464787455e+00   5.0000000000000000e+00
   9.8026355977080026e+00   7.0753843557665181e+00   5.0000000000000000e+00
   1.4393083135098850e+00   3.2481814969338627e+00   5.0000000000000000e+00
   7.2847911201119970e+00   9.8256013770051389e+00   5.0000000000000000e+00
   7.9018982772542810e+00   8.4190480889204338e+00   5.0000000000000000e+00
   7.5686267950979413e+00   9.3329230029964840e+00   5.0000000000000000e+00
   6.8329640858519114e-01   1.1077626706383914e+00   5.0000000000000000e+00
   8.7297920733312022e+00   8.2926768769971559e+00   5.0000000000000000e+00
   2.8361862789940497e+00   2.4402977070376530e-01   5.0000000000000000e+00
   9.5010340237915063e+00   9.3830727200619375e+00   5.0000000000000000e+00
   9.5269919388662156e+00   8.6664378708130378e+00   5.0000000000000000e+00
   1.9531019491092372e+00   3.0840573162950191e-02   5.0000000000000000e+00
   2.3879038783816098e+00   2.0673948221615381e+00   5.0000000000000000e+00
   8.7357525399985132e+00   7.3022719170265447e+00   5.0000000000000000e+00
   7.1203212664741748e+00   8.3991384177415220e+00   5.0000000000000000e+00
   2.7371503693301125e+00   1.6320284623326797e-02   5.0000000000000000e+00
   5.4722257350231063e-01   3.5103407876908954e+00   5.0000000000000000e+00
   9.7361617104504417e-02   4.5548267586628222e-01   5.0000000000000000e+00
   8.3517801277811756e+00   8.0957357811822686e+00   5.0000000000000000e+00
   2.2245917301092497e+00   3.9831750575600733e-02   5.0000000000000000e+00
   9.8719797477111317e+00   9.4590866730345908e+00   5.0000000000000000e+00
   1.9386374370144144e+00   2.1420841485904529e+00   5.0000000000000000e+00
   1.1780104130895486e+00   1.6123320350372472e+00   5.0000000000000000e+00
   8.6314885924293927e-01   1.1605058798202217e+00   5.0000000000000000e+00
   2.1290384708283883e+00   1.8281653387927999e+00   5.0000000000000000e+00
   7.1553577006643962e+00   9.8247710575800120e+00   5.0000000000000000e+00
   2.2898365371461948e-01   3.6538285999029450e+00   5.0000000000000000e+00
   7.9175770776924024e+00   7.0988085814599566e+00   5.0000000000000000e+00
   7.5588950538834414e+00   7.4627542896597117e+00   5.0000000000000000e+00
   6.5177987229217402e+00   9.2965613714489042e+00   5.0000000000000000e+00
   7.2163201520329165e+00   9.5026011810770736e+00   5.0000000000000000e+00
   9.2274792091184601e+00   7.5732414906852092e+00   5.0000000000000000e+00
   8.9863221356059313e+00   9.9093663421046205e+00   5.0000000000000000e+00
   2.9937599825376471e-01   2.7209256258676873e-01   5.0000000000000000e+00
   9.3073017151316577e+00   7.4616874405484790e+00   5.0000000000000000e+00
   1.9694922689484673e+00   5.9569336944147899e-01   5.0000000000000000e+00
   6.8135419133278807e-01   1.9688551219068351e+00   5.0000000000000000e+00
   9.3281009119207106e+00   7.1367167250286014e+00   5.0000000000000000e+00
   8.3724882260044193e+00   8.8544083304254126e+00   5.0000000000000000e+00
   9.6522270247653257e+00   7.8176247816924089e+00   5.0000000000000000e+00
   3.5969587637798917e+00   4.7282077611619844e-01   5.0000000000000000e+00
