   7.6541236827081960e+00   2.3575781809946905e-02   1.0000000000000000e+00
   9.3549805202627656e+00   7.4746386181861801e-01   1.0000000000000000e+00
   8.1646119567395736e+00   2.0374505857700664e+00   1.0000000000000000e+00
   2.9714108574638463e+00   9.8949646779047171e+00   1.0000000000000000e+00
   2.2313650862329872e+00   9.1108829229164563e+00   1.0000000000000000e+00
   2.1018750516507358e+00   9.3243751262241794e+00   1.0000000000000000e+00
   8.9576095295133911e+00   1.6485858195525327e+00   1.0000000000000000e+00
   2.3002427570789354e+00   9.4992828738898485e+00   1.0000000000000000e+00
   9.6529322571379215e+00   1.4646781495220873e+00   1.0000000000000000e+00
   7.8348612905722090e+00   1.2154243835401135e+00   1.0000000000000000e+00
   9.5572914334045240e+00   8.3337634362812274e-02   1.0000000000000000e+00
   2.5815473015966459e+00   8.4747416483487594e+00   1.0000000000000000e+00
   7.4927152405805608e-01   7.3292690333109043e+00   1.0000000000000000e+00
   2.6559651127225914e-02   8.0175529605250535e+00   1.0000000000000000e+00
   9.4278625439794190e+00   9.3822592175835329e-01   1.0000000000000000e+00
   2.2685010481445111e-01   7.6967769316060819e+00   1.0000000000000000e+00
   1.6046057007894565e+00   9.9420299818195517e+00   1.0000000000000000e+00
   1.5769952464955106e+00   8.1075272830450018e+00   1.0000000000000000e+00
   3.2527569494367938e+00   9.9229125397494862e+00   1.0000000000000000e+00
   8.8522178255782276e+00   2.1133809857494024e+00   1.0000000000000000e+00
   9.1412990626170476e+00   1.1086731787000015e+00   1.0000000000000000e+00
   1.5459805259456783e-01   9.2627588430528203e+00   1.0000000000000000e+00
   3.6169605034244103e+00   9.7663464682372805e+00   1.0000000000000000e+00
   6.9574110339889250e-01   9.9048993865864379e+00   1.0000000000000000e+00
   9.8553117126523855e+00   3.6942077706938248e-01   1.0000000000000000e+00
   3.8037494473518341e-01   7.2606811417811166e+00   1.0000000000000000e+00
   6.5686101783068800e+00   4.6232465700184466e-02   1.0000000000000000e+00
   1.6151540659241803e+00   6.9136596076823604e+00   1.0000000000000000e+00
   3.2712806220315782e+00   9.7275778738717538e+00   1.0000000000000000e+00
   8.1946903834563596e+00   9.3145430618331915e-01   1.0000000000000000e+00
   7.2044297709598908e+00   8.1009008712271680e-01   1.0000000000000000e+00
   4.9722814216427436e-02   7.9998984522208039e+00   1.0000000000000000e+00
   6.6211428517546356e-01   9.9632680177476747e+00   1.0000000000000000e+00
   9.5775313741890518e+00   2.5135529168499993e+00   1.0000000000000000e+00
   7.3826118528727633e+00   2.3562461652085220e+00   1.0000000000000000e+00
   9.1240004453554953e+00   1.6488413867836516e+00   1.0000000000000000e+00
   2.7558332462063682e+00   9.5328989839297407e+00   1.0000000000000000e+00
   8.8750692817865193e+00   3.0930893940350925e+00   1.0000000000000000e+00
   1.3728333300719087e+00   7.2195865687688254e+00   1.0000000000000000e+00
   9.8980151844337061e-01   9.0871611388313216e+00   1.0000000000000000e+00
   9.3685942799444639e+00   1.2362342458693298e+00   1.0000000000000000e+00
   2.4982081505294875e+00   7.8608789129819945e+00   1.0000000000000000e+00
   9.2628005767757049e+00   7.0625412414952793e-01   1.0000000000000000e+00
   9.3670438190798038e+00   1.4999993685399016e+00   1.0000000000000000e+00
   2.5650947641034429e+00   8.0897289324268780e+00   1.0000000000000000e+00
   5.6630456190868150e-01   7.9771914416535230e+00   1.0000000000000000e+00
   9.4814539098105186e+00   3.2628089472984936e+00   1.0000000000000000e+00
   8.7452836076648026e+00   2.4515816255852152e+00   1.0000000000000000e+00
   3.0780963494525357e+00   8.8923268002940485e+00   1.0000000000000000e+00
   7.7255700744271536e+00   5.8893587889792154e-01   1.0000000000000000e+00
   9.2633113179067070e+00   7.7767066482081870e-01   1.0000000000000000e+00
   9.9218781982085140e+00   3.3894515274497161e+00   1.0000000000000000e+00
   2.7675449176917679e+00   8.6140175045021792e+00   1.0000000000000000e+00
   8.0840669945641270e+00   1.5171763900416724e+00   1.0000000000000000e+00
   8.1247646180854858e+00   7.5086657696710857e-01   1.0000000000000000e+00
   9.4092448635476842e+00   3.3184711681680690e-01   1.0000000000000000e+00
   8.6666931131875682e+00   1.0130392617011674e+00   1.0000000000000000e+00
   4.6618625099693944e-01   8.3543201559226699e+00   1.0000000000000000e+00
   7.8007350000006941e+00   2.4853163425506386e+00   1.0000000000000000e+00
   8.4046479287510927e+00   2.5258962490074555e+00   1.0000000000000000e+00
   7.5750250612585246e+00   6.5755173263996158e-01   1.0000000000000000e+00
   1.8700498114991282e+00   7.4588125937954288e+00   1.0000000000000000e+00
   7.4728946917051955e+00   2.3279096712764549e+00   1.0000000000000000e+00
   9.7962833698622696e+00   2.2550425878259803e+00   1.0000000000000000e+00
   7.5473498730205515e+00   2.5420338726908653e+00   1.0000000000000000e+00
   7.9608304732604349e+00   3.9612087877408109e-01   1.0000000000000000e+00
   2.4787824415800719e+00   7.9497260594095991e+00   1.0000000000000000e+00
   7.6735330180816277e+00   9.4271868509652190e-01   1.0000000000000000e+00
   8.7666199460650098e+00   2.6086508986387158e+00   1.0000000000000000e+00
   3.2178313132505454e+00   8.5438866605107879e+00   1.0000000000000000e+00
   5.1109305668237681e-01   8.0708762457560503e+00   1.0000000000000000e+00
   9.6501326518551362e+00   2.2478417948999274e+00   1.0000000000000000e+00
   7.5590776381004963e+00   5.1591013482081949e-01   1.0000000000000000e+00
   1.3590237153393459e+00   9.5277916561485156e+00   1.0000000000000000e+00
   7.2192792020268257e+00   9.5948101486239556e-01   1.0000000000000000e+00
   2.0210014117111905e+00   9.9747394696644758e+00   1.0000000000000000e+00
   1.6091605940029419e+00   7.8178438331510813e+00   1.0000000000000000e+00
   8.8056330952429596e-02   7.5370986004212970e+00   1.0000000000000000e+00
   6.4452214978926170e-02   8.1090589894393954e+00   1.0000000000000000e+00
   8.8901958989561103e-01   8.9366014937412341e+00   1.0000000000000000e+00
   8.6927262870727384e-02   7.1673457367579205e+00   1.0000000000000000e+00
   7.7870921710309817e+00   2.0724095042194413e-01   1.0000000000000000e+00
   9.0064008628550276e+00   2.9831901953895068e-02   1.0000000000000000e+00
   9.8840759294339211e+00   1.3343667148065874e+00   1.0000000000000000e+00
   1.7093729453449924e+00   7.7517185610623764e+00   1.0000000000000000e+00
   9.1330562011262888e+00   2.3386847366409445e+00   1.0000000000000000e+00
   9.6021844640534724e+00   3.4092898172119690e-01   1.0000000000000000e+00
   2.7196748489308034e+00   8.2733224662641316e+00   1.0000000000000000e+00
   2.4843736423088880e+00   7.5457631677089489e+00   1.0000000000000000e+00
   2.8856286696040403e+00   9.1975501858217541e+00   1.0000000000000000e+00
   8.2169571373108532e+00   7.9828624588480723e-01   1.0000000000000000e+00
   8.5788704074648336e-01   9.3553228828344288e+00   1.0000000000000000e+00
   7.4773608302689745e+00   1.0088675090809562e+00   1.0000000000000000e+00
   2.4600104174604676e+00   9.7461866502660541e+00   1.0000000000000000e+00
   7.7655787169823860e+00   1.7441064148252683e+00   1.0000000000000000e+00
   6.2426877255431945e-01   7.4876214516850705e+00   1.0000000000000000e+00
   2.0891678396289661e+00   7.7579087524683654e+00   1.0000000000000000e+00
   9.9440896838159514e+00   2.0541172052043977e-01   1.0000000000000000e+00
   4.4020696180771424e-01   6.6664241088192124e+00   1.0000000000000000e+00
   3.9752484541757060e-01   6.9877668785622271e+00   1.0000000000000000e+00
   8.5189258830435080e+00   2.7060088766750479e-01   1.0000000000000000e+00
   1.5902268405638353e-01   8.9882251969294433e+00   1.0000000000000000e+00
   1.9172086312871950e+00   7.5986283544393105e+00   1.0000000000000000e+00
   8.7044727641675674e+00   2.0481305449158893e+00   1.0000000000000000e+00
   9.5748445556175810e+00   3.3769129006268783e+00   1.0000000000000000e+00
   2.6577658417291428e+00   8.2263229703187886e+00   1.0000000000000000e+00
   9.2320058434001151e-02   6.3646679834907136e+00   1.0000000000000000e+00
   4.1078318717641449e-01   6.4688271875421366e+00   1.0000000000000000e+00
   9.5475219043741024e+00   2.0565019129080317e+00   1.0000000000000000e+00
   8.9217706060110107e+00   2.1259014361371040e+00   1.0000000000000000e+00
   8.6377713175158615e+00   3.1090030659751209e+00   1.0000000000000000e+00
   8.4752760453232643e+00   6.6666167623296801e-01   1.0000000000000000e+00
   9.5649482451423431e+00   2.8033657767032616e+00   1.0000000000000000e+00
   6.8626068843452090e+00   1.5829676721082986e+00   1.0000000000000000e+00
   7.5651361188851229e+00   1.8642890585215444e+00   1.0000000000000000e+00
   7.8832654840891063e+00   2.1219048957681244e+00   1.0000000000000000e+00
   5.0846719403234930e-01   6.8819025525380280e+00   1.0000000000000000e+00
   9.5300838266340619e+00   1.2111430969106252e+00   1.0000000000000000e+00
   3.6357126578031029e+00   9.8094209093879066e+00   1.0000000000000000e+00
   8.3368703889307874e+00   1.5269170398571208e+00   1.0000000000000000e+00
   8.9485587212550346e+00   1.5590285211620858e+00   1.0000000000000000e+00
   9.1357513043888243e+00   1.3981330192011654e+00   1.0000000000000000e+00
   9.1143517249297759e+00   4.5688108938470862e-02   1.0000000000000000e+00
   7.0848515320122303e+00   7.7445849771289987e-01   1.0000000000000000e+00
   3.4446032431503015e+00   9.3546214580040257e+00   1.0000000000000000e+00
   8.9884037112219541e+00   2.3508955936721443e+00   1.0000000000000000e+00
   8.9748134305925653e+00   2.8771302431050296e+00   1.0000000000000000e+00
   8.2875603610623134e+00   8.0829618789451718e-01   1.0000000000000000e+00
   8.9824111679035710e+00   1.3792953042992306e+00   1.0000000000000000e+00
   9.1760221347339606e+00   6.5127372338118383e-01   1.0000000000000000e+00
   9.6701771639368665e+00   1.0231535351725596e+00   1.0000000000000000e+00
   3.9735348904217371e-01   8.8323964226396772e+00   1.0000000000000000e+00
   7.3386338244722200e+00   1.6987782207553337e+00   1.0000000000000000e+00
   8.0222106285969055e+00   1.0724536888085789e+00   1.0000000000000000e+00
   3.5637268986597546e+00   9.6650112174861960e+00   1.0000000000000000e+00
   1.5177560464211404e+00   9.4986996003137847e+00   1.0000000000000000e+00
   4.6724249820123687e-02   9.3423935025512321e+00   1.0000000000000000e+00
   9.8313038641307546e+00   1.9642679783519157e+00   1.0000000000000000e+00
   9.2619539671262530e+00   2.0336622201527743e+00   1.0000000000000000e+00
   8.2182301623105101e+00   9.3908448154648716e-01   1.0000000000000000e+00
   1.9780760803562347e+00   8.4380320822175054e+00   1.0000000000000000e+00
   9.3363287936720578e+00   8.0567280431310340e-01   1.0000000000000000e+00
   2.5192218112225753e+00   8.2013523598063482e+00   1.0000000000000000e+00
   1.3055128423120510e-01   7.4818965310087568e+00   1.0000000000000000e+00
   9.5301545711789917e+00   1.3401993476736607e+00   1.0000000000000000e+00
   6.8068833814649512e+00   1.0191856043929315e+00   1.0000000000000000e+00
   9.3323764223104844e-01   7.3209719145283625e+00   1.0000000000000000e+00
   7.0237864562100150e+00   2.2695684860670196e-01   1.0000000000000000e+00
   6.9472220513154266e+00   1.4060822371884840e+00   1.0000000000000000e+00
   7.6404961161774709e+00   2.1189840410015561e+00   1.0000000000000000e+00
   2.6803098036719577e+00   8.7855982688602072e+00   1.0000000000000000e+00
   1.6808387017867643e+00   7.9232755938782296e+00   1.0000000000000000e+00
   7.8629075766568457e+00   1.3339717256608585e+00   1.0000000000000000e+00
   2.2671061490288147e+00   9.2548100191582598e+00   1.0000000000000000e+00
   9.4413865235450576e+00   5.5680997305258439e-01   1.0000000000000000e+00
   3.6264131132536370e+00   9.9491370605939142e+00   1.0000000000000000e+00
   2.5450836047565630e+00   8.4455151376653426e+00   1.0000000000000000e+00
   2.7505773255134969e+00   9.9664183694133985e+00   1.0000000000000000e+00
   8.3715598315323803e+00   2.6186076752917131e+00   1.0000000000000000e+00
   8.2761675211795680e+00   2.3170026267126111e+00   1.0000000000000000e+00
   3.6316698291300242e-01   9.1942776490674376e+00   1.0000000000000000e+00
   9.6067700642075895e+00   3.1608172430796277e-01   1.0000000000000000e+00
   3.0680384579939379e-01   7.3279641769065043e+00   1.0000000000000000e+00
   7.9343001794587327e+00   3.2609565282836206e-01   1.0000000000000000e+00
   2.2588577760172202e-01   9.7036028511470427e+00   1.0000000000000000e+00
   1.8092029369876850e+00   8.7057462749328813e+00   1.0000000000000000e+00
   8.0492634890968873e+00   2.5665175475721522e+00   1.0000000000000000e+00
   9.0463693559668261e+00   3.2680254426943001e-01   1.0000000000000000e+00
   1.1441997072958687e+00   8.3482257273425908e+00   1.0000000000000000e+00
   7.7815240811586044e+00   1.3894283373304728e+00   1.0000000000000000e+00
   3.0385447467962114e+00   8.9011230391296259e+00   1.0000000000000000e+00
   7.9443116883617488e+00   1.4498011440736314e+00   1.0000000000000000e+00
   7.9054313414862172e+00   2.1914274445138995e+00   1.0000000000000000e+00
   8.9126273365291162e+00   2.2313571849622216e+00   1.0000000000000000e+00
   3.2084892430287502e+00   8.9981199959426341e+00   1.0000000000000000e+00
   6.5365563292573503e+00   1.6668041506506137e-01   1.0000000000000000e+00
   8.6297475847901861e+00   9.0553426928629777e-01   1.0000000000000000e+00
   1.6993249441412950e+00   9.7141724184821854e+00   1.0000000000000000e+00
   8.6509325091517137e+00   2.3273714692847882e+00   1.0000000000000000e+00
   7.2735154167583813e+00   7.2372961172611494e-01   1.0000000000000000e+00
   7.8557357298157138e+00   1.0627519756068760e+00   1.0000000000000000e+00
   2.2935087652377728e+00   9.2066162638295843e+00   1.0000000000000000e+00
   5.9340020535892823e-01   6.6824358259760874e+00   1.0000000000000000e+00
   6.9567111396283576e-01   9.4233495419435744e+00   1.0000000000000000e+00
   1.9075890954284325e+00   8.0597891509644537e+00   1.0000000000000000e+00
   9.9272599894479789e+00   3.6160316943413950e+00   1.0000000000000000e+00
   3.0067601994112647e+00   9.8589572751485601e+00   1.0000000000000000e+00
   7.5423600893855998e+00   4.2219692695092403e-02   1.0000000000000000e+00
   7.4851283891068370e+00   2.0122987890796882e+00   1.0000000000000000e+00
   8.8717073461568283e+00   1.9666728676694922e+00   1.0000000000000000e+00
   3.0567585470590517e+00   9.8558540158963712e+00   1.0000000000000000e+00
   2.1577248366946753e+00   7.1682260063214498e+00   1.0000000000000000e+00
   7.9705006678838428e+00   1.2645671619754795e+00   1.0000000000000000e+00
   1.1277736980060915e+00   7.2347615449903548e+00   1.0000000000000000e+00
   7.2139706431305299e+00   1.7738558110954250e+00   1.0000000000000000e+00
   8.5551944866172533e+00   4.6374756519762861e-01   1.0000000000000000e+00
   9.4598231125345809e+00   2.8319417978322337e+00   1.0000000000000000e+00
   9.5603484842438977e+00   1.1206648100240102e+00   1.0000000000000000e+00
   6.8758126048787975e+00   9.9924611931027418e-01   1.0000000000000000e+00
   1.7661071703607389e+00   7.2564858871565043e+00   1.0000000000000000e+00
   8.1001660929490509e+00   2.5770298728476537e+00   1.0000000000000000e+00
   8.5947484651299177e+00   1.1877911317385870e+00   1.0000000000000000e+00
   1.4255204319992054e+00   6.9374009080313570e+00   1.0000000000000000e+00
   2.4314544646436764e+00   7.4665912916794417e+00   1.0000000000000000e+00
   2.3960525442869751e+00   7.4808990659804859e+00   1.0000000000000000e+00
   4.1103647095625195e-01   9.0522191304145636e+00   1.0000000000000000e+00
   7.4591528117618600e+00   1.1922738957849233e-01   1.0000000000000000e+00
   7.8098690242129565e-01   9.8093234912126057e+00   1.0000000000000000e+00
   2.6533505092325216e-01   9.6077308558083665e+00   1.0000000000000000e+00
   1.8620760092363609e+00   7.5589807701141742e+00   1.0000000000000000e+00
   2.0255569044352981e+00   7.3961855616747476e+00   1.0000000000000000e+00
   1.7482658093248460e+00   9.9252471344123006e+00   1.0000000000000000e+00
   9.9937728147947791e+00   3.6533206528706899e+00   1.0000000000000000e+00
   7.3168679992638985e-02   8.8909020587951559e+00   1.0000000000000000e+00
   8.9463920982280865e+00   3.3626485298506159e+00   1.0000000000000000e+00
   6.4470814445161464e+00   2.1143473054914819e-01   1.0000000000000000e+00
   8.2748839968879544e+00   3.7149775732567614e-01   1.0000000000000000e+00
   7.4642526515093488e+00   4.7497458577872020e-03   1.0000000000000000e+00
   9.2472502747705789e+00   1.2151988175983408e+00   1.0000000000000000e+00
   2.3891224372792195e+00   8.2539280871120742e+00   1.0000000000000000e+00
   7.0923451793376282e+00   8.9480447492127468e-01   1.0000000000000000e+00
   4.0395542824916308e-01   9.4789523857506666e+00   1.0000000000000000e+00
   1.0596342401810677e+00   8.7001093689060163e+00   1.0000000000000000e+00
   8.9987012813783114e+00   3.1274396631437740e+00   1.0000000000000000e+00
   7.5216348751385205e+00   1.5004108064374477e+00   1.0000000000000000e+00
   7.7176935779610725e+00   1.3654559986675729e+00   1.0000000000000000e+00
   7.5840282335031670e+00   1.1310109480189501e+00   1.0000000000000000e+00
   7.2547560963219491e+00   3.3259424099705184e+00   2.0000000000000000e+00
   3.8469688131799007e+00   7.4601294186430529e+00   2.0000000000000000e+00
   8.9546851750926670e+00   3.9637109367966641e+00   2.0000000000000000e+00
   3.9260291808534067e+00   9.1414244626320063e+00   2.0000000000000000e+00
   6.1998151239193708e+00   1.0547331845615415e+00   2.0000000000000000e+00
   5.8771255432362448e+00   8.8607718547605407e-01   2.0000000000000000e+00
   8.5761892139766776e+00   3.3326270116716428e+00   2.0000000000000000e+00
   6.9171700589654126e+00   2.6031021654625563e+00   2.0000000000000000e+00
   3.3627495018871043e+00   6.0094182351265815e+00   2.0000000000000000e+00
   7.2959560790748403e+00   3.2406292058232200e+00   2.0000000000000000e+00
   1.9786530130359736e+00   5.6313800988637848e+00   2.0000000000000000e+00
   4.2125524161247014e+00   9.1752399172403933e+00   2.0000000000000000e+00
   8.4381350923198823e+00   4.4884169544721946e+00   2.0000000000000000e+00
   1.9141129067057339e-02   5.5595667093290926e+00   2.0000000000000000e+00
   1.8974346434988076e-01   6.2252992198004904e+00   2.0000000000000000e+00
   3.8021211600212745e+00   8.5469189960849601e+00   2.0000000000000000e+00
   2.6691399175169517e+00   6.2217195936659540e+00   2.0000000000000000e+00
   4.4045886495149382e+00   7.8446892150203826e+00   2.0000000000000000e+00
   5.6756405053881416e+00   3.0922848555415348e+00   2.0000000000000000e+00
   4.2218645411467755e+00   6.4755902263025149e+00   2.0000000000000000e+00
   6.5177179830278762e+00   1.5160487189921734e+00   2.0000000000000000e+00
   5.6584822860384243e+00   8.4584483410213740e-01   2.0000000000000000e+00
   5.6264898236394654e+00   2.3085667811611579e+00   2.0000000000000000e+00
   5.4402953325716688e+00   2.2501338640476853e+00   2.0000000000000000e+00
   7.7208317753041964e+00   3.9480312571145761e+00   2.0000000000000000e+00
   5.8256149081185251e+00   2.7997739456746871e+00   2.0000000000000000e+00
   8.4146305545234643e+00   3.9991450218127578e+00   2.0000000000000000e+00
   7.9392695600957719e+00   3.1639398649798478e+00   2.0000000000000000e+00
   2.8524446526187788e+00   5.8551957226959628e+00   2.0000000000000000e+00
   7.6490785636076253e-01   5.9946735342149573e+00   2.0000000000000000e+00
   2.7400475671914903e+00   6.8636111114422604e+00   2.0000000000000000e+00
   3.2531004646336790e+00   5.8258464830404968e+00   2.0000000000000000e+00
   5.9587091043765907e+00   1.3508737548696370e+00   2.0000000000000000e+00
   4.5973861905308926e+00   8.0732448650970312e+00   2.0000000000000000e+00
   6.8973915912901340e+00   4.2259617900332778e+00   2.0000000000000000e+00
   3.3836142270536964e+00   7.1198539696094816e+00   2.0000000000000000e+00
   3.1817832816286895e+00   6.4324293584012713e+00   2.0000000000000000e+00
   6.9244654295939174e+00   2.8085499031827310e+00   2.0000000000000000e+00
   7.7883948752352774e+00   4.3539486902743256e+00   2.0000000000000000e+00
   5.6399413271902565e+00   1.8640764876212779e+00   2.0000000000000000e+00
   1.2384101850734019e-01   5.6668037290577296e+00   2.0000000000000000e+00
   3.9556581982665739e+00   9.0109170430030368e+00   2.0000000000000000e+00
   2.4513167691428430e+00   6.0066637779763532e+00   2.0000000000000000e+00
   6.4322399897485671e-01   6.1293088847143817e+00   2.0000000000000000e+00
   7.5876572575427490e+00   4.2936043876082319e+00   2.0000000000000000e+00
   2.1299840094554767e+00   6.2738064742104447e+00   2.0000000000000000e+00
   9.2891258864880939e+00   3.6238141230024956e+00   2.0000000000000000e+00
   3.2375919952558729e+00   7.9173889577100987e+00   2.0000000000000000e+00
   1.1902794613048040e+00   6.0773827495219068e+00   2.0000000000000000e+00
   2.8403104722753936e+00   6.4478048486630843e+00   2.0000000000000000e+00
   8.0056327336435213e+00   3.2616385762400757e+00   2.0000000000000000e+00
   4.1325297171349327e+00   9.3623822805158579e+00   2.0000000000000000e+00
   8.0182262836308791e+00   3.8048936024472892e+00   2.0000000000000000e+00
   6.2513517476960239e+00   1.2056778053414274e+00   2.0000000000000000e+00
   4.0393777600636529e+00   7.3943219986328002e+00   2.0000000000000000e+00
   3.8191388796641235e+00   7.5458982789194522e+00   2.0000000000000000e+00
   2.8704815269586637e+00   6.5501600005553193e+00   2.0000000000000000e+00
   5.7660839757172022e+00   8.5897166836060856e-02   2.0000000000000000e+00
   6.9271314755281832e+00   3.7835119692889041e+00   2.0000000000000000e+00
   8.0886711851586863e+00   3.5893687119208106e+00   2.0000000000000000e+00
   4.3738882075710919e+00   7.3230050698287839e+00   2.0000000000000000e+00
   4.1926259936553301e+00   7.4680281424327095e+00   2.0000000000000000e+00
   6.1466581593931924e+00   2.0605744617638413e+00   2.0000000000000000e+00
   1.5521163531428628e-01   5.8777932587511312e+00   2.0000000000000000e+00
   6.1179037335212829e+00   1.0104788031379652e+00   2.0000000000000000e+00
   6.6974531169502360e-01   6.1276232108444653e+00   2.0000000000000000e+00
   4.7013556331250292e+00   8.4876970132455618e+00   2.0000000000000000e+00
   6.5983423235556842e+00   3.6268141491430841e+00   2.0000000000000000e+00
   5.6170810396189674e+00   3.6510222184735985e-01   2.0000000000000000e+00
   3.1573501040817433e+00   5.8660610521472947e+00   2.0000000000000000e+00
   8.1734303731324065e+00   3.5842467170747860e+00   2.0000000000000000e+00
   1.8537554873984807e+00   6.5045448421927805e+00   2.0000000000000000e+00
   6.0503571836538574e+00   1.9958922116283739e+00   2.0000000000000000e+00
   7.3338626128566293e+00   3.5008671691959856e+00   2.0000000000000000e+00
   3.6398742316836472e+00   7.2045808736267469e+00   2.0000000000000000e+00
   8.3429786457414306e+00   3.6102149798818397e+00   2.0000000000000000e+00
   6.0539695563761331e+00   2.8766307254706280e+00   2.0000000000000000e+00
   3.8251197094039782e+00   9.8708182448195814e+00   2.0000000000000000e+00
   2.8502965699814031e+00   7.2099057582767534e+00   2.0000000000000000e+00
   2.7384357978729321e+00   6.8356990819301222e+00   2.0000000000000000e+00
   4.5613466846084663e+00   9.1873356357602667e+00   2.0000000000000000e+00
   5.5081069799793978e+00   2.6483533428665371e+00   2.0000000000000000e+00
   6.0943825724437071e+00   1.1774821618391329e+00   2.0000000000000000e+00
   6.6079207130749289e+00   3.3285716679295350e+00   2.0000000000000000e+00
   1.8013804278437773e+00   5.8487413476067918e+00   2.0000000000000000e+00
   8.4928268461860554e+00   4.1669581058712826e+00   2.0000000000000000e+00
   7.3901492473111450e+00   2.7724670345603277e+00   2.0000000000000000e+00
   2.1539751509506733e+00   5.3583278499938842e+00   2.0000000000000000e+00
   6.9483105457080097e+00   1.9813157666551584e+00   2.0000000000000000e+00
   3.0619332137204203e+00   6.5174577456478220e+00   2.0000000000000000e+00
   7.8381162974292486e+00   3.6080306727147660e+00   2.0000000000000000e+00
   1.4266094244640781e+00   6.1618981502462846e+00   2.0000000000000000e+00
   9.7684204943931547e+00   4.1049159557833379e+00   2.0000000000000000e+00
   4.6786649060237098e+00   8.7314230311152485e+00   2.0000000000000000e+00
   5.5881077064279880e+00   1.0787105195739588e+00   2.0000000000000000e+00
   7.5063949796766671e-01   6.1497541200397254e+00   2.0000000000000000e+00
   5.9460962646479931e+00   1.5922040974813456e+00   2.0000000000000000e+00
   8.1752780709261739e+00   4.1935601659655681e+00   2.0000000000000000e+00
   9.6355703996410220e+00   3.9474468715686295e+00   2.0000000000000000e+00
   6.5430287805079281e+00   2.8663863939440715e+00   2.0000000000000000e+00
   2.1438741281721372e+00   6.6418984912660193e+00   2.0000000000000000e+00
   4.0741856865514361e+00   7.0953220325288013e+00   2.0000000000000000e+00
   5.3182747773917249e+00   1.8956163409648608e+00   2.0000000000000000e+00
   8.8959474280977844e+00   3.5091255077301273e+00   2.0000000000000000e+00
   6.7507910875364709e+00   2.5785107607007864e+00   2.0000000000000000e+00
   9.8813493275742932e+00   3.8277502397295002e+00   2.0000000000000000e+00
   1.7583653645824660e+00   6.3175752154849087e+00   2.0000000000000000e+00
   7.3135599249637986e+00   2.6567573542606739e+00   2.0000000000000000e+00
   1.4437018548716596e-01   6.0388098506712327e+00   2.0000000000000000e+00
   1.5053716865275724e+00   6.1438276490538488e+00   2.0000000000000000e+00
   5.6302144522742195e+00   2.0582667211445504e+00   2.0000000000000000e+00
   6.1146200861303699e+00   1.5577813498853788e+00   2.0000000000000000e+00
   6.2575286453172954e+00   1.2425081519894854e+00   2.0000000000000000e+00
   7.9365401384733545e+00   3.9271123971721797e+00   2.0000000000000000e+00
   5.4763512224016235e+00   1.7954028183524551e+00   2.0000000000000000e+00
   5.4300406228574269e+00   1.6671922814332818e+00   2.0000000000000000e+00
   6.5480011740841757e+00   1.2532076465639319e+00   2.0000000000000000e+00
   3.3809572333842630e+00   6.5597477485944422e+00   2.0000000000000000e+00
   1.8187995517343802e+00   6.2813043481642747e+00   2.0000000000000000e+00
   3.2326160988585793e+00   7.8845300228063024e+00   2.0000000000000000e+00
   2.9219658147445324e+00   7.0099314446274708e+00   2.0000000000000000e+00
   2.2925037246147930e+00   6.6569196631626433e+00   2.0000000000000000e+00
   2.2494479326911554e+00   6.3120005974071223e+00   2.0000000000000000e+00
   5.5798933193115232e+00   2.0722198170354234e+00   2.0000000000000000e+00
   4.0915626451559994e+00   8.9718072132680522e+00   2.0000000000000000e+00
   5.7586276948718949e+00   1.8572541099557571e+00   2.0000000000000000e+00
   7.6864666434913431e+00   3.6271234087225901e+00   2.0000000000000000e+00
   3.0758866650058092e+00   7.6981150567001810e+00   2.0000000000000000e+00
   3.4161726396770620e-01   5.4353169199726921e+00   2.0000000000000000e+00
   5.5804919361042260e-01   5.7195078259758700e+00   2.0000000000000000e+00
   8.6628428118474119e+00   3.8958225541738334e+00   2.0000000000000000e+00
   2.0449184622246985e+00   5.8614880683892077e+00   2.0000000000000000e+00
   5.9502837603643162e+00   3.7430365189127013e+00   2.0000000000000000e+00
   6.6567559275858432e+00   1.9632308126843090e+00   2.0000000000000000e+00
   4.6087427813206130e+00   9.9036127762630848e+00   2.0000000000000000e+00
   6.2527113907598082e+00   3.8022114687851536e+00   2.0000000000000000e+00
   8.6978835280385081e+00   4.2297713918906821e+00   2.0000000000000000e+00
   7.3615402360892599e+00   4.4802372608515064e+00   2.0000000000000000e+00
   6.9382664829309739e+00   3.9098507079217915e+00   2.0000000000000000e+00
   4.7345652041576001e+00   8.6186467842326362e+00   2.0000000000000000e+00
   5.5080397355551760e+00   2.7960157729102599e+00   2.0000000000000000e+00
   2.8195839697876490e+00   7.3752687357574240e+00   2.0000000000000000e+00
   8.8816048782311121e+00   4.0367965472283469e+00   2.0000000000000000e+00
   7.1130060274061151e+00   2.2748897275006277e+00   2.0000000000000000e+00
   4.2245533575580865e+00   8.9181590655915102e+00   2.0000000000000000e+00
   5.2289184832060798e-01   5.6752618045725134e+00   2.0000000000000000e+00
   7.9128770568432376e+00   3.4885266910507120e+00   2.0000000000000000e+00
   6.2527928833612876e+00   1.9047648876076806e+00   2.0000000000000000e+00
   9.4836075133510729e+00   3.8609263537046159e+00   2.0000000000000000e+00
   9.8074873305979029e+00   4.3457373710016958e+00   2.0000000000000000e+00
   3.3728650433297966e+00   7.2937764278954873e+00   2.0000000000000000e+00
   4.3442117324693177e+00   6.8947041560029412e+00   2.0000000000000000e+00
   7.3276135798007331e+00   2.5116345544689245e+00   2.0000000000000000e+00
   5.5718835481680156e+00   3.4791590504901313e+00   2.0000000000000000e+00
   2.6635759315538921e+00   6.8448846854306691e+00   2.0000000000000000e+00
   2.1209330644754276e+00   6.6243286563562425e+00   2.0000000000000000e+00
   5.7776884889542028e+00   9.2251839483056042e-01   2.0000000000000000e+00
   2.1184502753309351e+00   6.3169744656796247e+00   2.0000000000000000e+00
   2.6219502232568539e+00   5.5764823511640040e+00   2.0000000000000000e+00
   8.2224429214942218e-01   5.3305412683557449e+00   2.0000000000000000e+00
   2.0260594650269259e+00   6.5535213673938770e+00   2.0000000000000000e+00
   9.8085772950936363e+00   3.7578498434271665e+00   2.0000000000000000e+00
   3.9359789537914458e+00   7.7197794708051202e+00   2.0000000000000000e+00
   4.4387600876666955e+00   9.0422419592686225e+00   2.0000000000000000e+00
   2.8249047713159090e+00   5.6039169921402232e+00   2.0000000000000000e+00
   7.6800443484078773e+00   4.1161095352405432e+00   2.0000000000000000e+00
   4.6317691913117152e+00   8.5020492498669640e+00   2.0000000000000000e+00
   4.1542077107861806e+00   6.5607772203526702e+00   2.0000000000000000e+00
   7.0765293465931425e+00   2.5487570863646800e+00   2.0000000000000000e+00
   8.4532195335129252e+00   3.9704051322069169e+00   2.0000000000000000e+00
   8.7664374265184861e+00   3.7618427984325931e+00   2.0000000000000000e+00
   3.4040494179036940e+00   6.9707977270788888e+00   2.0000000000000000e+00
   9.2703986168525123e+00   4.4516724197644226e+00   2.0000000000000000e+00
   2.7959350835055297e-01   5.7879266312268687e+00   2.0000000000000000e+00
   2.9136630257407745e+00   7.6543423484234188e+00   2.0000000000000000e+00
   6.0545796290451337e+00   3.3004497153164669e+00   2.0000000000000000e+00
   2.7531380943115877e+00   5.5471389202857253e+00   2.0000000000000000e+00
   3.1313934391139453e+00   5.8446129721146178e+00   2.0000000000000000e+00
   7.1837361184477366e+00   4.2422945458509407e+00   2.0000000000000000e+00
   9.1266677335892545e+00   3.9570371027663445e+00   2.0000000000000000e+00
   1.7351948972966769e-01   5.4065605096923779e+00   2.0000000000000000e+00
   4.4435262833758209e+00   7.7337967374219376e+00   2.0000000000000000e+00
   7.7271862952053869e+00   4.4826631934118941e+00   2.0000000000000000e+00
   5.2984646861097335e+00   1.5712637112940064e+00   2.0000000000000000e+00
   1.8514815671649232e+00   6.0671705260058575e+00   2.0000000000000000e+00
   4.2499457153122435e+00   8.9976335059489756e+00   2.0000000000000000e+00
   4.4612851209886184e+00   6.8484463741977430e+00   2.0000000000000000e+00
   7.9522359549376951e+00   4.1895225363886368e+00   2.0000000000000000e+00
   4.3621368672454075e+00   9.9017788874102148e+00   2.0000000000000000e+00
   5.7595843791182357e+00   2.7077524778981346e+00   2.0000000000000000e+00
   8.3307582531831126e-01   6.3527405143433233e+00   2.0000000000000000e+00
   3.7337561907052361e+00   8.0816766975667704e+00   2.0000000000000000e+00
   4.0606092629483790e+00   6.2200716607114428e+00   2.0000000000000000e+00
   6.7350885021629283e+00   4.4086235510112015e+00   2.0000000000000000e+00
   3.1646133828513445e+00   7.7097997225485093e+00   2.0000000000000000e+00
   5.8808609384548971e+00   2.5341900240412718e+00   2.0000000000000000e+00
   3.1651840254815387e+00   8.0692437605115934e+00   2.0000000000000000e+00
   7.4201391740507452e+00   3.7386306884215026e+00   2.0000000000000000e+00
   6.5257192106407036e+00   1.6667934819397145e+00   2.0000000000000000e+00
   8.8492653126915659e+00   3.8472459149804106e+00   2.0000000000000000e+00
   3.8876832794270677e+00   8.0437585684781610e+00   2.0000000000000000e+00
   5.7842041583109367e+00   2.6025514459902821e+00   2.0000000000000000e+00
   7.0931656679975061e+00   4.4749967217634783e+00   2.0000000000000000e+00
   7.4109246044019450e+00   3.9917975105971202e+00   2.0000000000000000e+00
   6.1494399563694717e+00   1.0845237667999752e+00   2.0000000000000000e+00
   6.5145983472193940e+00   3.9797595674546216e+00   2.0000000000000000e+00
   1.6796695586560528e+00   6.2644825374060638e+00   2.0000000000000000e+00
   2.3874697093996078e+00   7.2206331915871580e+00   2.0000000000000000e+00
   6.6797004318289090e+00   3.1572640377170624e+00   2.0000000000000000e+00
   3.5453211409724048e+00   5.9733538190676407e+00   2.0000000000000000e+00
   4.6100754650561004e+00   8.2030985693711180e+00   2.0000000000000000e+00
   4.8997963156256379e+00   3.8645937337224789e+00   3.0000000000000000e+00
   5.5782111156406948e+00   7.0541203806001942e+00   3.0000000000000000e+00
   1.4996900317430817e+00   5.1934714866569482e+00   3.0000000000000000e+00
   2.7148553333850600e+00   5.3502777005951039e+00   3.0000000000000000e+00
   5.5975429064346640e+00   5.1710683846225223e+00   3.0000000000000000e+00
   4.0765778074499650e+00   4.0213102822431521e+00   3.0000000000000000e+00
   4.7015672570834708e+00   1.6050075066705349e+00   3.0000000000000000e+00
   5.1169340714426568e+00   3.8806662982618922e-01   3.0000000000000000e+00
   7.6257333681457951e+00   5.2132484499917258e+00   3.0000000000000000e+00
   7.5814693969829028e+00   5.0880124651550176e+00   3.0000000000000000e+00
   4.7572370590467381e+00   7.9093894183205720e+00   3.0000000000000000e+00
   5.1691465151856333e+00   2.3356415609632233e+00   3.0000000000000000e+00
   5.1893415978426196e+00   6.1706326991486815e-01   3.0000000000000000e+00
   3.4099418663459593e+00   5.5063560266494127e+00   3.0000000000000000e+00
   4.6338247925432006e+00   5.8356904283215130e+00   3.0000000000000000e+00
   5.1012712886815246e+00   4.7447409199453991e+00   3.0000000000000000e+00
   3.5976244462526532e+00   4.2328652595062337e+00   3.0000000000000000e+00
   8.1375389251764183e+00   4.7426380709184492e+00   3.0000000000000000e+00
   3.2552824635537103e+00   4.7214058693946157e+00   3.0000000000000000e+00
   4.8118218364316618e+00   9.4870867153184459e+00   3.0000000000000000e+00
   5.2365915590141423e+00   2.9177581807997219e+00   3.0000000000000000e+00
   1.3296937018239896e+00   4.6545191460151871e+00   3.0000000000000000e+00
   5.3333475653313931e+00   9.2051361011023403e+00   3.0000000000000000e+00
   5.5625413557369372e+00   6.2212464777218557e+00   3.0000000000000000e+00
   4.7392603276293830e+00   4.3478340492816328e+00   3.0000000000000000e+00
   6.2906416334500994e+00   5.7782061029539165e+00   3.0000000000000000e+00
   4.1994057340322613e+00   5.0204936485180678e+00   3.0000000000000000e+00
   5.3212784853939006e+00   6.9028292804448323e+00   3.0000000000000000e+00
   5.4077368318152930e+00   3.3629870777649473e+00   3.0000000000000000e+00
   5.1060364685205091e+00   3.3671905204956856e+00   3.0000000000000000e+00
   5.6799931244906885e+00   4.2246930677355889e+00   3.0000000000000000e+00
   5.1191109041558258e+00   7.0951923431523696e+00   3.0000000000000000e+00
   4.7040223101238183e+00   2.1147201536332307e+00   3.0000000000000000e+00
   4.4293484527980382e+00   4.6527810015704034e+00   3.0000000000000000e+00
   4.9457404258755853e+00   4.5428674462363272e+00   3.0000000000000000e+00
   9.7157154240657562e+00   4.8729354744594104e+00   3.0000000000000000e+00
   5.0624761768792501e+00   9.9550658286475571e+00   3.0000000000000000e+00
   1.6502770322502358e-01   4.6972580201568084e+00   3.0000000000000000e+00
   5.3880219012507471e+00   6.3246837880519644e+00   3.0000000000000000e+00
   5.5782075223289453e+00   6.9506386403292320e+00   3.0000000000000000e+00
   3.9418859028864284e+00   4.1473640344564586e+00   3.0000000000000000e+00
   5.2250905452359175e+00   5.5288958639294075e+00   3.0000000000000000e+00
   4.9430581179933730e+00   5.5539787042773350e+00   3.0000000000000000e+00
   4.3440139889488414e+00   5.5180292444980683e+00   3.0000000000000000e+00
   8.2180940653151193e+00   5.0449038515174660e+00   3.0000000000000000e+00
   4.4107673544707389e+00   6.1017239762741422e+00   3.0000000000000000e+00
   3.9377273302568074e+00   5.4949614718435038e+00   3.0000000000000000e+00
   2.3100904241601192e+00   4.6780834475181399e+00   3.0000000000000000e+00
   4.6498583229634978e+00   1.0127096553888071e+00   3.0000000000000000e+00
   5.3113438769874710e+00   9.6136242834249188e+00   3.0000000000000000e+00
   5.8670141151817647e+00   5.1940468695866562e+00   3.0000000000000000e+00
   4.7534931657766135e+00   7.1345477751441022e+00   3.0000000000000000e+00
   4.9980632373497125e+00   3.9744986869336261e+00   3.0000000000000000e+00
   3.1405734633962146e+00   4.7388318048962619e+00   3.0000000000000000e+00
   6.7941908983028210e+00   5.5505243458413043e+00   3.0000000000000000e+00
   3.7554208117883769e+00   4.0276535476760760e+00   3.0000000000000000e+00
   4.4004302501741188e+00   3.5472335736844904e+00   3.0000000000000000e+00
   5.3106587884890111e+00   8.2218682312820253e+00   3.0000000000000000e+00
   4.8646962475996567e+00   4.9744095698601605e+00   3.0000000000000000e+00
   4.6202057322583201e+00   3.3013333158823777e+00   3.0000000000000000e+00
   6.8217328622161419e+00   4.6460236587460528e+00   3.0000000000000000e+00
   5.2521286302243926e+00   2.8238752209766549e+00   3.0000000000000000e+00
   5.0899102701582812e+00   7.6656754470962607e+00   3.0000000000000000e+00
   4.7896582589729011e+00   6.5959012712686436e+00   3.0000000000000000e+00
   5.1808068249980099e+00   4.3420007738063315e-01   3.0000000000000000e+00
   5.5002951858145455e+00   4.2296885666172681e+00   3.0000000000000000e+00
   3.1261089450850754e+00   4.2261561348231034e+00   3.0000000000000000e+00
   9.0457592640021662e+00   4.9046508569534852e+00   3.0000000000000000e+00
   4.9169479887813994e+00   9.7114302877440366e+00   3.0000000000000000e+00
   1.3528426794293669e-01   5.1785349125687219e+00   3.0000000000000000e+00
   2.6319312136977846e+00   4.6474180964935083e+00   3.0000000000000000e+00
   7.4728043782943079e+00   5.6189527325511861e+00   3.0000000000000000e+00
   5.1557644680440431e+00   6.2861641512763988e+00   3.0000000000000000e+00
   5.8907752760184549e+00   6.5071069874757113e+00   3.0000000000000000e+00
   4.6433244449911513e+00   2.2578619153296051e+00   3.0000000000000000e+00
   6.5861103187323007e+00   4.4571260986758006e+00   3.0000000000000000e+00
   5.3193450420490240e+00   4.4818248620332213e+00   3.0000000000000000e+00
   5.7954313908137669e+00   5.2124628426241451e+00   3.0000000000000000e+00
   6.3689075835027023e+00   5.1013719552569441e+00   3.0000000000000000e+00
   7.3436120098878028e+00   5.5520568221668452e+00   3.0000000000000000e+00
   5.8038110350726182e+00   6.3322670416717228e+00   3.0000000000000000e+00
   5.4556823001690571e+00   4.5497431311069469e+00   3.0000000000000000e+00
   7.1373755836173371e+00   5.1214330433937674e+00   3.0000000000000000e+00
   4.9034584146970097e+00   9.7706119015268484e+00   3.0000000000000000e+00
   5.2943162328890105e+00   8.4266345295424276e+00   3.0000000000000000e+00
   4.4594197472379085e+00   5.9444835487896555e+00   3.0000000000000000e+00
   9.8232873871365083e+00   5.1503770974225072e+00   3.0000000000000000e+00
   4.9002783102958638e+00   9.8855765407987342e+00   3.0000000000000000e+00
   2.4613025844707259e+00   4.9557740722384436e+00   3.0000000000000000e+00
   5.5408891077104991e+00   3.4071879142598958e+00   3.0000000000000000e+00
   4.9726390710353643e+00   9.8624965791050840e+00   3.0000000000000000e+00
   4.7586827083052921e+00   1.1128572023264072e+00   3.0000000000000000e+00
   4.6492998347271586e+00   1.8653533490371910e+00   3.0000000000000000e+00
   6.0581563445076458e+00   4.2867614999816990e+00   3.0000000000000000e+00
   2.7225360633352258e+00   4.6890865023264583e+00   3.0000000000000000e+00
   5.1462905503913001e+00   8.6829381918643413e+00   3.0000000000000000e+00
   1.3869721217838105e+00   5.2097201821393568e+00   3.0000000000000000e+00
   7.2716865728897826e+00   5.5315935128480689e+00   3.0000000000000000e+00
   4.9059189846012750e+00   4.7239739099587332e+00   3.0000000000000000e+00
   8.4253919507678390e+00   5.4453871311320796e+00   3.0000000000000000e+00
   5.3280134782290967e+00   7.6751821448062056e+00   3.0000000000000000e+00
   6.1212339120034409e+00   6.2279006121912861e+00   3.0000000000000000e+00
   4.8896386709673445e+00   2.4893048666744755e+00   3.0000000000000000e+00
   5.0837153264022605e+00   5.8066194372627056e-01   3.0000000000000000e+00
   5.0309427718184585e+00   7.4886877591070578e+00   3.0000000000000000e+00
   3.0028260284014996e+00   5.2377648209516874e+00   3.0000000000000000e+00
   4.8608850830846082e+00   4.8447628871004467e+00   3.0000000000000000e+00
   5.1631544466461046e+00   7.0233816362731316e+00   3.0000000000000000e+00
   3.8526678671634382e+00   3.9177238878863285e+00   3.0000000000000000e+00
   2.0268052228722766e+00   4.9597123328600095e+00   3.0000000000000000e+00
   7.7718995147565417e+00   4.8923443247662455e+00   3.0000000000000000e+00
   4.4214188451778549e+00   3.4855084280987891e+00   3.0000000000000000e+00
   5.8818938601225472e+00   6.1638640927662323e+00   3.0000000000000000e+00
   9.1955489992103523e+00   4.9673566990295797e+00   3.0000000000000000e+00
   5.3278527552968882e+00   4.6849263370678651e+00   3.0000000000000000e+00
   5.6042208893532672e+00   6.1312856757035057e+00   3.0000000000000000e+00
   4.7201724760007870e+00   6.4909807292657948e+00   3.0000000000000000e+00
   5.4231854336656218e+00   3.6805179345470798e+00   3.0000000000000000e+00
   6.2968610724273724e+00   5.7040530237655060e+00   3.0000000000000000e+00
   3.8592680697799087e+00   4.5470484795881347e+00   3.0000000000000000e+00
   5.3104635698770934e+00   8.9951589760552686e+00   3.0000000000000000e+00
   2.8741235412932054e+00   4.6638015272672151e+00   3.0000000000000000e+00
   5.2389006526525117e+00   4.4315340520536886e+00   3.0000000000000000e+00
   4.8381077403174624e+00   1.2608788771451285e+00   3.0000000000000000e+00
   5.5757153640811215e+00   6.2338003215344688e+00   3.0000000000000000e+00
   4.4892677260379692e+00   3.8889664986913672e+00   3.0000000000000000e+00
   3.2295282548430460e+00   4.7934125264625429e+00   3.0000000000000000e+00
   3.9952127361415037e+00   4.5313012982360217e+00   3.0000000000000000e+00
   1.9903482551723395e+00   5.1583146301430638e+00   3.0000000000000000e+00
   2.4126734489070580e+00   5.0654772602258546e+00   3.0000000000000000e+00
   1.9559336288270524e+00   4.9535697640165282e+00   3.0000000000000000e+00
   4.6955070197257820e+00   2.1183318407673446e+00   3.0000000000000000e+00
   3.9359133483853270e+00   4.4080312611178583e+00   3.0000000000000000e+00
   4.8988781623517355e+00   5.6790020099504437e+00   3.0000000000000000e+00
   9.1716759220310013e+00   4.8087628427046782e+00   3.0000000000000000e+00
   4.8506616367001794e+00   7.4215089054969861e+00   3.0000000000000000e+00
   4.9364243012708453e+00   9.0130421694859457e+00   3.0000000000000000e+00
   9.4151885370418853e+00   4.9032521129691400e+00   3.0000000000000000e+00
   8.7766401958547853e+00   5.0130645833391796e+00   3.0000000000000000e+00
   5.7075795411841348e+00   6.7914246401265776e+00   3.0000000000000000e+00
   5.6513775264656161e+00   6.0980362084201145e+00   3.0000000000000000e+00
   4.9831157589091033e+00   8.5311975320977602e+00   3.0000000000000000e+00
   5.2967107480192173e+00   2.5753020340302921e+00   3.0000000000000000e+00
   7.3629684371375177e+00   5.0836212897835606e+00   3.0000000000000000e+00
   1.1252509312080217e+00   5.1343938064909169e+00   3.0000000000000000e+00
   5.3339661236303701e+00   5.2778971616818318e+00   3.0000000000000000e+00
   6.4021087438162478e+00   5.9065968962482662e+00   3.0000000000000000e+00
   6.6283372354420251e+00   4.5058207619326520e+00   3.0000000000000000e+00
   4.7131939949209603e+00   2.4286172593522295e+00   3.0000000000000000e+00
   9.0680452464330656e+00   5.2769129902808878e+00   3.0000000000000000e+00
   5.4545823156699953e+00   5.6517492824090816e+00   3.0000000000000000e+00
   5.5575685150183940e+00   3.3193771608629117e+00   3.0000000000000000e+00
   4.0149245431110003e+00   5.6404955138236543e+00   3.0000000000000000e+00
   6.0901203070478491e+00   5.5411978571016229e+00   3.0000000000000000e+00
   5.2094586790391473e+00   7.0227365393857895e+00   3.0000000000000000e+00
   5.5074066236559558e+00   3.7529904637310665e+00   3.0000000000000000e+00
   5.2600471339630603e+00   2.9307354872287430e+00   3.0000000000000000e+00
   6.0808601699532101e+00   5.7557579151727767e+00   3.0000000000000000e+00
   3.8472165123903523e+00   4.4864384031299984e+00   3.0000000000000000e+00
   6.5476071175179760e+00   5.0785975253685898e+00   3.0000000000000000e+00
   5.1767168656947158e+00   4.2233049966075882e+00   3.0000000000000000e+00
   3.8976789468096582e+00   5.3563790305990491e+00   3.0000000000000000e+00
   3.5619509408900085e+00   4.2335956374270847e+00   3.0000000000000000e+00
   5.0620504219780935e+00   9.4691158692415627e+00   3.0000000000000000e+00
   5.2632493170447949e+00   9.6441060534839096e+00   3.0000000000000000e+00
   4.7334059722559987e+00   4.1785559452105989e+00   3.0000000000000000e+00
   1.3709231865209037e+00   5.0584958492213037e+00   3.0000000000000000e+00
   4.3609177122345599e+00   5.6611771136433164e+00   3.0000000000000000e+00
   5.9764605293569755e+00   4.8480483366713063e+00   3.0000000000000000e+00
   5.2128151052682608e+00   4.5902117006397161e+00   3.0000000000000000e+00
   3.0637281457199417e+00   4.5373870981280460e+00   3.0000000000000000e+00
   4.7676853816969800e+00   7.6754950523710832e+00   3.0000000000000000e+00
   3.7615219345971509e+00   4.2356954254221204e+00   3.0000000000000000e+00
   3.6907464620056718e+00   4.6406992085948122e+00   3.0000000000000000e+00
   5.3821444160049428e+00   5.0054256806336888e+00   3.0000000000000000e+00
   6.1662387807945751e-01   5.1448337288060353e+00   3.0000000000000000e+00
   4.5595024699382805e+00   5.8893722438205840e+00   3.0000000000000000e+00
   5.4054133126593609e+00   8.2021169850586517e+00   3.0000000000000000e+00
   4.4311515298281678e+00   3.4925535045828160e+00   3.0000000000000000e+00
   4.6832379006110481e+00   1.3250501697802930e+00   3.0000000000000000e+00
   5.2043907288417932e+00   2.4722464967489866e+00   3.0000000000000000e+00
   5.7362384291282664e+00   5.6614938614254040e+00   3.0000000000000000e+00
   5.8257445703505937e+00   4.1017442740120549e+00   3.0000000000000000e+00
   7.8203511641453396e+00   5.4081383691630771e+00   3.0000000000000000e+00
   5.4264761908173273e+00   7.3829183118089325e+00   3.0000000000000000e+00
   2.1655217446539221e+00   4.5647340827516807e+00   3.0000000000000000e+00
   4.7292285046848228e+00   4.1050196615045698e+00   3.0000000000000000e+00
   6.4372181975099805e+00   4.9923197718122747e+00   3.0000000000000000e+00
   2.4357183345520017e+00   3.5653233376628126e+00   4.0000000000000000e+00
   6.1525255511731727e+00   9.1085261819104648e+00   4.0000000000000000e+00
   6.6576948639883282e-01   4.4468474328068357e+00   4.0000000000000000e+00
   7.9409197673476140e+00   5.6469036568998545e+00   4.0000000000000000e+00
   1.0610077096817017e+00   4.4297488585271161e+00   4.0000000000000000e+00
   6.8901459082457475e+00   8.1006551025276039e+00   4.0000000000000000e+00
   3.3117479539195962e+00   1.6677580622829080e+00   4.0000000000000000e+00
   4.3305443194361173e+00   1.7984407194142882e+00   4.0000000000000000e+00
   4.4355209538819382e+00   8.7778515918504718e-01   4.0000000000000000e+00
   1.3844659437759943e+00   3.5313113073386937e+00   4.0000000000000000e+00
   3.5358073546534330e+00   3.0170668070316453e+00   4.0000000000000000e+00
   6.1557597845028598e+00   9.6063917572425996e+00   4.0000000000000000e+00
   3.5444254601722944e+00   3.0639671198800320e+00   4.0000000000000000e+00
   3.1758649741928879e+00   3.2351226655473497e+00   4.0000000000000000e+00
   1.3155564571840861e-01   3.9215978790057191e+00   4.0000000000000000e+00
   3.0250758212319928e+00   2.0764824128759352e+00   4.0000000000000000e+00
   9.8216778927615458e+00   6.1926461415920908e+00   4.0000000000000000e+00
   8.3720132251502974e+00   6.0246413939445533e+00   4.0000000000000000e+00
   1.2696665275639485e+00   3.4581501299635606e+00   4.0000000000000000e+00
   3.7577126288858222e+00   2.6758201152343264e+00   4.0000000000000000e+00
   4.6573493227576490e+00   3.5472209446553049e-01   4.0000000000000000e+00
   1.5006334022074452e+00   4.5288966879774097e+00   4.0000000000000000e+00
   7.4298325406019501e+00   5.6565453124697509e+00   4.0000000000000000e+00
   6.8548548291470723e+00   6.5283124845488221e+00   4.0000000000000000e+00
   5.8294907584023843e+00   7.5944377738662174e+00   4.0000000000000000e+00
   5.7351247147197437e+00   7.6449610842801086e+00   4.0000000000000000e+00
   4.1415022927668730e+00   2.2916596384973467e+00   4.0000000000000000e+00
   1.4102752901177185e+00   3.5031604746264930e+00   4.0000000000000000e+00
   9.5640160846296034e+00   5.3671883484822782e+00   4.0000000000000000e+00
   3.6843139022624860e+00   1.7555949585800312e+00   4.0000000000000000e+00
   4.1948595032530376e+00   1.9096989828596167e+00   4.0000000000000000e+00
   4.4794349151299420e+00   1.6193330983072807e+00   4.0000000000000000e+00
   3.9967390678300099e+00   1.4126932034029949e+00   4.0000000000000000e+00
   1.5287686463846595e+00   3.6187601758429011e+00   4.0000000000000000e+00
   5.8725716765166265e+00   7.6843185759978425e+00   4.0000000000000000e+00
   6.0381809069742411e+00   8.9304608213799277e+00   4.0000000000000000e+00
   2.6770939490610282e+00   4.0427932146643997e+00   4.0000000000000000e+00
   3.8156923729644432e+00   1.0967395303307803e+00   4.0000000000000000e+00
   2.8791053599159575e+00   4.0374578175315943e+00   4.0000000000000000e+00
   3.0282255845709671e+00   2.3789028408031641e+00   4.0000000000000000e+00
   3.8566700075013283e-01   4.4987053301124726e+00   4.0000000000000000e+00
   3.7134929043253093e+00   2.1313051813574866e+00   4.0000000000000000e+00
   1.0991742308724517e+00   4.3664001292325132e+00   4.0000000000000000e+00
   6.1584228460558350e+00   8.0393820113656460e+00   4.0000000000000000e+00
   3.9015237183105023e+00   2.2203429917749871e+00   4.0000000000000000e+00
   7.8598043755073244e+00   6.5305277551573058e+00   4.0000000000000000e+00
   6.3658211967314120e+00   7.8751655511085961e+00   4.0000000000000000e+00
   2.5845548390020880e+00   3.0677067033409191e+00   4.0000000000000000e+00
   2.5403083281935581e+00   2.5870332752258598e+00   4.0000000000000000e+00
   5.6615298311206930e+00   9.4598470866221884e+00   4.0000000000000000e+00
   3.4539576674119807e+00   2.3215197644954544e+00   4.0000000000000000e+00
   6.7637691464409997e+00   6.3303477756087867e+00   4.0000000000000000e+00
   1.5937429398817571e+00   3.3885737505380575e+00   4.0000000000000000e+00
   4.1868462165410616e+00   2.0115356035298770e+00   4.0000000000000000e+00
   2.6000850280930541e+00   2.5456620166539490e+00   4.0000000000000000e+00
   4.1824723515300253e+00   1.3339996753765615e+00   4.0000000000000000e+00
   5.6948219134288101e+00   9.8067187259030000e+00   4.0000000000000000e+00
   3.8931039299012395e+00   6.5254222212563273e-01   4.0000000000000000e+00
   3.1694925609934921e+00   3.4176252111799768e+00   4.0000000000000000e+00
   6.3557860856341080e+00   6.9852860854315848e+00   4.0000000000000000e+00
   5.8848970712759545e+00   7.2321418128351809e+00   4.0000000000000000e+00
   5.6625773147632117e+00   7.3995548644939735e+00   4.0000000000000000e+00
   7.5549849830550091e+00   5.9865103306434531e+00   4.0000000000000000e+00
   3.6372877675840964e-01   4.1404000302494826e+00   4.0000000000000000e+00
   6.4072783398847459e+00   8.7378000832985734e+00   4.0000000000000000e+00
   5.9748340060868763e+00   8.0263881402092050e+00   4.0000000000000000e+00
   2.0437463528595377e+00   3.3179029910040079e+00   4.0000000000000000e+00
   7.9144889641819773e+00   5.8153588723367253e+00   4.0000000000000000e+00
   3.1789865179284149e+00   2.4774076958185498e+00   4.0000000000000000e+00
   8.5824318679238321e+00   5.5677881506488411e+00   4.0000000000000000e+00
   8.8549133846016677e+00   6.5397278762609057e+00   4.0000000000000000e+00
   3.3844042751673999e+00   1.4283770365641757e+00   4.0000000000000000e+00
   6.3181331469311282e+00   6.9868659660891206e+00   4.0000000000000000e+00
   6.4566245552585277e+00   7.3374160431840361e+00   4.0000000000000000e+00
   5.4952863555511966e+00   9.0812261376315657e+00   4.0000000000000000e+00
   3.3350254452889052e+00   3.7968981761713305e+00   4.0000000000000000e+00
   9.5076608040134563e+00   6.0435578657552833e+00   4.0000000000000000e+00
   6.8291941966154539e+00   7.2429471978645497e+00   4.0000000000000000e+00
   3.0412864437123921e+00   3.4882419732096146e+00   4.0000000000000000e+00
   4.2087228687680431e+00   2.4024695366250648e+00   4.0000000000000000e+00
   3.9508517089813422e+00   8.4956823725904629e-02   4.0000000000000000e+00
   7.0159373954961950e+00   6.5705347213148011e+00   4.0000000000000000e+00
   2.3639985862930288e+00   4.2332963978346916e+00   4.0000000000000000e+00
   7.8045427315762206e+00   6.8013763955895454e+00   4.0000000000000000e+00
   9.0298609654517232e+00   6.0390844486434272e+00   4.0000000000000000e+00
   6.4525409848563218e+00   8.2004422986001764e+00   4.0000000000000000e+00
   6.6750591180987300e+00   7.8942470010884254e+00   4.0000000000000000e+00
   7.6560494472281935e+00   5.6800943371188284e+00   4.0000000000000000e+00
   3.5490113602676954e-01   4.4855930413344129e+00   4.0000000000000000e+00
   8.8358452394223495e+00   6.0138763710150664e+00   4.0000000000000000e+00
   5.9730649092470713e+00   6.6121706758908827e+00   4.0000000000000000e+00
   2.4696200986153194e+00   3.2895168718898193e+00   4.0000000000000000e+00
   2.0317161439576346e+00   3.4478326601894507e+00   4.0000000000000000e+00
   5.8161642459517218e+00   9.3653868549539627e+00   4.0000000000000000e+00
   6.4681047284286191e+00   7.2778989372473104e+00   4.0000000000000000e+00
   7.3364583922027808e+00   6.6342863091138682e+00   4.0000000000000000e+00
   8.7552098208612819e+00   5.7199017567268466e+00   4.0000000000000000e+00
   3.7510654767816720e+00   1.5733978201868581e+00   4.0000000000000000e+00
   6.6233168752098690e+00   7.8834640803823159e+00   4.0000000000000000e+00
   7.4437638373784711e+00   6.0964669118412420e+00   4.0000000000000000e+00
   7.2551074477966315e+00   6.0630146981670476e+00   4.0000000000000000e+00
   9.5499943460899850e+00   5.8181021090576230e+00   4.0000000000000000e+00
   9.0429136983363079e-01   4.3014957274011723e+00   4.0000000000000000e+00
   2.4614073667023719e+00   4.0084181906609198e+00   4.0000000000000000e+00
   9.3882310318573081e-01   4.4313643711345998e+00   4.0000000000000000e+00
   5.8889672855398354e+00   8.4822849137623830e+00   4.0000000000000000e+00
   2.1854045630104721e+00   3.8155135242448979e+00   4.0000000000000000e+00
   3.8376428945694077e+00   2.8409408969394976e+00   4.0000000000000000e+00
   6.8774401290075708e+00   7.4015800759563959e+00   4.0000000000000000e+00
   6.7173402660123269e+00   6.0209751247893859e+00   4.0000000000000000e+00
   8.7276086821985843e-01   4.3874384487451152e+00   4.0000000000000000e+00
   2.0132350713480616e+00   3.0868204677136379e+00   4.0000000000000000e+00
   2.0887450245491657e-01   4.5869573901774636e+00   4.0000000000000000e+00
   6.8350822644845923e+00   8.2719510994532985e+00   4.0000000000000000e+00
   8.4656755197875970e+00   5.8238650493386492e+00   4.0000000000000000e+00
   4.0977512839730590e+00   3.4601571678723109e+00   4.0000000000000000e+00
   4.0788277605490144e+00   1.7143174341789358e+00   4.0000000000000000e+00
   3.1687912320724019e+00   2.2053295223694325e+00   4.0000000000000000e+00
   8.7240292815047638e-01   3.7813221491730999e+00   4.0000000000000000e+00
   3.8794297984913149e+00   2.7987922298115651e+00   4.0000000000000000e+00
   3.3357073283148306e+00   3.5367982563566236e+00   4.0000000000000000e+00
   4.2078353458177764e+00   1.5779444165589185e+00   4.0000000000000000e+00
   7.5022675610188427e+00   5.6909069628653839e+00   4.0000000000000000e+00
   2.1531034639798619e+00   3.8691842599091553e+00   4.0000000000000000e+00
   9.6033813083151323e+00   5.5826491864806567e+00   4.0000000000000000e+00
   1.6000630007301841e+00   4.4444085570256302e+00   4.0000000000000000e+00
   9.5860413077018549e+00   5.5500854444348091e+00   4.0000000000000000e+00
   3.1872475130405942e+00   2.9160115594641556e+00   4.0000000000000000e+00
   2.6736539909274972e+00   3.2350002226745711e+00   4.0000000000000000e+00
   3.4675078213304200e+00   3.2625430457610660e+00   4.0000000000000000e+00
   5.5607512201009310e+00   8.8701478101667437e+00   4.0000000000000000e+00
   8.0672140484480046e+00   6.8502656369370882e+00   4.0000000000000000e+00
   9.9359123784080090e+00   6.0313489232270854e+00   4.0000000000000000e+00
   3.7415100783639375e+00   3.4202670363600909e+00   4.0000000000000000e+00
   6.0143740846815401e+00   8.7360957988606849e+00   4.0000000000000000e+00
   4.4645233529873374e-01   4.4373244080777496e+00   4.0000000000000000e+00
   7.4104825216821668e+00   6.5936130416909480e+00   4.0000000000000000e+00
   8.9004240084298729e+00   5.6934621624995705e+00   4.0000000000000000e+00
   4.5770898922197345e+00   9.3542378257135850e-01   4.0000000000000000e+00
   6.1264506752428725e+00   9.6889954621241685e+00   4.0000000000000000e+00
   3.9389571572229110e+00   3.5205492713167508e+00   4.0000000000000000e+00
   6.3528724560348104e+00   8.4531388296251091e+00   4.0000000000000000e+00
   3.6263835550621626e+00   1.3266921604910953e+00   4.0000000000000000e+00
   3.4102332991405993e+00   3.0794015170909228e+00   4.0000000000000000e+00
   6.5311283637246724e+00   7.9026701202683869e+00   4.0000000000000000e+00
   4.4574906044973766e+00   2.6418198892026457e-02   4.0000000000000000e+00
   6.9983551379736211e+00   7.0633620733325539e+00   4.0000000000000000e+00
   6.8905443885382942e+00   7.3916087978586544e+00   4.0000000000000000e+00
   3.9059402124409925e+00   3.2229199876919399e+00   4.0000000000000000e+00
   4.2639645284288727e+00   4.2532223139201242e-01   4.0000000000000000e+00
   8.5297270705027350e-01   4.5570659070649917e+00   4.0000000000000000e+00
   7.9060016130833466e+00   6.5168392439331431e+00   4.0000000000000000e+00
   7.8584286597825965e+00   6.3586777073166436e+00   4.0000000000000000e+00
   4.1739042774483579e+00   2.5070466037458639e+00   4.0000000000000000e+00
   7.7338690532345753e+00   6.3698596529786613e+00   4.0000000000000000e+00
   5.6790980047771864e+00   9.6055292644099275e+00   4.0000000000000000e+00
   3.6958881454974177e+00   3.4154073538194951e+00   4.0000000000000000e+00
   3.2317531666984789e+00   3.3414433212886596e+00   4.0000000000000000e+00
   4.4177243136062696e+00   8.4070834461543953e-01   4.0000000000000000e+00
   9.6148580997005695e+00   5.8341775326230021e+00   4.0000000000000000e+00
   2.4489722245601140e+00   2.9969886396431376e+00   4.0000000000000000e+00
   5.5734055734780954e+00   8.4254099277176557e+00   4.0000000000000000e+00
   9.1688828831052351e+00   5.5338483010269757e+00   4.0000000000000000e+00
   6.8273759009611821e+00   5.9902465198888519e+00   4.0000000000000000e+00
   1.9128670883051024e+00   3.1957012200343349e+00   4.0000000000000000e+00
   3.4976142660548426e+00   2.1904962782769646e+00   4.0000000000000000e+00
   1.5335013244460172e+00   4.0658973062261179e+00   4.0000000000000000e+00
   4.1782673880264207e+00   3.2043960380444925e+00   4.0000000000000000e+00
   9.2676645012779861e+00   5.6227393404279171e+00   4.0000000000000000e+00
   5.7090789521311480e+00   9.8063595991399168e+00   4.0000000000000000e+00
   7.7208852383058413e-01   4.1100913350940127e+00   4.0000000000000000e+00
   6.3921361630147455e+00   7.5987806745778022e+00   4.0000000000000000e+00
   8.2985046619776544e+00   8.6911093948317877e+00   5.0000000000000000e+00
   2.7664198852418331e+00   1.5546277300201750e+00   5.0000000000000000e+00
   9.0098478010661176e-01   1.4083933772019452e+00   5.0000000000000000e+00
   3.3705243331283952e+00   5.0191022394806217e-01   5.0000000000000000e+00
   9.8175310850261646e+00   8.6408766912869535e+00   5.0000000000000000e+00
   3.2353777109912385e-01   1.5423037214726953e+00   5.0000000000000000e+00
   7.9492777238609182e+00   8.6785886075388223e+00   5.0000000000000000e+00
   8.7746031275215390e+00   7.5028399136963202e+00   5.0000000000000000e+00
   8.0043034547268519e+00   9.9920433159808866e+00   5.0000000000000000e+00
   9.9573477969975848e+00   8.2522234210493970e+00   5.0000000000000000e+00
   1.8051579715628685e+00   1.1060105682155064e+00   5.0000000000000000e+00
   5.3360547005462555e-01   2.7162594275503258e+00   5.0000000000000000e+00
   2.1785763950542547e-02   3.5384972340290597e+00   5.0000000000000000e+00
   8.5332478648363317e+00   7.0478813560609197e+00   5.0000000000000000e+00
   1.6077591105110023e+00   3.1221166079884464e+00   5.0000000000000000e+00
   5.2699321642283969e-01   1.7973548872980982e+00   5.0000000000000000e+00
   3.2390158529826643e+00   1.1881323611936523e+00   5.0000000000000000e+00
   3.1594319471502375e-01   2.7629885117204731e+00   5.0000000000000000e+00
   8.8804358391597980e+00   7.8591388278284207e+00   5.0000000000000000e+00
   9.6619803792834009e+00   7.9564987204633484e+00   5.0000000000000000e+00
   1.0011643211350019e+00   1.8017496452909043e+00   5.0000000000000000e+00
   7.4036438287654089e+00   9.4628617430953259e+00   5.0000000000000000e+00
   9.1751454886229347e+00   6.8027643319837718e+00   5.0000000000000000e+00
   9.3470931499452590e+00   8.7996639678209618e+00   5.0000000000000000e+00
   8.5315532357007271e+00   9.1847657332345829e+00   5.0000000000000000e+00
   8.9438423262058748e+00   9.7457873402061264e+00   5.0000000000000000e+00
   1.0983078429607562e+00   2.0732980533472056e-01   5.0000000000000000e+00
   9.2839835800316912e+00   8.7166666466557761e+00   5.0000000000000000e+00
   7.8547793760757454e+00   9.4415753025584728e+00   5.0000000000000000e+00
   9.8936075368439713e+00   6.6948114854599279e+00   5.0000000000000000e+00
   9.2014690617275754e+00   6.9364330704580173e+00   5.0000000000000000e+00
   9.2248419587893355e+00   8.4874950592948792e+00   5.0000000000000000e+00
   2.9179527320787213e-01   2.6407443855043766e+00   5.0000000000000000e+00
   2.1850260066048630e+00   3.7247050325560638e-01   5.0000000000000000e+00
   7.5643168325006052e+00   9.9425402303753927e+00   5.0000000000000000e+00
   9.6135469137981300e+00   9.2731483388735079e+00   5.0000000000000000e+00
   2.6054400421617885e-02   2.7352888563367905e+00   5.0000000000000000e+00
   1.3872240455341145e+00   6.8522265364698409e-01   5.0000000000000000e+00
   1.0606206394125617e+00   2.5617971396704919e+00   5.0000000000000000e+00
   1.8477479784642203e-01   2.5307017976102566e+00   5.0000000000000000e+00
   7.1786568475226460e+00   9.6771389113832882e+00   5.0000000000000000e+00
   8.8870326789158085e+00   9.0567946681477096e+00   5.0000000000000000e+00
   8.8998211295366918e+00   7.6888087568090562e+00   5.0000000000000000e+00
   8.3779152644189594e+00   7.4812367921523304e+00   5.0000000000000000e+00
   5.9345508624581544e-01   1.1656705731852623e-01   5.0000000000000000e+00
   1.9964856088567351e+00   1.4809512058808894e+00   5.0000000000000000e+00
   8.7179050028520422e+00   8.7344079577551064e+00   5.0000000000000000e+00
   1.9309344565910724e+00   1.2987109985173273e-01   5.0000000000000000e+00
   9.6274759186753105e+00   7.3555937887024401e+00   5.0000000000000000e+00
   9.0848684648447424e+00   9.5574689021832278e+00   5.0000000000000000e+00
   8.6983707021987318e+00   8.3164495588002314e+00   5.0000000000000000e+00
   2.0515883439555447e+00   1.9739661062809288e+00   5.0000000000000000e+00
   8.6894085202356983e+00   7.6002289813474286e+00   5.0000000000000000e+00
   5.5182110988716393e-01   1.3050133631457250e+00   5.0000000000000000e+00
   9.3499374249328637e-01   2.6495740943895330e+00   5.0000000000000000e+00
   8.9064792640416335e-01   9.7693380496463922e-01   5.0000000000000000e+00
   9.4281250414664397e-01   2.3637167225158384e+00   5.0000000000000000e+00
   3.2920120112755802e-01   1.5302574402694624e+00   5.0000000000000000e+00
   7.3635506352747990e+00   8.3758796199514709e+00   5.0000000000000000e+00
   9.0345025478007184e+00   7.0612818463083418e+00   5.0000000000000000e+00
   3.0826575380214050e+00   7.7326555232187566e-01   5.0000000000000000e+00
   8.7780450533958341e+00   9.4378406433753721e+00   5.0000000000000000e+00
   8.2217188537486763e+00   9.9394136938630471e+00   5.0000000000000000e+00
   7.7931881214432295e+00   9.5205056112592441e+00   5.0000000000000000e+00
   8.1024544380994570e+00   9.0772739308783983e+00   5.0000000000000000e+00
   3.1606983556892256e+00   1.5874085385476433e+00   5.0000000000000000e+00
   1.1165556701095369e+00   3.0114223132915785e+00   5.0000000000000000e+00
   1.5736276190069809e+00   1.6391557156346903e+00   5.0000000000000000e+00
   8.3832965351223421e-01   7.8293371704364123e-01   5.0000000000000000e+00
   7.7688152985270396e+00   8.5002448171170748e+00   5.0000000000000000e+00
   9.8438000857961665e+00   6.4532526101955945e+00   5.0000000000000000e+00
   1.1082768349930538e+00   1.7122745915570847e+00   5.0000000000000000e+00
   3.1410013278897697e+00   1.1624975354822753e+00   5.0000000000000000e+00
   8.4601265373320231e+00   8.2946014320604853e+00   5.0000000000000000e+00
   1.0047591659298150e+00   3.3109507937263514e+00   5.0000000000000000e+00
   5.9339848828326547e-01   3.1455642184305956e+00   5.0000000000000000e+00
   8.1155648250494377e+00   7.2571641997624861e+00   5.0000000000000000e+00
   7.4961138675193828e-01   2.4133492180442726e+00   5.0000000000000000e+00
   3.4212040745133221e+00   1.0545879098952304e+00   5.0000000000000000e+00
   3.7423532906543624e+00   2.1633388282285337e-01   5.0000000000000000e+00
   1.8372141885409432e+00   1.9646678322206534e+00   5.0000000000000000e+00
   8.7551584001928973e+00   8.3996607320367449e+00   5.0000000000000000e+00
   2.8810054394647677e-01   1.1867085928071841e+00   5.0000000000000000e+00
   3.5056299240346158e+00   2.1529432688009442e-01   5.0000000000000000e+00
   8.5021911103042580e-02   3.7052211927483225e+00   5.0000000000000000e+00
   1.1769837846182263e+00   1.9875597076307450e+00   5.0000000000000000e+00
   8.5830588300849442e-01   2.8976335788133589e+00   5.0000000000000000e+00
   1.7975655876914221e+00   2.5415729559799907e+00   5.0000000000000000e+00
   8.0459282246859694e+00   9.6542965168899535e+00   5.0000000000000000e+00
   1.8477277636816447e+00   2.8045383090199905e+00   5.0000000000000000e+00
   9.5467187963824323e+00   7.0734650798792877e+00   5.0000000000000000e+00
   9.2147497860638357e+00   7.1914053566084952e+00   5.0000000000000000e+00
   9.6472368260249333e+00   7.2328063054470269e+00   5.0000000000000000e+00
   9.3278436286065727e+00   8.8487807470521638e+00   5.0000000000000000e+00
   1.7706569726765009e+00   2.2624083679230189e-02   5.0000000000000000e+00
   9.0549417384693438e+00   7.5767339260097719e+00   5.0000000000000000e+00
   8.5733883161426476e+00   9.4946833035616667e+00   5.0000000000000000e+00
   8.7823191943379548e+00   9.2478761938949141e+00   5.0000000000000000e+00
   8.9425839187205796e+00   6.7111634547868846e+00   5.0000000000000000e+00
   8.5666859491100169e+00   6.9958653935650563e+00   5.0000000000000000e+00
   9.9410868580133105e+00   6.8922267681507794e+00   5.0000000000000000e+00
   8.0654189343598013e+00   9.2570765671051625e+00   5.0000000000000000e+00
   6.8501899170400247e+00   8.4460201588014865e+00   5.0000000000000000e+00
   9.2822807777773750e+00   8.2595259054384780e+00   5.0000000000000000e+00
   4.8288283920796538e-02   2.8130015186731940e+00   5.0000000000000000e+00
   2.0131288190156873e+00   1.7337197670435123e+00   5.0000000000000000e+00
   7.1979192391613687e+00   8.0563874087828768e+00   5.0000000000000000e+00
   7.5537646488883006e+00   9.6958188449455545e+00   5.0000000000000000e+00
   1.1020369906433458e+00   3.8153056346208469e-02   5.0000000000000000e+00
   7.1278383795073710e+00   9.9791030936829443e+00   5.0000000000000000e+00
   9.9804441378921194e-01   3.3799412465601630e+00   5.0000000000000000e+00
   8.8625137050085634e+00   7.2763742431854919e+00   5.0000000000000000e+00
   7.3199810859518308e+00   8.2025465338215007e+00   5.0000000000000000e+00
   8.8203984325080338e+00   7.7653789147492702e+00   5.0000000000000000e+00
   1.5809689672050831e+00   2.9061149073900507e+00   5.0000000000000000e+00
   9.1084585791733339e+00   6.5696130053861532e+00   5.0000000000000000e+00
   9.5563416820575746e+00   9.4963216103346380e+00   5.0000000000000000e+00
   7.5510194178498722e+00   9.6991096078551848e+00   5.0000000000000000e+00
   9.2793755818927237e-01   1.9511095360037500e+00   5.0000000000000000e+00
   9.8340087413945572e+00   7.0806289951519492e+00   5.0000000000000000e+00
   2.2425410226076914e-01   2.8871218304470370e+00   5.0000000000000000e+00
   9.8791624355311942e+00   8.1972004799786902e+00   5.0000000000000000e+00
   3.1147970526820279e+00   1.5509432116082855e+00   5.0000000000000000e+00
   2.4579541267138163e+00   1.4816501648957381e+00   5.0000000000000000e+00
   7.4043757148958154e+00   8.4066953836842409e+00   5.0000000000000000e+00
   9.4482474629527182e+00   9.8236233858561821e+00   5.0000000000000000e+00
   2.1862641292844618e+00   1.8749981581428121e+00   5.0000000000000000e+00
   9.7120367930781377e+00   9.1532661395085384e+00   5.0000000000000000e+00
   9.7589466237585913e+00   8.2703348934035841e+00   5.0000000000000000e+00
   4.7117566646415199e-01   3.1689812229096437e+00   5.0000000000000000e+00
   1.0936599602338448e+00   1.3867747999560420e+00   5.0000000000000000e+00
   5.5796971224943981e-01   2.6283472597165760e+00   5.0000000000000000e+00
   7.7401028308208666e+00   8.5653964823801481e+00   5.0000000000000000e+00
   9.8737482888495016e+00   9.9810098332702850e+00   5.0000000000000000e+00
   1.9915547023112223e+00   9.4935899724053252e-01   5.0000000000000000e+00
   7.8213931589676324e+00   8.6880678071852522e+00   5.0000000000000000e+00
   8.6678239334204452e+00   7.6870451061586174e+00   5.0000000000000000e+00
   1.8436538087671317e-01   9.1598927095588589e-02   5.0000000000000000e+00
   6.8168526346947420e+00   9.6397440866984514e+00   5.0000000000000000e+00
   9.5428939348336002e+00   7.4340665809613018e+00   5.0000000000000000e+00
   2.8051384858861272e+00   1.4089436987975157e+00   5.0000000000000000e+00
   1.4009548821313111e+00   4.7510788155985195e-01   5.0000000000000000e+00
   3.1820989749542949e+00   4.2981538967090227e-01   5.0000000000000000e+00
   9.3867386669571093e+00   7.5563103260377869e+00   5.0000000000000000e+00
   8.9895787478107785e+00   7.7803233607193398e+00   5.0000000000000000e+00
   8.8093501077145682e+00   7.9579452165084339e+00   5.0000000000000000e+00
   8.4218295407583241e+00   9.3703438849035532e+00   5.0000000000000000e+00
   8.0965150703702466e+00   9.0845269259733250e+00   5.0000000000000000e+00
   4.3164490029711233e-02   1.4906784423152719e+00   5.0000000000000000e+00
   9.8568168609359894e+00   8.7385892977129203e+00   5.0000000000000000e+00
   6.0907630276051949e-01   1.2141979354976562e+00   5.0000000000000000e+00
   8.7602692742016042e-01   3.2795504735521206e+00   5.0000000000000000e+00
   2.1671842833230315e-01   3.2198159646740079e+00   5.0000000000000000e+00
   7.5627978271024148e+00   9.3479391115749433e+00   5.0000000000000000e+00
   7.9794016234431906e+00   8.2079122961465458e+00   5.0000000000000000e+00
   8.6847038052851335e+00   7.2100853796773414e+00   5.0000000000000000e+00
   1.6074669574869860e+00   2.8573176315416937e+00   5.0000000000000000e+00
   7.5672372577779035e+00   7.8831708394293054e+00   5.0000000000000000e+00
   4.4121805161968952e-01   6.0735640701821136e-02   5.0000000000000000e+00
   8.0685410136748708e+00   7.7040839522314091e+00   5.0000000000000000e+00
   8.3089798068309850e+00   8.5063318218495194e+00   5.0000000000000000e+00
   8.3300693788813991e+00   9.2106769819760217e+00   5.0000000000000000e+00
   7.7352318554550594e+00   8.1044998791767515e+00   5.0000000000000000e+00
   1.7524357614492247e+00   3.0035168326785655e+00   5.0000000000000000e+00
   7.6434121392281940e+00   8.4987885042360904e+00   5.0000000000000000e+00
   7.6096206274668763e+00   7.4304331351361270e+00   5.0000000000000000e+00
   8.7766189999486821e-01   2.7073946534193469e+00   5.0000000000000000e+00
   9.2136076081886280e+00   9.6370135947356399e+00   5.0000000000000000e+00
   2.1376184992925804e+00   1.8863261013072741e+00   5.0000000000000000e+00
   1.9928298498068664e+00   6.5152370550373484e-01   5.0000000000000000e+00
   1.0491175052959267e+00   1.0404564804292138e+00   5.0000000000000000e+00
   2.2373543582889042e+00   1.8290067046280645e+00   5.0000000000000000e+00
   8.1552161475463052e+00   8.9344871633093845e+00   5.0000000000000000e+00
   9.5221982087000558e+00   9.2790682866441152e+00   5.0000000000000000e+00
   8.7668100018464390e+00   8.1261749115202999e+00   5.0000000000000000e+00
   9.0773753467847449e+00   9.3011004578727334e+00   5.0000000000000000e+00
   9.3718073471074064e+00   8.7967492523019697e+00   5.0000000000000000e+00
   1.6738457583364619e+00   2.3050350095069252e+00   5.0000000000000000e+00
   1.0481486870731505e+00   1.2849542215448706e+00   5.0000000000000000e+00
   1.1919141220099139e+00   1.9874785724117072e+00   5.0000000000000000e+00
   7.7090736803996238e+00   7.4292674048297762e+00   5.0000000000000000e+00
   8.3537103198061278e+00   7.2116278702377805e+00   5.0000000000000000e+00
   7.5553080482405264e+00   9.0541875314356890e+00   5.0000000000000000e+00
   1.1778144546954306e+00   8.0833068805368335e-01   5.0000000000000000e+00
   6.2072107180061176e-02   2.2908600936830306e+00   5.0000000000000000e+00
   9.7058276898003157e+00   7.8163992610919983e+00   5.0000000000000000e+00
   3.1771450634045104e+00   1.3515154759881576e+00   5.0000000000000000e+00
   9.1493654242225979e+00   9.3849177848372154e+00   5.0000000000000000e+00
   3.7308739169292862e+00   2.8761050399620069e-01   5.0000000000000000e+00
   3.1038202086996258e+00   7.7386336563675329e-01   5.0000000000000000e+00
   6.4375040240166435e+00   9.9464170044465430e+00   5.0000000000000000e+00
   9.9465664648100471e+00   8.6519309075505966e+00   5.0000000000000000e+00
   3.3621599310664054e+00   5.3829381221745964e-01   5.0000000000000000e+00
   9.9002969034183455e+00   9.9229085438384583e+00   5.0000000000000000e+00
   1.8126451551927680e+00   8.8411533400699627e-02   5.0000000000000000e+00
   2.1992109359054099e+00   1.2234638364221750e+00   5.0000000000000000e+00
   9.1563381311811316e+00   8.6643798128341931e+00   5.0000000000000000e+00
   9.3111641864073960e+00   8.2755040921935255e+00   5.0000000000000000e+00
   7.5829499509601828e-01   2.8442153946484172e+00   5.0000000000000000e+00
   9.5808728812600616e+00   7.0743082995676030e+00   5.0000000000000000e+00
   2.9491121891510752e+00   1.4600250136441195e+00   5.0000000000000000e+00
   1.3634024399559697e+00   7.5068871306806728e-01   5.0000000000000000e+00
