   2.3058861538696074e+00   8.4546695414931818e+00   1.0000000000000000e+00
   6.2962171664259152e+00   3.1817300843061336e-01   1.0000000000000000e+00
   2.3808314169432219e+00   8.3911978351621404e+00   1.0000000000000000e+00
   2.0592813412287470e+00   8.7696961344620163e+00   1.0000000000000000e+00
   2.0509993899647405e+00   7.4725780737720200e+00   1.0000000000000000e+00
   6.9322455016028588e+00   1.4458479206379671e+00   1.0000000000000000e+00
   5.7844577115709894e-02   8.6300025767960378e+00   1.0000000000000000e+00
   7.7904623285394941e+00   1.6091457940966347e+00   1.0000000000000000e+00
   8.5158512131843302e+00   6.9696685671314706e-01   1.0000000000000000e+00
   9.7437643925096378e+00   4.7646206955148540e-01   1.0000000000000000e+00
   9.3713579511825387e+00   2.5179459327253784e+00   1.0000000000000000e+00
   2.7937103343729008e+00   9.8267127554290070e+00   1.0000000000000000e+00
   6.6342334947128503e+00   1.1229140930233705e+00   1.0000000000000000e+00
   1.8412007314626921e+00   9.7996658073151046e+00   1.0000000000000000e+00
   6.6727274401414904e+00   1.0257664084167828e+00   1.0000000000000000e+00
   2.2870252796475352e+00   7.6931702813726064e+00   1.0000000000000000e+00
   7.3655753480728405e+00   2.8886429969491201e-01   1.0000000000000000e+00
   6.9424405164745000e+00   1.6218823547612815e+00   1.0000000000000000e+00
   8.7631367609225421e+00   7.3527930030025668e-01   1.0000000000000000e+00
   9.4109320845076034e+00   2.8256003220562742e+00   1.0000000000000000e+00
   3.2323352060722321e+00   8.4140933513585860e+00   1.0000000000000000e+00
   2.2950575400723769e+00   9.2185084828524673e+00   1.0000000000000000e+00
   9.2533569300315239e+00   2.7430009345864148e+00   1.0000000000000000e+00
   9.2325727015881598e-01   6.8641836767458821e+00   1.0000000000000000e+00
   1.0838147371476470e+00   7.3409409767557596e+00   1.0000000000000000e+00
   2.0245505101626438e+00   7.3773259087596781e+00   1.0000000000000000e+00
   9.2265567511965436e+00   1.3365314210419010e+00   1.0000000000000000e+00
   4.5991629869997164e-01   9.1830625581508798e+00   1.0000000000000000e+00
   8.0561285809619516e+00   2.3861161047072068e+00   1.0000000000000000e+00
   1.0995083406806572e+00   9.4280439981965873e+00   1.0000000000000000e+00
   7.3489143703226256e+00   1.8860138959994910e+00   1.0000000000000000e+00
   1.0879833190932742e+00   7.1562188600183791e+00   1.0000000000000000e+00
   1.1682947750764083e+00   9.4666987686857915e+00   1.0000000000000000e+00
   1.0033932201077145e+00   8.7438472854535707e+00   1.0000000000000000e+00
   1.6987022162321452e+00   9.5036558948590812e+00   1.0000000000000000e+00
   2.2692577955163906e+00   8.5187253181854974e+00   1.0000000000000000e+00
   3.6270514432734355e+00   9.5804213744434801e+00   1.0000000000000000e+00
   2.0247434806221154e-01   9.1123451522201986e+00   1.0000000000000000e+00
   8.2238070204902751e+00   2.3465231722773661e+00   1.0000000000000000e+00
   9.0716935418922056e+00   1.2940498988718352e+00   1.0000000000000000e+00
   1.2749884786908638e+00   6.9694756732885281e+00   1.0000000000000000e+00
   8.9074072863951983e+00   1.2328361334332671e+00   1.0000000000000000e+00
   7.0318254712190331e-01   8.7044265436206576e+00   1.0000000000000000e+00
   2.1747238237485611e+00   8.5636583853564403e+00   1.0000000000000000e+00
   8.5109837186101522e+00   2.2113261802142681e+00   1.0000000000000000e+00
   8.7452836076648026e+00   2.4515816255852152e+00   1.0000000000000000e+00
   1.0261505699954154e+00   7.7860235274450673e+00   1.0000000000000000e+00
   3.9841452198707383e-01   8.0338214307774081e+00   1.0000000000000000e+00
   7.9878548422992921e+00   1.6154302632511397e+00   1.0000000000000000e+00
   6.6384330282892243e+00   7.3398422277110020e-02   1.0000000000000000e+00
   8.5255517587692786e-01   7.6413021890389672e+00   1.0000000000000000e+00
   1.4032335830821197e+00   8.7282450195895596e+00   1.0000000000000000e+00
   1.3463556973612067e+00   7.3823222997710953e+00   1.0000000000000000e+00
   3.1117648817486590e+00   8.9909082959265127e+00   1.0000000000000000e+00
   8.1229612898802088e+00   1.5106523956866735e-01   1.0000000000000000e+00
   8.5096263888452288e+00   1.1096218508291544e+00   1.0000000000000000e+00
   8.7652699043278606e+00   3.1357446770158450e+00   1.0000000000000000e+00
   9.9467700625285893e+00   2.7842699443458452e+00   1.0000000000000000e+00
   8.9030805955200165e+00   3.6600794088225364e-01   1.0000000000000000e+00
   7.8939229646152134e+00   1.0800245141707465e+00   1.0000000000000000e+00
   2.0255569044352981e+00   7.3961855616747476e+00   1.0000000000000000e+00
   7.0099762202534297e+00   1.8072990239269859e+00   1.0000000000000000e+00
   1.1747524183840885e+00   9.9224786085360535e+00   1.0000000000000000e+00
   6.7557130309434630e+00   1.5032402703641146e-01   1.0000000000000000e+00
   9.7607702373450618e+00   1.4068270677043360e+00   1.0000000000000000e+00
   9.4200121728102140e+00   3.1365162529074975e+00   1.0000000000000000e+00
   2.6963987825062041e-01   6.8703697634420022e+00   1.0000000000000000e+00
   2.8453147029855073e+00   9.9857738741152620e+00   1.0000000000000000e+00
   1.2934653290649745e+00   7.7239701948933392e+00   1.0000000000000000e+00
   7.5189629605938908e+00   1.5916649050289844e+00   1.0000000000000000e+00
   9.9299202182931658e+00   7.3022797163814879e-01   1.0000000000000000e+00
   7.8480758148227849e+00   1.7716604344823028e+00   1.0000000000000000e+00
   9.8424931430122520e+00   1.9545352175332653e+00   1.0000000000000000e+00
   3.3838481896576109e+00   9.4782065278875614e+00   1.0000000000000000e+00
   8.0287153783626639e+00   2.7755829392292188e+00   1.0000000000000000e+00
   1.1698047643646192e+00   9.9485349377340597e+00   1.0000000000000000e+00
   1.9362948791948198e+00   8.5126668035335857e+00   1.0000000000000000e+00
   3.0387147723520878e+00   9.7432029701656440e+00   1.0000000000000000e+00
   1.8302665388430950e-01   7.8455456121388369e+00   1.0000000000000000e+00
   8.3602126901111191e+00   1.1312426851121071e+00   1.0000000000000000e+00
   7.9680434517333287e+00   2.5005005569333463e+00   1.0000000000000000e+00
   8.2220538376166949e+00   7.3637621783367857e-02   1.0000000000000000e+00
   8.1546192825844059e+00   2.0830654875373664e+00   1.0000000000000000e+00
   8.4405792336140650e-01   6.7555984403513403e+00   1.0000000000000000e+00
   9.2124703765036635e+00   3.5032451499139317e+00   1.0000000000000000e+00
   1.3548840777744775e+00   8.7813691996025067e+00   1.0000000000000000e+00
   6.9916739512243531e+00   1.1601871311057832e+00   1.0000000000000000e+00
   8.1289906640705993e+00   1.1085702530260877e+00   1.0000000000000000e+00
   2.0142476486294161e+00   8.2681384837537717e+00   1.0000000000000000e+00
   6.5616801344386921e+00   1.4544841004361708e-01   1.0000000000000000e+00
   4.7624010322136034e-01   9.0859204289537256e+00   1.0000000000000000e+00
   7.6807245537850175e+00   1.6577269613650103e+00   1.0000000000000000e+00
   9.4817091118733501e+00   2.9982610901622686e-01   1.0000000000000000e+00
   6.7588321373285156e+00   4.4741489484878105e-01   1.0000000000000000e+00
   7.7558307190044093e+00   3.3434765490665264e-02   1.0000000000000000e+00
   2.1853153365253042e+00   7.7486316458701268e+00   1.0000000000000000e+00
   3.2947653466259954e+00   8.6553030836611242e+00   1.0000000000000000e+00
   7.2753240451174808e+00   2.1663040311141621e+00   1.0000000000000000e+00
   9.9774725245215983e+00   2.4149662815229709e+00   1.0000000000000000e+00
   6.2600592036691172e+00   1.7129458839222234e-01   1.0000000000000000e+00
   9.1437096363824413e+00   2.9783240087184462e+00   1.0000000000000000e+00
   8.1128785117523750e-01   7.6408718558966378e+00   1.0000000000000000e+00
   3.0422407440851531e+00   9.0786818085979029e+00   1.0000000000000000e+00
   2.6427590614231713e+00   9.0465416499877218e+00   1.0000000000000000e+00
   2.8293835895088124e+00   7.9436277854299133e+00   1.0000000000000000e+00
   9.7228269054212166e+00   1.9886571199174929e+00   1.0000000000000000e+00
   8.0092288871045199e+00   1.9441531166143966e+00   1.0000000000000000e+00
   3.5692621336428032e-01   9.1969907845368830e+00   1.0000000000000000e+00
   8.2286686777157971e+00   2.4011771028344517e+00   1.0000000000000000e+00
   2.8389757033139729e-01   6.3010966960528449e+00   1.0000000000000000e+00
   8.7563771356171483e+00   2.1460546916886294e+00   1.0000000000000000e+00
   4.8092004943869338e-01   8.3772226172061490e+00   1.0000000000000000e+00
   2.9106406932371520e+00   9.1249280282197844e+00   1.0000000000000000e+00
   7.7259901061410758e+00   2.4900361737640497e+00   1.0000000000000000e+00
   6.6211428517546356e-01   9.9632680177476747e+00   1.0000000000000000e+00
   6.7151841579788596e-01   6.8650665366483130e+00   1.0000000000000000e+00
   7.3973934475718783e+00   1.7280620996264962e+00   1.0000000000000000e+00
   9.4948852328916900e+00   3.8001698749978607e-01   1.0000000000000000e+00
   7.5690608545701181e+00   3.1598025237625782e-02   1.0000000000000000e+00
   1.0694807666055794e+00   6.9866431408559313e+00   1.0000000000000000e+00
   7.5642830216379782e+00   2.1895437344978652e+00   1.0000000000000000e+00
   8.3406124829010664e-01   7.0951243688929013e+00   1.0000000000000000e+00
   1.6656474623091599e+00   7.4791986704246280e+00   1.0000000000000000e+00
   1.9323658147304890e+00   9.8113989088192248e+00   1.0000000000000000e+00
   3.0428007154237156e+00   9.6881994452251980e+00   1.0000000000000000e+00
   9.3363287936720578e+00   8.0567280431310340e-01   1.0000000000000000e+00
   7.2115581341081390e+00   4.1812539561231432e-01   1.0000000000000000e+00
   4.1940665842307157e-01   9.6972696961366029e+00   1.0000000000000000e+00
   9.9507327301435815e+00   7.8003852778735117e-01   1.0000000000000000e+00
   9.8006164891774503e+00   1.2544800986603932e+00   1.0000000000000000e+00
   8.3634626550711317e+00   6.5234296453254514e-01   1.0000000000000000e+00
   7.8832184621004275e-01   9.6939426772236832e+00   1.0000000000000000e+00
   3.5102034406096863e+00   9.2205391835715993e+00   1.0000000000000000e+00
   1.7093729453449924e+00   7.7517185610623764e+00   1.0000000000000000e+00
   2.6654285470090153e+00   8.0181513904590229e+00   1.0000000000000000e+00
   6.9013123836676069e+00   1.8691974889757879e+00   1.0000000000000000e+00
   9.1273333121394469e+00   2.8301091177334281e+00   1.0000000000000000e+00
   8.2331815489614844e+00   1.3911014051247339e+00   1.0000000000000000e+00
   7.9074459750030837e+00   2.3091204508041518e+00   1.0000000000000000e+00
   2.0536068674344699e+00   9.9834772611282645e+00   1.0000000000000000e+00
   2.0042843965257640e+00   9.7807893061449001e+00   1.0000000000000000e+00
   8.3269920117272704e+00   2.3533409917503310e+00   1.0000000000000000e+00
   5.2564748381489168e-01   7.1681206680396592e+00   1.0000000000000000e+00
   9.9926033196819333e+00   1.3981420485349683e+00   1.0000000000000000e+00
   9.2753277089973629e+00   8.2482205758113714e-01   1.0000000000000000e+00
   1.0703104003585651e+00   9.3475517168360405e+00   1.0000000000000000e+00
   8.5682709987285666e+00   7.4963060860065434e-01   1.0000000000000000e+00
   1.7929431845538335e+00   7.3791886015804167e+00   1.0000000000000000e+00
   3.9752484541757060e-01   6.9877668785622271e+00   1.0000000000000000e+00
   1.0040664335794514e+00   9.8802074972593346e+00   1.0000000000000000e+00
   7.8007350000006941e+00   2.4853163425506386e+00   1.0000000000000000e+00
   1.8900000863881761e+00   8.2767592189415442e+00   1.0000000000000000e+00
   8.7858062756242692e+00   5.9017209918962865e-01   1.0000000000000000e+00
   6.7879413385190439e+00   8.5315955589653547e-01   1.0000000000000000e+00
   2.9475796957225020e-01   9.6002754327399256e+00   1.0000000000000000e+00
   7.8143449652843335e+00   1.4369281338607542e+00   1.0000000000000000e+00
   9.2613838248599700e-02   7.2586279269276366e+00   1.0000000000000000e+00
   7.8567620848266078e+00   8.8285671011559930e-01   1.0000000000000000e+00
   8.1323480960121977e+00   3.1989753848937208e-01   1.0000000000000000e+00
   3.4439434841389529e+00   9.4503182282845462e+00   1.0000000000000000e+00
   9.3955023289223636e+00   1.1314919697530945e+00   1.0000000000000000e+00
   2.9962277679567273e+00   8.7425188749833094e+00   1.0000000000000000e+00
   8.6039830400852182e+00   2.5238165344345189e+00   1.0000000000000000e+00
   2.2014022942766323e+00   9.9731669615288876e+00   1.0000000000000000e+00
   7.5255811100974332e+00   1.5059814176176767e+00   1.0000000000000000e+00
   7.0816330607035241e+00   1.6926175651303110e+00   1.0000000000000000e+00
   9.4155374797919276e+00   2.2275804797002055e+00   1.0000000000000000e+00
   7.9942811091944632e+00   2.5934172599769498e+00   1.0000000000000000e+00
   3.6450576887929440e+00   9.6783172240526500e+00   1.0000000000000000e+00
   1.5277018615265925e+00   9.2500261732352591e+00   1.0000000000000000e+00
   7.6808297955271954e+00   2.2793606541458522e+00   1.0000000000000000e+00
   2.3015465756520803e-01   9.5118084752129946e+00   1.0000000000000000e+00
   2.9583746622681293e+00   8.1310315800542767e+00   1.0000000000000000e+00
   9.9327084721666625e-01   9.5307057089379015e+00   1.0000000000000000e+00
   6.1816072772698627e-01   7.9195150037085247e+00   1.0000000000000000e+00
   2.7990498838639688e-01   8.0880198395346152e+00   1.0000000000000000e+00
   7.5467640444194908e+00   1.4676767509624111e+00   1.0000000000000000e+00
   8.9956593362081061e-01   8.1650126256895277e+00   1.0000000000000000e+00
   3.0811078250744184e+00   9.0790953053731176e+00   1.0000000000000000e+00
   8.7180767588900085e+00   3.1018159644800889e+00   1.0000000000000000e+00
   2.3105246896334086e+00   8.8335669865009425e+00   1.0000000000000000e+00
   8.1546059032294611e+00   2.8361222814787848e+00   1.0000000000000000e+00
   9.8553117126523855e+00   3.6942077706938248e-01   1.0000000000000000e+00
   8.8277833348766386e+00   9.3102315466482621e-01   1.0000000000000000e+00
   8.3062215909486188e+00   3.1250710574408256e+00   1.0000000000000000e+00
   1.1286261780527174e+00   8.2837650317538429e+00   1.0000000000000000e+00
   1.1095788082097946e+00   8.1052850926392441e+00   1.0000000000000000e+00
   6.3089390382769537e+00   6.6825583075676986e-02   1.0000000000000000e+00
   1.0230439991658458e+00   8.2519377498081301e+00   1.0000000000000000e+00
   9.4807718129151262e+00   2.7771768621790094e+00   1.0000000000000000e+00
   9.2283689977925647e+00   3.1449284237121713e+00   1.0000000000000000e+00
   8.5224005470641924e+00   8.3393496084821050e-01   1.0000000000000000e+00
   7.0753513143158075e+00   1.0782842192101816e+00   1.0000000000000000e+00
   7.9065556638521270e+00   8.3491689459731844e-01   1.0000000000000000e+00
   2.7597954702800020e-01   6.7105302872519204e+00   1.0000000000000000e+00
   7.7488507234413255e+00   1.8769541421650804e+00   1.0000000000000000e+00
   7.2958720161880075e+00   1.0658583850177605e+00   1.0000000000000000e+00
   8.7822010317884782e+00   2.7107263393779348e+00   1.0000000000000000e+00
   1.9190308908726572e+00   9.2340613958186974e+00   1.0000000000000000e+00
   1.6934801052053150e+00   9.1366601569109882e+00   1.0000000000000000e+00
   6.7335318796894974e+00   1.3684495937648800e+00   1.0000000000000000e+00
   8.5817508374300577e-01   9.9680382432901791e+00   1.0000000000000000e+00
   3.4893378702936708e+00   9.4820662147253358e+00   1.0000000000000000e+00
   7.4927152405805608e-01   7.3292690333109043e+00   1.0000000000000000e+00
   9.9984085751743446e-01   8.9481213186239472e+00   1.0000000000000000e+00
   7.2309736907302931e+00   9.2849576403100431e-01   1.0000000000000000e+00
   1.8090451796467033e+00   8.4256310495256379e+00   1.0000000000000000e+00
   8.0235200997249212e+00   2.1868363364290175e+00   1.0000000000000000e+00
   9.4429598343343724e+00   2.1348712960215854e+00   1.0000000000000000e+00
   8.3720656217186633e+00   2.0955777946009735e+00   1.0000000000000000e+00
   9.1876701859203340e+00   2.4587080604341462e+00   1.0000000000000000e+00
   8.4334744569051150e+00   3.1891732588931188e-02   1.0000000000000000e+00
   2.0410781491357599e+00   9.5015917232007912e+00   1.0000000000000000e+00
   3.2549383904244591e+00   9.9289492414874836e+00   1.0000000000000000e+00
   2.2106759357919481e+00   7.6765620316737024e+00   1.0000000000000000e+00
   8.7009509625273420e+00   2.7987944109952134e+00   1.0000000000000000e+00
   9.1949156733818445e+00   1.9262856193438260e-02   1.0000000000000000e+00
   8.6639638231380722e+00   1.4757129407891545e+00   1.0000000000000000e+00
   5.5313055616878239e+00   1.2638761720735570e+00   2.0000000000000000e+00
   3.3872271217311880e+00   6.3962001142838272e+00   2.0000000000000000e+00
   5.5394946579809377e+00   5.8937061405054725e-01   2.0000000000000000e+00
   8.0182262836308791e+00   3.8048936024472892e+00   2.0000000000000000e+00
   8.2246133244253521e+00   4.2611715621057229e+00   2.0000000000000000e+00
   5.5880762153186936e+00   1.0760705417875582e+00   2.0000000000000000e+00
   7.9371505090149865e+00   4.3731331517569032e+00   2.0000000000000000e+00
   7.8151848006910463e+00   4.2998444550697634e+00   2.0000000000000000e+00
   3.4205728626006793e+00   7.7987238761025335e+00   2.0000000000000000e+00
   3.3165562129293056e+00   7.3574630641079244e+00   2.0000000000000000e+00
   8.1765078854441171e+00   4.2329609733485345e+00   2.0000000000000000e+00
   8.6107731598161106e+00   3.3453478255108084e+00   2.0000000000000000e+00
   8.1462631045342579e+00   3.6778471982094088e+00   2.0000000000000000e+00
   6.5388489224836164e+00   1.4817635178492361e+00   2.0000000000000000e+00
   6.9426214592420612e+00   3.7061863482378374e+00   2.0000000000000000e+00
   5.5609266495104182e+00   5.2888224390714500e-01   2.0000000000000000e+00
   2.7067515772622297e+00   5.9480271531227409e+00   2.0000000000000000e+00
   5.4515923178236587e+00   5.1504149775338792e-03   2.0000000000000000e+00
   2.3509356372794441e+00   6.6968086698397524e+00   2.0000000000000000e+00
   3.2583723674047160e+00   6.4531435114706417e+00   2.0000000000000000e+00
   5.8075446299504074e+00   3.4420223179643106e-01   2.0000000000000000e+00
   3.6251941672429866e+00   9.2088118283214833e+00   2.0000000000000000e+00
   9.6597896637228331e+00   4.4859427081729848e+00   2.0000000000000000e+00
   2.6691399175169517e+00   6.2217195936659540e+00   2.0000000000000000e+00
   5.6444687111699032e+00   2.6302951108079666e+00   2.0000000000000000e+00
   6.3898992627423548e+00   1.5958369896251068e+00   2.0000000000000000e+00
   3.4646396859754249e+00   7.0747859758302098e+00   2.0000000000000000e+00
   5.2653011761850363e+00   3.3634279669501943e-01   2.0000000000000000e+00
   4.4292760953607111e+00   9.1327402520703611e+00   2.0000000000000000e+00
   7.6717925240594420e+00   3.7976990578299552e+00   2.0000000000000000e+00
   8.1575269205659886e+00   4.3604659822653691e+00   2.0000000000000000e+00
   4.2500872404117596e-01   5.9074980305263223e+00   2.0000000000000000e+00
   5.7510326354877419e+00   7.2893771796839202e-02   2.0000000000000000e+00
   7.3620836254895998e+00   4.3736398807228429e+00   2.0000000000000000e+00
   5.9388141865753328e+00   1.6988461456748005e+00   2.0000000000000000e+00
   7.1062057100074298e+00   3.6514679247793236e+00   2.0000000000000000e+00
   1.7146715581444338e+00   6.4260034309409360e+00   2.0000000000000000e+00
   5.9641449597363083e+00   3.6156871612886166e+00   2.0000000000000000e+00
   7.4948042953437835e+00   2.9045440972936021e+00   2.0000000000000000e+00
   6.9105698423638051e+00   1.9250222259216887e+00   2.0000000000000000e+00
   3.1010693287471303e-01   5.9160153288822741e+00   2.0000000000000000e+00
   1.6895088492896349e+00   5.7492911987589057e+00   2.0000000000000000e+00
   2.9915014946930940e-01   6.2761909489897150e+00   2.0000000000000000e+00
   5.6000312180925196e+00   2.2215920190559215e+00   2.0000000000000000e+00
   6.1798948405018272e+00   1.4380531159858478e+00   2.0000000000000000e+00
   8.4450668374546396e+00   3.4453872528357996e+00   2.0000000000000000e+00
   5.3244885471375802e+00   1.5527274355353637e+00   2.0000000000000000e+00
   6.0945825953291264e+00   5.2559906251800848e-01   2.0000000000000000e+00
   5.9352600698360511e+00   3.9749066749639983e+00   2.0000000000000000e+00
   4.3909849969304249e+00   7.3997926487654775e+00   2.0000000000000000e+00
   7.5688898716594561e+00   4.3893926177376565e+00   2.0000000000000000e+00
   8.7078550819340830e+00   4.2942050021447065e+00   2.0000000000000000e+00
   1.4161661713063212e-01   5.7025127514110228e+00   2.0000000000000000e+00
   3.4986291130582767e+00   6.1312776531918436e+00   2.0000000000000000e+00
   3.9260291808534067e+00   9.1414244626320063e+00   2.0000000000000000e+00
   3.4315323990824642e+00   8.7088648086544147e+00   2.0000000000000000e+00
   5.7106678390140795e+00   4.7703160820910417e-01   2.0000000000000000e+00
   3.9223485700218896e+00   6.7020749522522696e+00   2.0000000000000000e+00
   3.7657609161093211e+00   6.6925262451136893e+00   2.0000000000000000e+00
   8.3142286045048319e+00   4.1216018450689615e+00   2.0000000000000000e+00
   8.7260455754875945e+00   3.4667179760065281e+00   2.0000000000000000e+00
   3.0416801321338283e+00   7.5191056212659477e+00   2.0000000000000000e+00
   2.0395239625635551e+00   5.9529048782688463e+00   2.0000000000000000e+00
   5.4804335806388789e+00   1.2908697367922639e+00   2.0000000000000000e+00
   3.7122709845820667e-01   5.2402903884629994e+00   2.0000000000000000e+00
   6.1503691927656332e+00   4.4896382397363599e-01   2.0000000000000000e+00
   9.9792203540973397e+00   4.4784636566950482e+00   2.0000000000000000e+00
   9.3779469853049093e+00   3.8631285982797312e+00   2.0000000000000000e+00
   2.5912068204304459e+00   6.4095651213015454e+00   2.0000000000000000e+00
   7.7958099969830350e+00   4.5433318908264777e+00   2.0000000000000000e+00
   3.7456251476836733e+00   5.7700183011093795e+00   2.0000000000000000e+00
   1.4594743884175132e+00   6.6753427819662523e+00   2.0000000000000000e+00
   3.6657676187313282e+00   8.8507774548882967e+00   2.0000000000000000e+00
   6.7131634510796188e+00   2.0012599143667389e+00   2.0000000000000000e+00
   7.4199863664675556e+00   3.2749992331841007e+00   2.0000000000000000e+00
   3.7849011234084284e+00   9.2671375508944269e+00   2.0000000000000000e+00
   2.6952578876168087e-01   5.5996432428651399e+00   2.0000000000000000e+00
   1.3721862814189945e+00   6.6100891575870619e+00   2.0000000000000000e+00
   1.1194795846688321e+00   5.6787101962911555e+00   2.0000000000000000e+00
   9.6804761370887977e+00   4.7956518883824799e+00   2.0000000000000000e+00
   6.6857215089545203e+00   4.3274325943166261e+00   2.0000000000000000e+00
   6.6933335798076756e+00   1.6452508117457754e+00   2.0000000000000000e+00
   3.8952851708597356e+00   8.1990556343694205e+00   2.0000000000000000e+00
   3.2839827113841782e+00   8.1622928308218086e+00   2.0000000000000000e+00
   5.7339337629615361e+00   2.9922712995447975e+00   2.0000000000000000e+00
   3.5420015272089356e+00   7.1823516046875993e+00   2.0000000000000000e+00
   3.4169794290305155e+00   7.2513838628764020e+00   2.0000000000000000e+00
   3.9563016528032859e+00   8.7951088898879934e+00   2.0000000000000000e+00
   4.3542419854494572e+00   6.6523336536213282e+00   2.0000000000000000e+00
   2.7054654954943413e-01   5.2665792641359266e+00   2.0000000000000000e+00
   1.7351948972966769e-01   5.4065605096923779e+00   2.0000000000000000e+00
   6.9624739950752712e+00   3.1526282600738020e+00   2.0000000000000000e+00
   5.4594643646838072e+00   1.8497596711922526e+00   2.0000000000000000e+00
   8.1602222074629456e+00   3.4855502850373545e+00   2.0000000000000000e+00
   7.6994259533765055e+00   3.5448658805144917e+00   2.0000000000000000e+00
   2.8946443066556271e+00   6.4150060256997037e+00   2.0000000000000000e+00
   3.5592132109661123e+00   6.7026371457414635e+00   2.0000000000000000e+00
   6.4703880352855361e+00   2.7935136666467097e+00   2.0000000000000000e+00
   2.5363003688909638e+00   5.8117188345634796e+00   2.0000000000000000e+00
   7.3414482438729909e+00   2.6502351671255262e+00   2.0000000000000000e+00
   6.9452829802209877e+00   3.2294130392743172e+00   2.0000000000000000e+00
   6.8114844997520008e+00   2.0966874597794307e+00   2.0000000000000000e+00
   5.8245248128833698e+00   2.8904188978453806e+00   2.0000000000000000e+00
   7.8081575260683334e+00   4.0687523357755371e+00   2.0000000000000000e+00
   8.3004908559090058e+00   3.2199686439854949e+00   2.0000000000000000e+00
   2.5574069936048893e+00   6.8009279865304650e+00   2.0000000000000000e+00
   5.4334803015819810e+00   2.5774324583485555e+00   2.0000000000000000e+00
   1.6168413983868124e+00   6.1910419291615950e+00   2.0000000000000000e+00
   3.0395663088496971e+00   6.1639286344849031e+00   2.0000000000000000e+00
   3.9121571637656860e+00   9.0050584341623807e+00   2.0000000000000000e+00
   1.8013804278437773e+00   5.8487413476067918e+00   2.0000000000000000e+00
   6.6316326502296929e+00   1.8118109181133657e+00   2.0000000000000000e+00
   1.6742536048952916e+00   5.8775475779168129e+00   2.0000000000000000e+00
   3.0467646076617982e+00   5.9291699444351975e+00   2.0000000000000000e+00
   7.1687341534685780e+00   2.7180493228937443e+00   2.0000000000000000e+00
   3.5471864497681596e+00   9.0399446170388114e+00   2.0000000000000000e+00
   3.8069073111796534e+00   9.9699606269977217e+00   2.0000000000000000e+00
   8.0728292202699254e+00   4.3186906612021589e+00   2.0000000000000000e+00
   6.8416846665866480e+00   3.3874586256577608e+00   2.0000000000000000e+00
   3.2649101712363571e+00   8.2884990559272218e+00   2.0000000000000000e+00
   4.0492814180349548e+00   6.1646215394132735e+00   2.0000000000000000e+00
   3.3103913485650995e+00   7.1139338988744907e+00   2.0000000000000000e+00
   5.4634538418707912e+00   1.9485332726454152e+00   2.0000000000000000e+00
   1.3020692719339944e+00   5.5874560245045899e+00   2.0000000000000000e+00
   5.4402953325716688e+00   2.2501338640476853e+00   2.0000000000000000e+00
   3.7651431106671995e+00   8.1102181570760639e+00   2.0000000000000000e+00
   7.5850904428688972e+00   3.4757885238826134e+00   2.0000000000000000e+00
   4.4564711544037481e+00   7.7303960443770006e+00   2.0000000000000000e+00
   9.5442938910970962e+00   4.3342037990489812e+00   2.0000000000000000e+00
   8.9958229762643533e+00   3.7989444303540498e+00   2.0000000000000000e+00
   2.9621621642778861e+00   5.6893880398473424e+00   2.0000000000000000e+00
   3.6673444881377937e+00   6.4540362845996331e+00   2.0000000000000000e+00
   1.8990992369834048e+00   5.3615686362096691e+00   2.0000000000000000e+00
   1.6796695586560528e+00   6.2644825374060638e+00   2.0000000000000000e+00
   3.2576965973840375e+00   7.7154169969987159e+00   2.0000000000000000e+00
   3.1802674166035718e+00   5.5029152208007179e+00   2.0000000000000000e+00
   9.9858953221604967e+00   4.0073040154898729e+00   2.0000000000000000e+00
   2.6933591076788899e+00   5.7792625921458534e+00   2.0000000000000000e+00
   1.1505639515068533e+00   5.3776365729262317e+00   2.0000000000000000e+00
   3.9488862237481683e+00   8.5376667223007310e+00   2.0000000000000000e+00
   3.3113784859315021e+00   6.3840980879968772e+00   2.0000000000000000e+00
   6.6381183556410281e+00   3.3059230561311805e+00   2.0000000000000000e+00
   5.2838289017300353e+00   1.2336523404605804e+00   2.0000000000000000e+00
   6.6361006359140626e+00   3.5305537297024192e+00   2.0000000000000000e+00
   7.5053935858151366e+00   3.8762310274937519e+00   2.0000000000000000e+00
   4.3652907173337274e+00   7.5252161331037808e+00   2.0000000000000000e+00
   5.8805180358099456e+00   5.9493401840311266e-01   2.0000000000000000e+00
   6.7612570436459816e+00   1.6677074633474431e+00   2.0000000000000000e+00
   6.2513517476960239e+00   1.2056778053414274e+00   2.0000000000000000e+00
   3.5961183024031760e+00   6.5258387140699012e+00   2.0000000000000000e+00
   3.4865136376302797e+00   6.0780359664020960e+00   2.0000000000000000e+00
   5.8369228952329362e+00   3.0970542427993353e+00   2.0000000000000000e+00
   5.9853429564298102e+00   3.2841715272559768e+00   2.0000000000000000e+00
   5.4314366405992009e+00   2.1731854777165402e+00   2.0000000000000000e+00
   5.6596628247925098e+00   5.4774278061502368e-02   2.0000000000000000e+00
   4.3635495213739448e+00   7.7998702998567353e+00   2.0000000000000000e+00
   9.6232351232008391e+00   3.7603969700119166e+00   2.0000000000000000e+00
   3.9359789537914458e+00   7.7197794708051202e+00   2.0000000000000000e+00
   1.5480328035806989e+00   6.1043979705914513e+00   2.0000000000000000e+00
   5.9970115596336280e+00   1.1081405211042883e+00   2.0000000000000000e+00
   6.2748772651390059e+00   3.1929089392031083e+00   2.0000000000000000e+00
   2.1478177255122697e+00   6.0412575226347851e+00   2.0000000000000000e+00
   6.3314274117952571e+00   2.4180211153003128e+00   2.0000000000000000e+00
   6.1241842564054805e+00   3.5511260840571399e+00   2.0000000000000000e+00
   6.2359994094311393e+00   5.2891484956801071e-01   2.0000000000000000e+00
   7.0740230426676955e+00   2.1126972350264750e+00   2.0000000000000000e+00
   1.9560436703160022e+00   5.5457785698125139e+00   2.0000000000000000e+00
   5.9818513412748722e+00   3.2752012688166401e+00   2.0000000000000000e+00
   1.1711141691596882e+00   6.3163401392737049e+00   2.0000000000000000e+00
   5.4570929275056121e+00   6.9817635676878154e-01   2.0000000000000000e+00
   8.9521762098478153e+00   3.9674229171366360e+00   2.0000000000000000e+00
   3.6419042138886502e+00   7.9618322702990607e+00   2.0000000000000000e+00
   4.2146479510482777e+00   6.4857188945564159e+00   2.0000000000000000e+00
   9.9903299100433678e+00   4.2790377175151084e+00   2.0000000000000000e+00
   1.4332511738308640e+00   6.2186497276170787e+00   2.0000000000000000e+00
   3.3304483027682794e+00   5.6613453593973038e+00   2.0000000000000000e+00
   6.2338942468370675e+00   1.1392823229203741e+00   2.0000000000000000e+00
   4.3620187825690095e+00   6.7916512003141420e+00   2.0000000000000000e+00
   1.2466836647168200e+00   6.1790524920692205e+00   2.0000000000000000e+00
   6.5105788315326176e+00   3.7279580422780834e+00   2.0000000000000000e+00
   7.3422631224707136e+00   4.4789025664088280e+00   2.0000000000000000e+00
   3.5049139493332970e+00   7.6798059948759967e+00   2.0000000000000000e+00
   4.0109690577024102e+00   7.3724994220438154e+00   2.0000000000000000e+00
   7.4109246044019450e+00   3.9917975105971202e+00   2.0000000000000000e+00
   5.5319858702392626e+00   2.3338437003749277e+00   2.0000000000000000e+00
   3.8665669826187221e+00   8.9137930193059294e+00   2.0000000000000000e+00
   2.6410646286162844e+00   6.6909586887837991e+00   2.0000000000000000e+00
   1.8261765860443324e+00   5.8785727290760992e+00   2.0000000000000000e+00
   5.5110170043869209e+00   5.2736555419261810e-01   2.0000000000000000e+00
   2.2019050764372619e+00   5.6602929236034356e+00   2.0000000000000000e+00
   4.0264712684906376e+00   7.3791347160422589e+00   2.0000000000000000e+00
   3.8431192523837532e-01   6.0148884449310689e+00   2.0000000000000000e+00
   5.3958269169891073e+00   8.0329338616759283e-01   2.0000000000000000e+00
   5.5999787629671172e+00   1.1468621005921731e+00   2.0000000000000000e+00
   3.1274518872188404e+00   6.5387136839179805e+00   2.0000000000000000e+00
   2.5317934570322507e+00   6.4756884987761048e+00   2.0000000000000000e+00
   5.5386194861632019e+00   2.2240128300365325e+00   2.0000000000000000e+00
   3.5683678754781170e+00   7.5875336851578883e+00   2.0000000000000000e+00
   1.0036296166976266e+00   5.2938109344582518e+00   2.0000000000000000e+00
   2.8017744901907560e+00   5.9016079986949697e+00   2.0000000000000000e+00
   1.4644693782018048e+00   5.7532839146927355e+00   2.0000000000000000e+00
   2.3465843878150130e+00   6.3358960487620521e+00   2.0000000000000000e+00
   2.7629831950060502e+00   5.6790018941157019e+00   2.0000000000000000e+00
   6.9637578933717137e+00   2.6498707520292264e+00   2.0000000000000000e+00
   8.3307582531831126e-01   6.3527405143433233e+00   2.0000000000000000e+00
   7.7705955681695213e+00   3.5525052972900562e+00   2.0000000000000000e+00
   5.4661195639741162e+00   2.2934116468893997e+00   2.0000000000000000e+00
   4.6252533052787905e+00   8.1252761084320095e+00   2.0000000000000000e+00
   4.0237843019492106e+00   9.8985101609059853e+00   2.0000000000000000e+00
   8.1184796624243347e+00   4.3131935090785012e+00   2.0000000000000000e+00
   2.9949457809418201e+00   5.9026956155329167e+00   2.0000000000000000e+00
   3.3827668984204893e+00   8.1085775508046645e+00   2.0000000000000000e+00
   8.0341481765311666e+00   4.4661167256429168e+00   2.0000000000000000e+00
   5.2229365551025033e+00   7.7476600506731845e+00   3.0000000000000000e+00
   5.3244923601694447e+00   5.7101100274399155e+00   3.0000000000000000e+00
   6.5167020288548354e+00   5.2975105351418650e+00   3.0000000000000000e+00
   4.8185364821953733e+00   7.5880564740037046e+00   3.0000000000000000e+00
   2.4872202349475661e+00   4.6977950600762988e+00   3.0000000000000000e+00
   4.5258654362471198e+00   4.5626248574820334e+00   3.0000000000000000e+00
   5.6949791246170367e+00   6.6047889846355829e+00   3.0000000000000000e+00
   5.0533913297158399e+00   5.2684962923047411e+00   3.0000000000000000e+00
   4.3479840428735974e+00   5.9416849850319533e+00   3.0000000000000000e+00
   5.3021044064750136e+00   9.8251632819247217e+00   3.0000000000000000e+00
   4.3350466077693914e+00   2.8669600532718977e+00   3.0000000000000000e+00
   6.8816781943735785e+00   5.1449890685499824e+00   3.0000000000000000e+00
   6.5688864740936488e+00   5.8811036407868134e+00   3.0000000000000000e+00
   5.1640626156800167e+00   6.5900709554440464e+00   3.0000000000000000e+00
   4.4706144663264338e+00   5.2640310082274100e+00   3.0000000000000000e+00
   6.1332626119858888e+00   4.2377382299145969e+00   3.0000000000000000e+00
   2.0977749276471536e+00   4.6579068308868221e+00   3.0000000000000000e+00
   5.0523900691011328e+00   7.6421979906693256e+00   3.0000000000000000e+00
   4.5136897567032950e+00   3.5189453798447081e+00   3.0000000000000000e+00
   3.9473332022948595e+00   5.5161176575421278e+00   3.0000000000000000e+00
   7.9822253051533085e+00   5.1272168718024203e+00   3.0000000000000000e+00
   1.2935545879900490e+00   5.0149948679384151e+00   3.0000000000000000e+00
   5.5782111156406948e+00   7.0541203806001942e+00   3.0000000000000000e+00
   5.3340832611725233e+00   5.7634109458726890e+00   3.0000000000000000e+00
   5.0788810086688985e+00   7.7671886385900208e+00   3.0000000000000000e+00
   5.0212829376991337e+00   6.4146641677185698e+00   3.0000000000000000e+00
   7.3153214862282354e+00   4.8382830736910840e+00   3.0000000000000000e+00
   4.8720375112293377e+00   6.5127754029444205e+00   3.0000000000000000e+00
   4.6302709041047923e+00   3.5490107978727661e+00   3.0000000000000000e+00
   5.5595067121304362e+00   5.7960054790098816e+00   3.0000000000000000e+00
   7.4710368787871486e+00   4.7536273417841981e+00   3.0000000000000000e+00
   3.8003916295727826e+00   4.5827381736066650e+00   3.0000000000000000e+00
   4.2950443186643312e+00   4.4992387201514532e+00   3.0000000000000000e+00
   4.5332531498008031e+00   6.2079082349061103e+00   3.0000000000000000e+00
   4.7146431157661075e+00   2.5040323825437403e+00   3.0000000000000000e+00
   4.1996672393915553e+00   4.6489943915551262e+00   3.0000000000000000e+00
   5.2898545353958690e+00   1.9507322476129185e+00   3.0000000000000000e+00
   5.8949671624098023e+00   4.3511504158164271e+00   3.0000000000000000e+00
   4.8776548215924294e+00   9.5117461307073086e+00   3.0000000000000000e+00
   4.0336390565317259e+00   4.8786173083871933e+00   3.0000000000000000e+00
   8.3089344544076233e+00   5.3103958616891758e+00   3.0000000000000000e+00
   5.3170398894867557e+00   7.6845608036461313e+00   3.0000000000000000e+00
   3.8001300774993951e+00   5.3763302153250443e+00   3.0000000000000000e+00
   8.6439667898045585e+00   5.0207584321850609e+00   3.0000000000000000e+00
   4.8703007626463890e+00   4.0436316791035143e+00   3.0000000000000000e+00
   4.6435590207024182e+00   7.3952751026478172e+00   3.0000000000000000e+00
   4.7983999839340852e+00   3.2151386110787996e+00   3.0000000000000000e+00
   5.7317724229422717e-01   4.7909721384462500e+00   3.0000000000000000e+00
   5.1010336633649453e+00   4.1740257185672993e+00   3.0000000000000000e+00
   3.9431554341469943e-01   4.8764095110538141e+00   3.0000000000000000e+00
   6.8157991112692127e+00   4.8573692964816146e+00   3.0000000000000000e+00
   3.7573537292977468e+00   4.5865863549356281e+00   3.0000000000000000e+00
   4.0043861133391907e+00   3.9001033466717416e+00   3.0000000000000000e+00
   4.8100055729731670e+00   2.5719672643318425e-02   3.0000000000000000e+00
   4.5726561147489386e+00   5.2678979820690595e+00   3.0000000000000000e+00
   5.8673692609050212e+00   4.0859237732320626e+00   3.0000000000000000e+00
   7.4099256447627839e+00   4.9498588270270982e+00   3.0000000000000000e+00
   3.6578233539547167e+00   3.9542104235247075e+00   3.0000000000000000e+00
   3.9403475011920452e+00   4.5907995102214896e+00   3.0000000000000000e+00
   4.5216083325436411e+00   4.7449676646208481e+00   3.0000000000000000e+00
   5.0834664605442184e+00   7.4384578412857074e+00   3.0000000000000000e+00
   8.9009687220938734e+00   4.8540701646954734e+00   3.0000000000000000e+00
   5.0196214489464319e+00   3.5352019010087297e+00   3.0000000000000000e+00
   6.6671710796049410e+00   5.5660538055584059e+00   3.0000000000000000e+00
   4.8163270432962051e+00   4.7464808738026329e+00   3.0000000000000000e+00
   6.1317263116246750e+00   4.9794655312850296e+00   3.0000000000000000e+00
   9.2311872486270410e+00   5.3265324919131380e+00   3.0000000000000000e+00
   4.5331235450062204e+00   6.4371352456644138e+00   3.0000000000000000e+00
   5.5833968790615884e+00   6.1694577557187715e+00   3.0000000000000000e+00
   4.5057136632489652e+00   2.5862433215447522e+00   3.0000000000000000e+00
   7.8436451687637643e+00   4.9358839271858104e+00   3.0000000000000000e+00
   4.6498583229634978e+00   1.0127096553888071e+00   3.0000000000000000e+00
   5.1557644680440431e+00   6.2861641512763988e+00   3.0000000000000000e+00
   7.7691195411654257e-01   4.9413681923425079e+00   3.0000000000000000e+00
   4.4693307833384566e+00   6.0566542446398408e+00   3.0000000000000000e+00
   8.4813405846072261e+00   4.9932503746604642e+00   3.0000000000000000e+00
   5.0853911209829894e+00   1.2452417374341540e+00   3.0000000000000000e+00
   1.4761689108075127e+00   4.9603101408159223e+00   3.0000000000000000e+00
   2.7591781277057379e+00   5.4018347034277472e+00   3.0000000000000000e+00
   8.2451185994979745e+00   5.1007219687310297e+00   3.0000000000000000e+00
   3.1971594124462701e+00   4.8029986057047678e+00   3.0000000000000000e+00
   4.9318645197648916e+00   2.5226883586953641e+00   3.0000000000000000e+00
   5.3450971396421965e+00   5.3224857500095553e+00   3.0000000000000000e+00
   5.4779428015265728e+00   3.7728885072612242e+00   3.0000000000000000e+00
   5.5266083420762087e+00   5.6091773924271440e+00   3.0000000000000000e+00
   2.6668678656723932e+00   4.8174302759095955e+00   3.0000000000000000e+00
   4.6832379006110481e+00   1.3250501697802930e+00   3.0000000000000000e+00
   5.0851954689669618e+00   8.8204742488010690e-01   3.0000000000000000e+00
   6.1030119351487464e+00   5.3980096897392515e+00   3.0000000000000000e+00
   5.5745982905661453e+00   4.2157544836848846e+00   3.0000000000000000e+00
   5.8995596458205402e+00   4.2862973778004454e+00   3.0000000000000000e+00
   6.9286246154643596e+00   5.2503994270957985e+00   3.0000000000000000e+00
   3.2384056738193934e+00   4.2953548808768165e+00   3.0000000000000000e+00
   4.9362262175583655e+00   6.3486340354587889e-01   3.0000000000000000e+00
   5.2025282081059583e+00   1.3605006460061264e+00   3.0000000000000000e+00
   5.2406876320120617e+00   5.1050586437769683e+00   3.0000000000000000e+00
   4.7337693996155705e+00   4.1513226187077645e-02   3.0000000000000000e+00
   4.9622225084414051e+00   5.5700608718621760e+00   3.0000000000000000e+00
   5.8679537830564579e+00   5.6657541111541132e+00   3.0000000000000000e+00
   3.7604844571740816e+00   4.1545529596504736e+00   3.0000000000000000e+00
   1.2167867110181707e+00   5.1671811876551583e+00   3.0000000000000000e+00
   4.8951488582317015e+00   5.1210755794575382e+00   3.0000000000000000e+00
   4.8383204966473752e+00   9.1999180973998307e+00   3.0000000000000000e+00
   4.8851137560608944e+00   2.8002918297687329e+00   3.0000000000000000e+00
   5.3420312665743355e+00   7.7790882517237456e+00   3.0000000000000000e+00
   5.0237499346798264e+00   9.1850147627482546e+00   3.0000000000000000e+00
   5.6644664653440424e+00   4.0280647508496505e+00   3.0000000000000000e+00
   4.6666283655608538e+00   3.4046567090032633e+00   3.0000000000000000e+00
   8.4175046136200589e+00   5.4127400450944316e+00   3.0000000000000000e+00
   4.8617350046788488e+00   7.5811302869291612e+00   3.0000000000000000e+00
   4.6395292559922456e+00   3.1374206260906847e+00   3.0000000000000000e+00
   4.9728360637260147e+00   6.0536558483015801e+00   3.0000000000000000e+00
   4.9121019174674272e+00   4.4148080423299385e+00   3.0000000000000000e+00
   4.6544903713894250e+00   2.3548758147208937e+00   3.0000000000000000e+00
   3.5665052491916613e+00   4.1538168943660194e+00   3.0000000000000000e+00
   2.1311429245936129e+00   4.8972862182649504e+00   3.0000000000000000e+00
   9.8232873871365083e+00   5.1503770974225072e+00   3.0000000000000000e+00
   2.2267069121664518e+00   4.8154352072724471e+00   3.0000000000000000e+00
   5.3161514655266320e+00   9.7365633883928879e+00   3.0000000000000000e+00
   4.9481611736523181e+00   6.7726858622588226e+00   3.0000000000000000e+00
   5.0852193464190441e+00   5.2348244875714558e+00   3.0000000000000000e+00
   9.2479817535329314e+00   4.8724895925130696e+00   3.0000000000000000e+00
   5.9812591759622347e+00   5.7658950513834419e+00   3.0000000000000000e+00
   5.4159590932365420e+00   5.1967078739642201e+00   3.0000000000000000e+00
   4.7562996215916957e+00   1.8571159839673335e+00   3.0000000000000000e+00
   4.6191577874521981e+00   6.0455294624751659e+00   3.0000000000000000e+00
   4.8844621020183174e+00   8.9707997335409289e+00   3.0000000000000000e+00
   4.9133492204515985e+00   4.6649845182878131e+00   3.0000000000000000e+00
   3.6354866940719486e+00   4.1446261206641912e+00   3.0000000000000000e+00
   1.7820084488037302e+00   5.2464407515971665e+00   3.0000000000000000e+00
   8.7742676336814451e+00   5.1305479119559809e+00   3.0000000000000000e+00
   5.3328670843671242e+00   9.3030235641317862e+00   3.0000000000000000e+00
   1.9715828679481995e+00   4.5367288201516685e+00   3.0000000000000000e+00
   5.4433175004757741e+00   5.6547038943130614e+00   3.0000000000000000e+00
   2.8496163963753096e-01   4.9548211781851457e+00   3.0000000000000000e+00
   4.2307662144277955e+00   4.9268966794175659e+00   3.0000000000000000e+00
   4.8982476556366903e+00   9.4112989838222454e+00   3.0000000000000000e+00
   5.3067742885819076e+00   4.6897072381188707e+00   3.0000000000000000e+00
   6.0751755245596515e+00   4.6542865781009182e+00   3.0000000000000000e+00
   4.9224928900324176e+00   9.6739353330924196e+00   3.0000000000000000e+00
   6.2968610724273724e+00   5.7040530237655060e+00   3.0000000000000000e+00
   5.0331388000586630e+00   6.2850249979581383e+00   3.0000000000000000e+00
   4.2444617578537338e+00   3.9831917814338613e+00   3.0000000000000000e+00
   5.6904240807224173e+00   5.1503906058359767e+00   3.0000000000000000e+00
   5.1778939705338445e+00   6.6897579751226210e+00   3.0000000000000000e+00
   3.5753415687305989e+00   4.2973775734968109e+00   3.0000000000000000e+00
   2.0778639139123989e+00   4.5038916594117318e+00   3.0000000000000000e+00
   2.7949767730565145e+00   5.2564886367332333e+00   3.0000000000000000e+00
   4.6504331108581365e+00   2.3889578213734355e+00   3.0000000000000000e+00
   4.8660296639559082e+00   6.6595377942331115e+00   3.0000000000000000e+00
   4.4821479843132641e+00   6.6841777086928635e+00   3.0000000000000000e+00
   4.9424510713005478e+00   9.5541691662862060e+00   3.0000000000000000e+00
   3.8390444500916532e+00   5.6230034279298629e+00   3.0000000000000000e+00
   4.9457404258755853e+00   4.5428674462363272e+00   3.0000000000000000e+00
   6.4516532395026474e+00   4.7409460236321355e+00   3.0000000000000000e+00
   3.9855115927391482e+00   4.4194447154346239e+00   3.0000000000000000e+00
   2.0093175820800724e-01   4.9681549656407942e+00   3.0000000000000000e+00
   4.6568594679550399e+00   1.8368889222538598e+00   3.0000000000000000e+00
   4.5073897770998617e+00   5.1355435274063819e+00   3.0000000000000000e+00
   6.2026728514417062e+00   5.2903528969884439e+00   3.0000000000000000e+00
   5.4421347957324171e+00   2.9064511819763328e+00   3.0000000000000000e+00
   1.0824015318271984e+00   4.7027271402766901e+00   3.0000000000000000e+00
   5.3939357794613949e+00   4.0683018543167933e+00   3.0000000000000000e+00
   4.8540059386726000e+00   3.2231136581694897e+00   3.0000000000000000e+00
   5.3414809545506881e+00   7.0153518947358933e+00   3.0000000000000000e+00
   4.7965150038941182e+00   8.8676997989090123e-01   3.0000000000000000e+00
   4.8380765017704999e+00   8.5615760313912386e+00   3.0000000000000000e+00
   9.0688735750587828e+00   5.0631113651094655e+00   3.0000000000000000e+00
   3.4589301407188322e+00   4.4384475889569295e+00   3.0000000000000000e+00
   4.7809797668080343e+00   5.6269504042175207e+00   3.0000000000000000e+00
   4.8568803555342512e+00   3.2032054921749942e+00   3.0000000000000000e+00
   5.3361232090931576e+00   3.7457697852869334e+00   3.0000000000000000e+00
   5.3333339157167448e+00   2.7844843033064071e+00   3.0000000000000000e+00
   4.0710295061164601e+00   3.8710595204560807e+00   3.0000000000000000e+00
   5.9204943644928729e+00   5.4732782228196815e+00   3.0000000000000000e+00
   5.1358713317040738e+00   8.9344568521145806e+00   3.0000000000000000e+00
   5.1358157579277917e+00   6.0648932381443981e+00   3.0000000000000000e+00
   4.7163529795881480e+00   7.3546569413778347e+00   3.0000000000000000e+00
   4.9024958386168871e+00   8.4765029310394091e-01   3.0000000000000000e+00
   5.2840843085290459e+00   2.6053213391333285e+00   3.0000000000000000e+00
   2.2230774845869128e+00   4.5363202957483022e+00   3.0000000000000000e+00
   5.0662496954435623e+00   1.1193164543642264e+00   3.0000000000000000e+00
   5.0553327762893687e+00   8.5866101123487066e+00   3.0000000000000000e+00
   4.3436485304894612e+00   2.8871978477169846e+00   3.0000000000000000e+00
   1.5957583841439438e+00   4.7023054320174307e+00   3.0000000000000000e+00
   5.8793347906414342e+00   4.8064942842756757e+00   3.0000000000000000e+00
   5.6477558262640901e+00   4.4744591870785602e+00   3.0000000000000000e+00
   6.0081672428422301e+00   9.7390347070432242e+00   4.0000000000000000e+00
   3.9147488901916283e+00   1.4246566944003802e+00   4.0000000000000000e+00
   7.6393447667082670e-01   4.4012405915216588e+00   4.0000000000000000e+00
   2.4891663471698280e+00   2.6203121436571406e+00   4.0000000000000000e+00
   6.0950643529269453e+00   6.7030322813850143e+00   4.0000000000000000e+00
   1.2131790583309143e+00   4.3509468370666582e+00   4.0000000000000000e+00
   2.8125260079275516e-01   4.0864361173605959e+00   4.0000000000000000e+00
   7.7208852383058413e-01   4.1100913350940127e+00   4.0000000000000000e+00
   3.1064318598089500e+00   3.7396301258765474e+00   4.0000000000000000e+00
   2.3142171546553447e+00   2.9717153269291252e+00   4.0000000000000000e+00
   4.5544678106628878e+00   1.0624526349670593e+00   4.0000000000000000e+00
   7.3429726876679355e+00   6.8867427900761538e+00   4.0000000000000000e+00
   7.5678097464520491e+00   7.0915362325282727e+00   4.0000000000000000e+00
   5.7796985517572335e+00   9.3154464932589960e+00   4.0000000000000000e+00
   1.4129249894032936e+00   3.6555665222246416e+00   4.0000000000000000e+00
   6.0375717409846885e+00   7.0704311397489352e+00   4.0000000000000000e+00
   2.2040506872106782e+00   3.3406796396252036e+00   4.0000000000000000e+00
   3.8350480231376105e+00   2.3341958822074105e+00   4.0000000000000000e+00
   8.7276086821985843e-01   4.3874384487451152e+00   4.0000000000000000e+00
   1.9033679327608533e+00   4.1845448418554643e+00   4.0000000000000000e+00
   8.2144571005693976e+00   5.8194110049223200e+00   4.0000000000000000e+00
   8.8763316958236924e+00   6.1993613441316295e+00   4.0000000000000000e+00
   7.4239044322672019e+00   6.2006823381043805e+00   4.0000000000000000e+00
   4.3529967424684042e+00   5.6560202340083854e-01   4.0000000000000000e+00
   2.4489722245601140e+00   2.9969886396431376e+00   4.0000000000000000e+00
   4.5117405860698057e+00   1.4875886946718930e+00   4.0000000000000000e+00
   5.7051431638557819e+00   9.9432920326821694e+00   4.0000000000000000e+00
   2.1715716387505446e+00   3.9029505470737424e+00   4.0000000000000000e+00
   5.9774767825227526e+00   7.7153653223543230e+00   4.0000000000000000e+00
   6.6677950775544286e+00   6.5361144661217843e+00   4.0000000000000000e+00
   6.0143740846815401e+00   8.7360957988606849e+00   4.0000000000000000e+00
   3.6355432307154514e+00   1.3760998487994347e+00   4.0000000000000000e+00
   3.6771026572634757e+00   3.7672465084684372e+00   4.0000000000000000e+00
   1.8845795808963817e+00   3.7539892887985680e+00   4.0000000000000000e+00
   3.6171158350573283e+00   3.3755377614388173e+00   4.0000000000000000e+00
   7.0715248264947492e+00   7.6557924955397736e+00   4.0000000000000000e+00
   7.7403012515338920e+00   6.5147750115697161e+00   4.0000000000000000e+00
   2.2032395755010725e+00   4.3709899832586174e+00   4.0000000000000000e+00
   2.9145374827313955e+00   3.9621308693116886e+00   4.0000000000000000e+00
   2.8279041933818805e-01   3.8234058942604565e+00   4.0000000000000000e+00
   4.2087228687680431e+00   2.4024695366250648e+00   4.0000000000000000e+00
   5.9922795203702082e+00   7.5000861355034978e+00   4.0000000000000000e+00
   1.5529652741503341e+00   4.3225944692255913e+00   4.0000000000000000e+00
   1.6319526842894616e-01   4.6197812939260485e+00   4.0000000000000000e+00
   1.2162345488565618e+00   4.5512328524866223e+00   4.0000000000000000e+00
   2.5162134187505067e+00   3.5959683249512153e+00   4.0000000000000000e+00
   9.2433443264320818e+00   5.4328020897389431e+00   4.0000000000000000e+00
   8.1687733301694210e-01   3.7943752248276086e+00   4.0000000000000000e+00
   5.5077480557306426e+00   9.6044156051490965e+00   4.0000000000000000e+00
   7.3596684970546029e+00   5.9869307270799297e+00   4.0000000000000000e+00
   3.3542005131198662e+00   3.7670648948795229e+00   4.0000000000000000e+00
   9.2586085861558747e+00   6.3007830148843276e+00   4.0000000000000000e+00
   6.2654879606794500e+00   6.5805346345087408e+00   4.0000000000000000e+00
   7.2041214345085267e+00   6.8000769891318544e+00   4.0000000000000000e+00
   6.1317973570728759e+00   9.0197390683718162e+00   4.0000000000000000e+00
   4.2173913325278782e+00   1.5263149915965135e+00   4.0000000000000000e+00
   2.8834567251821017e+00   3.2549316502624248e+00   4.0000000000000000e+00
   3.7061588340832063e+00   1.2718271449760166e+00   4.0000000000000000e+00
   7.8045427315762206e+00   6.8013763955895454e+00   4.0000000000000000e+00
   7.4360300532633694e+00   6.7808573990383643e+00   4.0000000000000000e+00
   2.8956922909873861e+00   3.2366442733508407e+00   4.0000000000000000e+00
   3.8373991200332549e+00   2.3847857653235360e+00   4.0000000000000000e+00
   5.4937413858806377e+00   8.2956758289114969e+00   4.0000000000000000e+00
   4.3760522893386575e+00   2.6350446710043207e+00   4.0000000000000000e+00
   2.2856734059920192e+00   3.7421143715681318e+00   4.0000000000000000e+00
   4.0123630252852358e+00   3.2496754333743993e+00   4.0000000000000000e+00
   3.4399285335364551e+00   3.7056515257238845e+00   4.0000000000000000e+00
   4.2648994176468937e+00   1.2713746997884434e+00   4.0000000000000000e+00
   3.1763908756299930e+00   2.7402259295997657e+00   4.0000000000000000e+00
   4.0294511450685979e+00   3.1835054443551747e+00   4.0000000000000000e+00
   6.4931097631804224e+00   7.1801578193705593e+00   4.0000000000000000e+00
   9.4183847358302986e-01   3.7167365676841779e+00   4.0000000000000000e+00
   3.9909827342450854e+00   3.7307955367246182e-01   4.0000000000000000e+00
   6.1030307482437527e+00   9.6361613361105594e+00   4.0000000000000000e+00
   5.8179758962745165e+00   9.9545563671175721e+00   4.0000000000000000e+00
   3.8322038290154561e+00   2.0132413575870900e+00   4.0000000000000000e+00
   6.0363737811206164e+00   8.3203273246688472e+00   4.0000000000000000e+00
   7.9825835474077191e+00   5.7982436318880577e+00   4.0000000000000000e+00
   6.8770135207755274e+00   7.5388601505749335e+00   4.0000000000000000e+00
   5.7262388987368995e+00   9.2448014560243497e+00   4.0000000000000000e+00
   3.7488186529352205e+00   1.2295505414639940e+00   4.0000000000000000e+00
   1.7622942610365278e+00   3.8403308289446416e+00   4.0000000000000000e+00
   4.0360992788922925e+00   1.1559071408411481e+00   4.0000000000000000e+00
   7.7608369453009516e+00   5.7635283599997233e+00   4.0000000000000000e+00
   4.1841717736904869e+00   2.0991973451851553e-01   4.0000000000000000e+00
   5.8877353107824995e+00   7.4422935010056062e+00   4.0000000000000000e+00
   3.9633560991451033e+00   1.1223716287232988e+00   4.0000000000000000e+00
   2.7742023431250540e+00   3.6117349198608082e+00   4.0000000000000000e+00
   9.2394019806278678e+00   6.0605387732883456e+00   4.0000000000000000e+00
   5.8012637875934301e+00   6.9171901696482108e+00   4.0000000000000000e+00
   1.8978558783569865e+00   4.2922772268788245e+00   4.0000000000000000e+00
   2.2379528634083021e+00   2.8747006651473370e+00   4.0000000000000000e+00
   3.5218495914593220e+00   2.8363362280860493e+00   4.0000000000000000e+00
   2.4538691651938560e-02   4.5166442813830701e+00   4.0000000000000000e+00
   2.0535040687442887e+00   4.4603224198840783e+00   4.0000000000000000e+00
   6.3562652682266734e+00   7.5782595852525851e+00   4.0000000000000000e+00
   7.6044368043916730e+00   5.6738350552138819e+00   4.0000000000000000e+00
   3.9015237183105023e+00   2.2203429917749871e+00   4.0000000000000000e+00
   7.0500351932379246e+00   7.1720730597027185e+00   4.0000000000000000e+00
   6.4501475057979496e+00   8.1148239864040335e+00   4.0000000000000000e+00
   1.2885981397320301e+00   3.6574906336376181e+00   4.0000000000000000e+00
   3.0529533394317387e+00   3.1134968347782621e+00   4.0000000000000000e+00
   6.4544286640635491e+00   8.2221431932889821e+00   4.0000000000000000e+00
   6.3279996177741609e+00   8.3006112924917090e+00   4.0000000000000000e+00
   5.6177876872953281e+00   8.1335173740289708e+00   4.0000000000000000e+00
   7.9285869461445015e+00   5.8305076300861804e+00   4.0000000000000000e+00
   6.5131280052260996e+00   7.2429671167730056e+00   4.0000000000000000e+00
   2.8591506220891394e+00   3.5437980338811395e+00   4.0000000000000000e+00
   7.3766841629628654e-01   3.6223739780808293e+00   4.0000000000000000e+00
   7.6313746290601134e+00   6.0883306980511804e+00   4.0000000000000000e+00
   3.1148984484359357e+00   1.9063980094249666e+00   4.0000000000000000e+00
   4.4105294362780070e+00   5.2637781498558245e-01   4.0000000000000000e+00
   7.9236262765596255e-01   3.7767066873991970e+00   4.0000000000000000e+00
   3.9877929020712299e+00   1.5978163056896244e+00   4.0000000000000000e+00
   8.6964678365895622e+00   6.1629553524529843e+00   4.0000000000000000e+00
   4.3262515946793565e+00   2.7474400855265300e+00   4.0000000000000000e+00
   7.2816491118041835e+00   5.9781302322428616e+00   4.0000000000000000e+00
   2.9268375596572094e+00   2.9528716944132425e+00   4.0000000000000000e+00
   2.7224080053165869e+00   3.8346251602756274e+00   4.0000000000000000e+00
   2.0711023633510939e+00   3.9752341281014281e+00   4.0000000000000000e+00
   8.0865716544501023e+00   6.6754773434836974e+00   4.0000000000000000e+00
   5.6254827896080739e+00   9.8876082777847056e+00   4.0000000000000000e+00
   6.1293140877251275e+00   6.8466954065972372e+00   4.0000000000000000e+00
   2.2023060071467739e+00   3.8187378629983160e+00   4.0000000000000000e+00
   2.6538288398204601e+00   3.9952971436500362e+00   4.0000000000000000e+00
   3.9366116490705894e+00   1.8175818691568546e+00   4.0000000000000000e+00
   4.5800110563256862e+00   7.3020612589425160e-01   4.0000000000000000e+00
   1.6973708601793103e+00   4.2315316769181024e+00   4.0000000000000000e+00
   5.9592001518596414e+00   7.4157462600908355e+00   4.0000000000000000e+00
   6.9418734196763374e+00   7.4211767120568952e+00   4.0000000000000000e+00
   9.3841039212352868e+00   6.3372356439516526e+00   4.0000000000000000e+00
   1.4930143209587710e+00   4.3413096201669941e+00   4.0000000000000000e+00
   2.2435772745941271e+00   3.1261610165613405e+00   4.0000000000000000e+00
   4.1054206615293314e+00   2.9865451515261157e+00   4.0000000000000000e+00
   9.5945189241915307e-01   4.2321777741325359e+00   4.0000000000000000e+00
   1.0191887001145783e+00   4.0797912407306125e+00   4.0000000000000000e+00
   3.3587730901706991e+00   3.3630967416722335e+00   4.0000000000000000e+00
   6.2768849895590728e+00   6.4939776910521747e+00   4.0000000000000000e+00
   9.3890892839863795e+00   6.1218841183660277e+00   4.0000000000000000e+00
   7.6251658989210904e+00   6.1579958263978805e+00   4.0000000000000000e+00
   8.4616380627347194e+00   5.5246111553330612e+00   4.0000000000000000e+00
   6.1472652916156818e+00   8.6376946707622455e+00   4.0000000000000000e+00
   5.5512068541469421e+00   9.7261333632513001e+00   4.0000000000000000e+00
   1.9386595311892385e+00   3.8548149992148173e+00   4.0000000000000000e+00
   7.8923149858341883e+00   5.8762797532025468e+00   4.0000000000000000e+00
   1.9543306521098558e+00   3.9717027864642218e+00   4.0000000000000000e+00
   6.2058665893032847e+00   9.8887886621213354e+00   4.0000000000000000e+00
   3.8199581131411131e+00   3.3973924642000686e+00   4.0000000000000000e+00
   6.5178555268170593e+00   8.9569120432432587e+00   4.0000000000000000e+00
   3.9560018993048782e+00   2.5183064428774324e+00   4.0000000000000000e+00
   9.0429136983363079e-01   4.3014957274011723e+00   4.0000000000000000e+00
   6.8215487934299270e+00   7.9884978509552607e+00   4.0000000000000000e+00
   4.1188664645129762e+00   1.6480203472079813e+00   4.0000000000000000e+00
   6.7696511227971641e+00   7.6069648169426420e+00   4.0000000000000000e+00
   8.4439636341556383e+00   6.5263499870473032e+00   4.0000000000000000e+00
   4.3576388381397626e+00   3.5062794976474687e-01   4.0000000000000000e+00
   7.7421273628492537e+00   6.6193175919026137e+00   4.0000000000000000e+00
   6.4681047284286191e+00   7.2778989372473104e+00   4.0000000000000000e+00
   6.1534625660614495e+00   8.7687894464948233e+00   4.0000000000000000e+00
   3.0233536336178135e+00   2.7188015188340984e+00   4.0000000000000000e+00
   3.7646996535031283e+00   2.3060065907336815e+00   4.0000000000000000e+00
   8.8235356412733279e-01   3.8130067825470118e+00   4.0000000000000000e+00
   3.1867393162292634e+00   2.2972279514726610e+00   4.0000000000000000e+00
   1.8459176747869377e+00   4.2000936041109602e+00   4.0000000000000000e+00
   7.2610549682268761e+00   7.3543650131097476e+00   4.0000000000000000e+00
   7.3484927767440418e+00   6.1488891011260494e+00   4.0000000000000000e+00
   8.7437194389525246e+00   6.2543840371945532e+00   4.0000000000000000e+00
   7.8758582825399390e+00   6.5796835625927494e+00   4.0000000000000000e+00
   5.8762122273019326e+00   6.8253549515024741e+00   4.0000000000000000e+00
   2.7799010040024230e+00   2.7080011670686153e+00   4.0000000000000000e+00
   3.9884276074830680e+00   1.1457312054538626e+00   4.0000000000000000e+00
   6.0972287255389910e+00   7.4791299474115567e+00   4.0000000000000000e+00
   3.8497280793244393e+00   3.2183431788668839e+00   4.0000000000000000e+00
   2.7507265894564759e+00   3.6812440531842228e+00   4.0000000000000000e+00
   1.5174686239548663e+00   4.2937429581616335e+00   4.0000000000000000e+00
   8.9644762607267232e+00   6.2543555105151807e+00   4.0000000000000000e+00
   8.1300602059253215e+00   6.2511200636613671e+00   4.0000000000000000e+00
   6.9983551379736211e+00   7.0633620733325539e+00   4.0000000000000000e+00
   7.7748128592348467e+00   6.8942138365183583e+00   4.0000000000000000e+00
   6.8119591895738560e+00   7.1161802046024158e+00   4.0000000000000000e+00
   5.6423651696059354e+00   7.4493608580134927e+00   4.0000000000000000e+00
   7.3698568207911643e+00   5.8105488228998139e+00   4.0000000000000000e+00
   9.7578275339798459e-01   3.8348342205520036e+00   4.0000000000000000e+00
   4.2626987916210695e+00   6.4939781709331235e-01   4.0000000000000000e+00
   4.4140091073729284e+00   5.5812873286976483e-01   4.0000000000000000e+00
   6.7941265006285594e+00   7.2885564032011017e+00   4.0000000000000000e+00
   6.4419237402799512e+00   9.8673628296718210e+00   5.0000000000000000e+00
   4.0323423959655047e-02   2.2900280094914613e+00   5.0000000000000000e+00
   9.9628453187408414e+00   8.6337051151048829e+00   5.0000000000000000e+00
   9.5428939348336002e+00   7.4340665809613018e+00   5.0000000000000000e+00
   7.7472026618719871e+00   8.5092390205397486e+00   5.0000000000000000e+00
   8.9797323620677219e+00   9.6688786280560208e+00   5.0000000000000000e+00
   8.5506134936880649e+00   7.6698056527086713e+00   5.0000000000000000e+00
   1.0531401948828167e+00   2.5551792538015539e+00   5.0000000000000000e+00
   9.8472960468424446e+00   6.7870073108191047e+00   5.0000000000000000e+00
   3.1859704510299336e+00   1.2190668916606473e+00   5.0000000000000000e+00
   2.4568619289219340e+00   1.7865558781144031e+00   5.0000000000000000e+00
   6.7185824449711244e+00   8.7383723084493710e+00   5.0000000000000000e+00
   5.1385721798124950e-01   7.8947813962745195e-01   5.0000000000000000e+00
   6.7113503754413131e+00   8.9320188079522609e+00   5.0000000000000000e+00
   6.9635639462320187e+00   9.0332771226494248e+00   5.0000000000000000e+00
   6.3367400956804554e+00   9.4649729216163632e+00   5.0000000000000000e+00
   2.1531227006694831e+00   2.2145772427084029e+00   5.0000000000000000e+00
   1.3168203716839899e+00   1.0590391237475361e+00   5.0000000000000000e+00
   6.6684249228851229e+00   9.9834279989428172e+00   5.0000000000000000e+00
   9.0320421875155343e+00   9.6503330832226659e+00   5.0000000000000000e+00
   2.1537297952312127e+00   2.4137790660072858e+00   5.0000000000000000e+00
   9.5864003553574069e+00   8.4023496032109044e+00   5.0000000000000000e+00
   7.4805492565547249e-01   2.6361132027168388e-02   5.0000000000000000e+00
   6.4375040240166435e+00   9.9464170044465430e+00   5.0000000000000000e+00
   4.6408360204923338e-01   3.4367540317535861e-01   5.0000000000000000e+00
   6.4796798151800692e+00   9.5799529818299636e+00   5.0000000000000000e+00
   9.1332864788001622e-01   2.3114892898518322e+00   5.0000000000000000e+00
   9.9626441602386411e+00   7.9210844859868699e+00   5.0000000000000000e+00
   3.7558479646561826e+00   1.8934364802549286e-01   5.0000000000000000e+00
   8.5966335941206253e+00   9.0289993313117538e+00   5.0000000000000000e+00
   7.3257475016289337e+00   8.5976918210336155e+00   5.0000000000000000e+00
   9.1270877934631987e+00   8.5893272295560479e+00   5.0000000000000000e+00
   9.1582264701948777e+00   9.2332497042067327e+00   5.0000000000000000e+00
   2.0531368056796797e+00   7.0550148929481860e-01   5.0000000000000000e+00
   1.1778144546954306e+00   8.0833068805368335e-01   5.0000000000000000e+00
   1.4741023231298156e+00   3.3455511878115352e-01   5.0000000000000000e+00
   3.1332629411802637e+00   5.3123083534943993e-01   5.0000000000000000e+00
   1.0719370627592528e+00   3.0705129297403797e+00   5.0000000000000000e+00
   9.9847347417019403e+00   8.9214092124830842e+00   5.0000000000000000e+00
   6.6798888398072078e+00   8.6098750254952456e+00   5.0000000000000000e+00
   8.4515626372700652e+00   6.8253769044517467e+00   5.0000000000000000e+00
   8.3011886245558331e-01   1.9102772711745053e+00   5.0000000000000000e+00
   2.5748046075885425e+00   6.2569173410576551e-01   5.0000000000000000e+00
   8.7357525399985132e+00   7.3022719170265447e+00   5.0000000000000000e+00
   7.1896660347270700e+00   8.2954320208853609e+00   5.0000000000000000e+00
   9.3536631712149934e+00   7.2060073659805299e+00   5.0000000000000000e+00
   3.4175150978605187e+00   9.3270007192994164e-01   5.0000000000000000e+00
   7.7425923439638371e+00   7.6113084188992950e+00   5.0000000000000000e+00
   5.5490238714120732e-01   3.1651037603687202e+00   5.0000000000000000e+00
   3.3385936901687883e+00   6.7232074349968807e-02   5.0000000000000000e+00
   2.9061922194837764e+00   1.6179704434664965e+00   5.0000000000000000e+00
   1.6049694358185307e+00   9.9962021196077222e-02   5.0000000000000000e+00
   2.2802915087572373e+00   2.4657313908439518e+00   5.0000000000000000e+00
   3.0032522308883838e+00   1.4424479168987259e+00   5.0000000000000000e+00
   9.7129094474576050e+00   6.8512379569216115e+00   5.0000000000000000e+00
   2.0036321276576272e+00   7.2394694134938264e-01   5.0000000000000000e+00
   8.3875263359336714e+00   7.6902935606890885e+00   5.0000000000000000e+00
   1.4859103381735628e+00   2.1345944825672070e+00   5.0000000000000000e+00
   9.6638246246029134e+00   9.8750109793246974e+00   5.0000000000000000e+00
   7.9794016234431906e+00   8.2079122961465458e+00   5.0000000000000000e+00
   8.5105763892097546e+00   9.8861034730736499e+00   5.0000000000000000e+00
   3.6520057221081839e+00   1.2565704422932256e-01   5.0000000000000000e+00
   8.3013379905476761e+00   9.0589524578730245e+00   5.0000000000000000e+00
   5.1800335949370724e-01   1.1252629823321014e+00   5.0000000000000000e+00
   7.6957948671565104e+00   8.8799471991027819e+00   5.0000000000000000e+00
   2.0013560077165158e+00   7.8022051208371690e-01   5.0000000000000000e+00
   1.1943760791518931e-01   4.5644541366142599e-01   5.0000000000000000e+00
   9.4011151176573335e+00   7.7199765564817291e+00   5.0000000000000000e+00
   7.3077682978636824e+00   9.2818027290432603e+00   5.0000000000000000e+00
   1.3062248866701542e+00   1.3027429730795426e+00   5.0000000000000000e+00
   8.2655061330471735e-01   2.7659043741813671e+00   5.0000000000000000e+00
   9.4408332491910265e+00   6.3734425505068257e+00   5.0000000000000000e+00
   8.2378934917343400e+00   9.8778765982435317e+00   5.0000000000000000e+00
   2.7405427252470229e+00   1.2815843444570396e+00   5.0000000000000000e+00
   8.5528348080243983e+00   7.4612471384797532e+00   5.0000000000000000e+00
   2.2183235789921065e+00   2.2853218136641429e-01   5.0000000000000000e+00
   8.6289971260211686e+00   7.0480817491573244e+00   5.0000000000000000e+00
   8.3704180597826507e+00   7.0743776929901152e+00   5.0000000000000000e+00
   8.0919482016064244e+00   6.9890739000225155e+00   5.0000000000000000e+00
   8.0435937235638661e+00   9.3025716863216843e+00   5.0000000000000000e+00
   3.3514128900647955e+00   4.1487543334540300e-01   5.0000000000000000e+00
   2.1826146680839509e+00   2.4835552392310500e-02   5.0000000000000000e+00
   8.5430503745515836e+00   9.0623450382438779e+00   5.0000000000000000e+00
   1.3518403496968767e+00   5.9281425859646797e-01   5.0000000000000000e+00
   9.4391237986305772e+00   9.3577853646812184e+00   5.0000000000000000e+00
   1.1188299355054632e+00   3.1598493600643973e+00   5.0000000000000000e+00
   5.7605850968268091e-01   3.3270182462314759e+00   5.0000000000000000e+00
   1.6866714361099544e-01   7.6169612850271129e-01   5.0000000000000000e+00
   1.3353546064496646e+00   2.9354597320233520e+00   5.0000000000000000e+00
   9.6310641677591882e+00   9.0461655766509903e+00   5.0000000000000000e+00
   8.3279424747479034e+00   8.4961904467738929e+00   5.0000000000000000e+00
   8.9643644700201150e+00   6.6632059284055902e+00   5.0000000000000000e+00
   6.9894936524731772e+00   8.0894562358400925e+00   5.0000000000000000e+00
   2.5358917451862539e+00   2.4767831688154640e+00   5.0000000000000000e+00
   7.3546302019758647e-01   2.3145861646966992e+00   5.0000000000000000e+00
   9.6031862162211841e+00   9.7400509267528168e+00   5.0000000000000000e+00
   9.1796227408431399e+00   8.4520304196203693e+00   5.0000000000000000e+00
   8.0715216149618048e+00   9.0765741414043628e+00   5.0000000000000000e+00
   7.7477049105655449e-01   2.4366116591934217e+00   5.0000000000000000e+00
   1.1996431467716429e+00   7.0821132292558264e-01   5.0000000000000000e+00
   8.7239888026106289e+00   7.5627487144450392e+00   5.0000000000000000e+00
   9.0373954457622077e+00   7.2854718385006354e+00   5.0000000000000000e+00
   9.7400130186223812e+00   7.9653414540508347e+00   5.0000000000000000e+00
   9.2822807777773750e+00   8.2595259054384780e+00   5.0000000000000000e+00
   7.7373043627680493e+00   9.2336174398173245e+00   5.0000000000000000e+00
   7.2008914815125391e-01   2.1038273873261115e+00   5.0000000000000000e+00
   9.4199678728318652e+00   7.7474665897343229e+00   5.0000000000000000e+00
   3.2276418566591603e+00   1.3045794762386698e+00   5.0000000000000000e+00
   8.8752845925598667e+00   9.9529871578170255e+00   5.0000000000000000e+00
   2.2313300908457667e+00   3.8842121090657100e-01   5.0000000000000000e+00
   9.7736718545039736e+00   6.5940690969095233e+00   5.0000000000000000e+00
   7.5613617635122932e+00   9.2070686547914455e+00   5.0000000000000000e+00
   6.9135297409436181e+00   9.9892503591499722e+00   5.0000000000000000e+00
   8.0502890423588824e-01   1.4504897233301828e+00   5.0000000000000000e+00
   7.7789383809616384e+00   9.1648361656630613e+00   5.0000000000000000e+00
   1.1000923449437383e+00   1.4300275354661307e+00   5.0000000000000000e+00
   2.1332192136504902e+00   1.5208474354188051e+00   5.0000000000000000e+00
   1.5779994949335130e-01   9.5046320239009496e-02   5.0000000000000000e+00
   1.7464212292925585e+00   1.8199183551146725e+00   5.0000000000000000e+00
   3.2864948156865594e+00   1.4542062026873781e+00   5.0000000000000000e+00
   9.2147497860638357e+00   7.1914053566084952e+00   5.0000000000000000e+00
   6.9297540316919157e+00   9.5865851129250892e+00   5.0000000000000000e+00
   6.9375087732680307e-01   5.2395777253599785e-01   5.0000000000000000e+00
   8.7373434434891912e+00   8.5241521576621953e+00   5.0000000000000000e+00
   2.0881607788674095e+00   1.4781636662292474e+00   5.0000000000000000e+00
   8.8774782016058502e+00   9.0497040817314183e+00   5.0000000000000000e+00
   8.5711869789219080e+00   9.7101795516190457e+00   5.0000000000000000e+00
   9.8345564666482268e+00   8.2910956737463302e+00   5.0000000000000000e+00
   8.8625137050085634e+00   7.2763742431854919e+00   5.0000000000000000e+00
   7.8153228882681391e-01   3.5716501924455901e+00   5.0000000000000000e+00
   8.7496957526671189e+00   8.7842277594393945e+00   5.0000000000000000e+00
   7.0804380941950260e+00   9.9095390948498316e+00   5.0000000000000000e+00
   1.9419884452772773e+00   2.7156522833985255e+00   5.0000000000000000e+00
   1.8071239558105412e+00   1.3389723398884668e+00   5.0000000000000000e+00
   8.8264384378895286e+00   6.7515078651512841e+00   5.0000000000000000e+00
   2.1222882164106505e+00   1.7043087605317830e+00   5.0000000000000000e+00
   3.4139356285232090e+00   4.7335558356175644e-01   5.0000000000000000e+00
   2.0140039100512883e+00   6.3274467400441847e-01   5.0000000000000000e+00
   9.2178838602042763e+00   8.3558905774684114e+00   5.0000000000000000e+00
   7.7401028308208666e+00   8.5653964823801481e+00   5.0000000000000000e+00
   8.9138100383637742e+00   8.8024174108123034e+00   5.0000000000000000e+00
   2.2099507297557208e+00   3.8949974502866525e-03   5.0000000000000000e+00
   8.2976055389962298e+00   7.2555367573795273e+00   5.0000000000000000e+00
   3.6754722216794211e+00   3.9456687647629884e-01   5.0000000000000000e+00
   7.7975396272110098e+00   8.8351868692112596e+00   5.0000000000000000e+00
   9.0203229557256694e+00   8.4615288400118942e+00   5.0000000000000000e+00
   8.2531317527844656e+00   8.0529342535093011e+00   5.0000000000000000e+00
   8.0824383646755997e+00   8.3967370238636558e+00   5.0000000000000000e+00
   1.9531019491092372e+00   3.0840573162950191e-02   5.0000000000000000e+00
   7.4608337809785263e+00   8.8807326334305330e+00   5.0000000000000000e+00
   7.3441715737994953e+00   8.2647895914879363e+00   5.0000000000000000e+00
   1.5918779140152761e+00   4.0793515822907800e-01   5.0000000000000000e+00
   8.0415259675605792e+00   7.4383119382437908e+00   5.0000000000000000e+00
   8.7998780296702357e+00   9.7962921944577133e+00   5.0000000000000000e+00
   8.8249775183640118e+00   9.5576810567224690e+00   5.0000000000000000e+00
   1.3047065025080629e+00   1.2417562669450211e+00   5.0000000000000000e+00
   1.5232939953800040e-01   5.3793436974525988e-01   5.0000000000000000e+00
   9.7208516161833423e+00   6.4052463185350250e+00   5.0000000000000000e+00
   6.4458223131459551e+00   9.4164507791569161e+00   5.0000000000000000e+00
   9.7599672166265687e+00   9.1342295152564947e+00   5.0000000000000000e+00
   9.1615561008108379e+00   6.6798001249254959e+00   5.0000000000000000e+00
   2.2648850557068068e+00   2.0025822988428885e+00   5.0000000000000000e+00
   9.6895492592936883e+00   8.9742256943020742e+00   5.0000000000000000e+00
   6.9277382572392767e+00   9.3929681319612381e+00   5.0000000000000000e+00
   1.9021101912021243e+00   1.6780158514664234e+00   5.0000000000000000e+00
   2.8919319185706707e+00   5.6382619324805594e-01   5.0000000000000000e+00
   2.9925200046454692e+00   4.2745807733957863e-01   5.0000000000000000e+00
   7.9465795364665972e+00   9.4222958273611450e+00   5.0000000000000000e+00
   9.2702607420920575e+00   6.4970242128172737e+00   5.0000000000000000e+00
   8.3623712960372281e+00   7.1099190227140436e+00   5.0000000000000000e+00
   2.6909340116283986e-01   2.5891441100042889e+00   5.0000000000000000e+00
   7.7364979577560167e-01   2.9787735615367827e+00   5.0000000000000000e+00
   2.2955794270512975e+00   9.6644492251125591e-01   5.0000000000000000e+00
   2.9196942021657235e+00   2.3806971261466470e-01   5.0000000000000000e+00
   1.7938608972031400e+00   9.7362695136616439e-01   5.0000000000000000e+00
   1.8566050915277477e+00   2.5316776003161623e-01   5.0000000000000000e+00
   1.7623042576895109e+00   2.0530480058494960e+00   5.0000000000000000e+00
   1.5002087532928565e+00   3.2723717882584547e-02   5.0000000000000000e+00
   9.4018171489901032e+00   7.3421289038945687e+00   5.0000000000000000e+00
   2.1979935231146621e+00   1.4258332391686723e-02   5.0000000000000000e+00
   8.6039197062312223e-01   4.8774167358422105e-01   5.0000000000000000e+00
   2.1985403416960536e-01   3.5973161370083764e+00   5.0000000000000000e+00
   6.6580976472868389e+00   9.6920433970945634e+00   5.0000000000000000e+00
   2.2109156904992098e+00   8.8431332021908893e-01   5.0000000000000000e+00
   2.0246861925467963e+00   1.4351725542233762e+00   5.0000000000000000e+00
   3.0838864971871383e-01   1.7608997604280374e+00   5.0000000000000000e+00
   1.4833690053765947e+00   2.1891057922256305e+00   5.0000000000000000e+00
   7.6627509594738727e+00   8.9035452998500801e+00   5.0000000000000000e+00
   6.9339231476338519e+00   9.9224242141337822e+00   5.0000000000000000e+00
   2.8987663856889148e+00   9.5407149604799901e-01   5.0000000000000000e+00
   1.0936599602338448e+00   1.3867747999560420e+00   5.0000000000000000e+00
   9.0558523809663765e+00   6.9306116526865216e+00   5.0000000000000000e+00
   2.2801416333321112e-01   1.0906568351002877e+00   5.0000000000000000e+00
   4.6670061989831257e-01   3.6451426519043695e+00   5.0000000000000000e+00
   9.9295426119676549e+00   9.4934858972737217e+00   5.0000000000000000e+00
   1.3768153257895421e+00   7.8488059556370837e-01   5.0000000000000000e+00
