   8.5962061877603286e+00   2.8837413908993668e+00   1.0000000000000000e+00
   4.3885576381364255e-01   7.8988366608139069e+00   1.0000000000000000e+00
   8.2032032501293202e+00   1.1913108926981564e+00   1.0000000000000000e+00
   2.4676213788193979e+00   8.0880084757153892e+00   1.0000000000000000e+00
   2.2395807213796424e+00   8.5302755245171298e+00   1.0000000000000000e+00
   7.5905843502457770e+00   1.4924151784938400e+00   1.0000000000000000e+00
   1.4414731956124371e+00   9.2055469376314392e+00   1.0000000000000000e+00
   9.1083178967555387e+00   3.4537779363666257e+00   1.0000000000000000e+00
   8.0842675855677477e+00   7.0359587029783954e-01   1.0000000000000000e+00
   3.4110473394022711e+00   9.4400216915352839e+00   1.0000000000000000e+00
   1.7014254968461962e+00   9.7838725448002872e+00   1.0000000000000000e+00
   8.7856529303612803e+00   1.2179648170685164e+00   1.0000000000000000e+00
   2.8111822761754066e+00   9.3795579431965290e+00   1.0000000000000000e+00
   8.0687261654271669e+00   1.4193089131745396e+00   1.0000000000000000e+00
   1.9998869647774609e+00   7.8013582762638620e+00   1.0000000000000000e+00
   2.0433748240923078e+00   9.0979238200985559e+00   1.0000000000000000e+00
   9.3363287936720578e+00   8.0567280431310340e-01   1.0000000000000000e+00
   1.9107362388068294e+00   9.8180072867203485e+00   1.0000000000000000e+00
   8.1722394945159227e+00   1.2097069009835426e-02   1.0000000000000000e+00
   8.7110003181007905e+00   1.6009232898300541e+00   1.0000000000000000e+00
   9.4886828900710078e+00   2.4251887849919984e+00   1.0000000000000000e+00
   9.2199251789179613e+00   1.6924275762261376e+00   1.0000000000000000e+00
   8.7292927436766536e+00   1.1807676219729890e+00   1.0000000000000000e+00
   1.0391615436165424e+00   8.2722373902398196e+00   1.0000000000000000e+00
   7.3604867514581729e-02   7.5010054545971636e+00   1.0000000000000000e+00
   8.5767702707892135e-01   9.8572814613451936e+00   1.0000000000000000e+00
   3.5285825154669426e+00   9.1812315106662119e+00   1.0000000000000000e+00
   1.7035133345794773e+00   6.8218493854097737e+00   1.0000000000000000e+00
   6.9685220347365129e-01   7.4623194606429708e+00   1.0000000000000000e+00
   7.5253452334874016e-01   8.0193343325039166e+00   1.0000000000000000e+00
   1.8125705824535432e-01   7.4653454674695929e+00   1.0000000000000000e+00
   3.5281568132466736e+00   9.2228715759039464e+00   1.0000000000000000e+00
   9.9492462557729446e+00   8.9596143737887823e-02   1.0000000000000000e+00
   6.7938615455038054e+00   5.1322811676716595e-01   1.0000000000000000e+00
   7.7357178009224556e+00   1.6893335320493674e+00   1.0000000000000000e+00
   7.4925566919826214e-01   6.8836837137482432e+00   1.0000000000000000e+00
   8.7825777945058068e+00   2.7623625163568963e+00   1.0000000000000000e+00
   2.1310710529818353e+00   8.2522440959068160e+00   1.0000000000000000e+00
   8.5912724066710950e+00   2.5480945115032338e+00   1.0000000000000000e+00
   1.1697252609256670e+00   8.5923836643679312e+00   1.0000000000000000e+00
   5.4847956085270599e-01   6.8254481442137145e+00   1.0000000000000000e+00
   9.4914609036016646e+00   7.1348420860500639e-01   1.0000000000000000e+00
   6.9648231978450088e+00   2.0217755269429039e-01   1.0000000000000000e+00
   8.0990469131670899e+00   7.7104939082543011e-01   1.0000000000000000e+00
   7.4802075221450695e+00   9.9997664692448307e-02   1.0000000000000000e+00
   8.3720656217186633e+00   2.0955777946009735e+00   1.0000000000000000e+00
   7.6408667255885865e+00   5.2242907842391717e-01   1.0000000000000000e+00
   8.6754888304015729e+00   3.1890587637903387e+00   1.0000000000000000e+00
   9.7577532597726204e+00   1.6968638978388928e+00   1.0000000000000000e+00
   7.9331151273583558e+00   1.5100931589826150e+00   1.0000000000000000e+00
   2.2462615709455971e+00   9.6528400439136917e+00   1.0000000000000000e+00
   1.1473487616850941e+00   9.3442840515121919e+00   1.0000000000000000e+00
   1.3752602463651387e+00   9.4466836161167222e+00   1.0000000000000000e+00
   1.6830127209346291e-01   9.0211953234914208e+00   1.0000000000000000e+00
   1.0559506007881148e+00   7.0329972135148004e+00   1.0000000000000000e+00
   7.9588762722733950e+00   1.0062949714108693e+00   1.0000000000000000e+00
   1.1008711497783275e+00   7.5397476599316722e+00   1.0000000000000000e+00
   2.9522712519983720e+00   8.8751148717864297e+00   1.0000000000000000e+00
   2.1861745155900589e+00   8.2092416097875827e+00   1.0000000000000000e+00
   3.1916226218777801e+00   8.7306549047603603e+00   1.0000000000000000e+00
   8.6103442552865097e+00   2.6812174055433600e+00   1.0000000000000000e+00
   6.3639844654647226e-01   7.5935579718195543e+00   1.0000000000000000e+00
   1.4767610845996593e+00   7.1341833152446466e+00   1.0000000000000000e+00
   9.8006164891774503e+00   1.2544800986603932e+00   1.0000000000000000e+00
   9.8787647674264516e+00   1.5371088707739122e+00   1.0000000000000000e+00
   1.5090214800347013e+00   8.6373678188547061e+00   1.0000000000000000e+00
   1.1621964116442274e+00   8.7667264097907687e+00   1.0000000000000000e+00
   1.7700671237718058e+00   8.3166846114376618e+00   1.0000000000000000e+00
   7.8602034389576119e+00   8.4740328570098722e-01   1.0000000000000000e+00
   1.0435444227222757e+00   9.4361971746525803e+00   1.0000000000000000e+00
   4.1582224211020757e-01   9.1608030221034173e+00   1.0000000000000000e+00
   8.3759535375440421e+00   2.0936810375129857e+00   1.0000000000000000e+00
   2.7375478147618204e-01   7.5795870870603501e+00   1.0000000000000000e+00
   2.4314544646436764e+00   7.4665912916794417e+00   1.0000000000000000e+00
   7.5423600893855998e+00   4.2219692695092403e-02   1.0000000000000000e+00
   7.9403361876155039e+00   2.6143413880619693e-01   1.0000000000000000e+00
   9.3935107512627667e+00   1.6558053005776108e+00   1.0000000000000000e+00
   1.7960190735474035e+00   9.1796296151299686e+00   1.0000000000000000e+00
   9.4429598343343724e+00   2.1348712960215854e+00   1.0000000000000000e+00
   1.1031229604220250e+00   6.7024943735717679e+00   1.0000000000000000e+00
   8.2220538376166949e+00   7.3637621783367857e-02   1.0000000000000000e+00
   6.7976684917142380e+00   1.3152964369282283e+00   1.0000000000000000e+00
   2.2365525835081113e+00   9.8553273972767190e+00   1.0000000000000000e+00
   7.0111519502660569e+00   1.4593827575241580e+00   1.0000000000000000e+00
   9.6529322571379215e+00   1.4646781495220873e+00   1.0000000000000000e+00
   1.8979817142684074e+00   8.7611457210010926e+00   1.0000000000000000e+00
   8.7713487834663049e+00   9.0040864993187530e-01   1.0000000000000000e+00
   9.7952285291943948e+00   3.6031460250420935e+00   1.0000000000000000e+00
   9.9987715594450215e+00   3.4512546870856031e+00   1.0000000000000000e+00
   1.7414160410439394e+00   7.2497178519882786e+00   1.0000000000000000e+00
   6.6427679374770667e+00   3.8639526656103262e-01   1.0000000000000000e+00
   9.9745994978447268e+00   2.2631223907793272e+00   1.0000000000000000e+00
   1.1926613978167955e+00   7.5244275780045893e+00   1.0000000000000000e+00
   1.4459759333964639e+00   7.5793662065749468e+00   1.0000000000000000e+00
   9.0313733574379533e+00   2.2538613178582354e+00   1.0000000000000000e+00
   9.4976136540060931e+00   2.6814656847802421e+00   1.0000000000000000e+00
   9.0303059254654734e+00   2.9526801412357573e+00   1.0000000000000000e+00
   5.8377905812837194e-01   8.0205443806592989e+00   1.0000000000000000e+00
   1.9408695267754628e+00   7.2281627647429572e+00   1.0000000000000000e+00
   7.7558307190044093e+00   3.3434765490665264e-02   1.0000000000000000e+00
   9.7127059485966090e+00   1.2874647591358712e+00   1.0000000000000000e+00
   7.7259901061410758e+00   2.4900361737640497e+00   1.0000000000000000e+00
   9.2628005767757049e+00   7.0625412414952793e-01   1.0000000000000000e+00
   7.8020512734487957e-01   6.6649990838807396e+00   1.0000000000000000e+00
   2.4004104246799085e+00   9.0699630599306840e+00   1.0000000000000000e+00
   1.1435710428158796e+00   7.4300943611242047e+00   1.0000000000000000e+00
   3.4686812404346403e+00   9.5730374432619243e+00   1.0000000000000000e+00
   6.8862272124702635e+00   9.5872916674811903e-01   1.0000000000000000e+00
   2.9079479365179517e-01   7.0997757192928255e+00   1.0000000000000000e+00
   2.0932525354049858e+00   7.8973417262078627e+00   1.0000000000000000e+00
   8.7243554352417152e-01   7.7452335302408510e+00   1.0000000000000000e+00
   1.6422836897229121e-01   6.7803906860254370e+00   1.0000000000000000e+00
   1.3094005451426416e+00   7.3162330179580470e+00   1.0000000000000000e+00
   8.9569239315867986e+00   2.1288159740133716e+00   1.0000000000000000e+00
   2.8251491023957467e+00   9.8738469888660578e+00   1.0000000000000000e+00
   7.4642526515093488e+00   4.7497458577872020e-03   1.0000000000000000e+00
   3.2744596916161859e+00   9.4770694777783238e+00   1.0000000000000000e+00
   9.1342621831098185e+00   1.6037613170934939e+00   1.0000000000000000e+00
   3.5178136931947468e+00   9.8926799596264594e+00   1.0000000000000000e+00
   8.7545978774320883e+00   3.2278950415417773e+00   1.0000000000000000e+00
   3.0459550564887028e+00   8.7731327313057523e+00   1.0000000000000000e+00
   1.8325424258838707e+00   9.8453707265572081e+00   1.0000000000000000e+00
   1.7482658093248460e+00   9.9252471344123006e+00   1.0000000000000000e+00
   3.0048695754788102e+00   9.4907994281760875e+00   1.0000000000000000e+00
   1.8186876358127579e+00   7.0376318961111686e+00   1.0000000000000000e+00
   8.8718580288801157e+00   2.8211436411239643e+00   1.0000000000000000e+00
   4.1078318717641449e-01   6.4688271875421366e+00   1.0000000000000000e+00
   7.3058514409800290e+00   1.5197426842818385e+00   1.0000000000000000e+00
   1.4891162783665057e+00   7.0307395724088195e+00   1.0000000000000000e+00
   7.5233929931203232e+00   1.2215976497143066e+00   1.0000000000000000e+00
   8.9825099506872181e+00   2.0701862740671997e+00   1.0000000000000000e+00
   7.6808297955271954e+00   2.2793606541458522e+00   1.0000000000000000e+00
   7.2033404762735787e+00   1.2211766875894314e+00   1.0000000000000000e+00
   1.5072525791446434e+00   9.0264548889836966e+00   1.0000000000000000e+00
   7.7252220007406969e+00   1.1207424161610258e+00   1.0000000000000000e+00
   8.7265246979734119e+00   1.9219974824775954e+00   1.0000000000000000e+00
   6.8372186313530134e+00   4.6531318221609719e-01   1.0000000000000000e+00
   8.3220502141307886e+00   3.7557831921981477e-01   1.0000000000000000e+00
   9.4648266108287000e+00   3.4272089528583605e+00   1.0000000000000000e+00
   2.1906661796508664e+00   8.0328187524062802e+00   1.0000000000000000e+00
   7.4362354330456482e+00   7.2957747907551607e-02   1.0000000000000000e+00
   8.9770825067667950e+00   1.6432773937524126e+00   1.0000000000000000e+00
   9.9858760424340183e+00   3.0598211378382545e+00   1.0000000000000000e+00
   1.4580671478458840e+00   9.4278286846187758e+00   1.0000000000000000e+00
   2.8009414846685230e+00   9.4532421972294074e+00   1.0000000000000000e+00
   8.7853850518097021e-01   8.3534790299197290e+00   1.0000000000000000e+00
   7.7599033825577646e+00   1.5909421201800900e+00   1.0000000000000000e+00
   1.5149418572874773e+00   9.2705422199782586e+00   1.0000000000000000e+00
   8.1128785117523750e-01   7.6408718558966378e+00   1.0000000000000000e+00
   8.8359263373013475e-01   7.0990737738950802e+00   1.0000000000000000e+00
   1.6102935578322297e+00   9.2652614481305093e+00   1.0000000000000000e+00
   2.3825302135618953e+00   9.8810336496187148e+00   1.0000000000000000e+00
   8.3773151131492369e+00   1.5518410393024962e+00   1.0000000000000000e+00
   9.8840759294339211e+00   1.3343667148065874e+00   1.0000000000000000e+00
   6.9084201329222883e-01   8.4734072580608313e+00   1.0000000000000000e+00
   9.8705543127709312e+00   1.3520590163735180e+00   1.0000000000000000e+00
   8.5982371160568221e+00   5.5572861109905891e-01   1.0000000000000000e+00
   9.4794473841957085e+00   4.1877851415125344e-01   1.0000000000000000e+00
   2.0340694476029264e-01   6.9534330865842584e+00   1.0000000000000000e+00
   1.8063333950433902e+00   9.4713216337444646e+00   1.0000000000000000e+00
   8.6368257567486690e+00   2.7385321586809375e+00   1.0000000000000000e+00
   8.0990844914354003e+00   1.6551946389145944e+00   1.0000000000000000e+00
   1.2865603798761782e-04   8.0935693030163698e+00   1.0000000000000000e+00
   1.7912203002455296e+00   6.8226770238926173e+00   1.0000000000000000e+00
   1.5856640465458649e-01   8.5009924934345005e+00   1.0000000000000000e+00
   7.7083143935289034e-01   8.2928268687379241e+00   1.0000000000000000e+00
   7.0694594971733595e+00   2.4781635300686000e-01   1.0000000000000000e+00
   1.7934512305282824e+00   9.8522775235440125e+00   1.0000000000000000e+00
   9.7465257724728698e+00   6.2343886032935059e-02   1.0000000000000000e+00
   8.2153192954450116e+00   8.8965821859713579e-01   1.0000000000000000e+00
   7.8557357298157138e+00   1.0627519756068760e+00   1.0000000000000000e+00
   9.4227255853151810e+00   1.2046133272149773e+00   1.0000000000000000e+00
   2.0875453552791279e+00   7.8057657791353821e+00   1.0000000000000000e+00
   8.5551944866172533e+00   4.6374756519762861e-01   1.0000000000000000e+00
   9.3717144538807169e+00   5.5860562659877822e-01   1.0000000000000000e+00
   8.1946903834563596e+00   9.3145430618331915e-01   1.0000000000000000e+00
   8.1775141047806805e+00   1.8426899590641310e+00   1.0000000000000000e+00
   7.8401730882104452e+00   2.8113396851397021e-01   1.0000000000000000e+00
   9.9443571708712053e+00   1.8998676124846747e+00   1.0000000000000000e+00
   1.5052147406046390e+00   7.6209031798025997e+00   1.0000000000000000e+00
   2.2828127578643409e+00   7.6167413798417751e+00   1.0000000000000000e+00
   3.1854035489929045e+00   9.2939424277335654e+00   1.0000000000000000e+00
   3.6357126578031029e+00   9.8094209093879066e+00   1.0000000000000000e+00
   1.9963672724954507e+00   8.9835575966236334e+00   1.0000000000000000e+00
   1.5918615497508515e+00   9.8354950217550670e+00   1.0000000000000000e+00
   9.2902833242379455e+00   1.0758285171261539e+00   1.0000000000000000e+00
   7.2706898179708546e-01   7.2807437010080447e+00   1.0000000000000000e+00
   7.8903396593748987e+00   2.7326633997481666e+00   1.0000000000000000e+00
   1.0957945064723384e+00   7.7358195142334818e+00   1.0000000000000000e+00
   1.5487624247648490e+00   7.8248181744285494e+00   1.0000000000000000e+00
   1.6411974358762016e+00   9.5953416103301787e+00   1.0000000000000000e+00
   9.7680948739751763e+00   1.8000412987355963e+00   1.0000000000000000e+00
   8.8087930781394199e+00   2.0795405757203067e-01   1.0000000000000000e+00
   1.9097111422432944e+00   7.7470737498132998e+00   1.0000000000000000e+00
   7.5641185406020837e+00   1.6152905525296990e+00   1.0000000000000000e+00
   7.4282367397473292e-01   6.6466208772914612e+00   1.0000000000000000e+00
   8.9729260715740509e+00   2.1372800678344852e+00   1.0000000000000000e+00
   7.4486636142700871e+00   2.3463557048345307e+00   1.0000000000000000e+00
   9.8228074772024208e+00   2.1971930102013406e+00   1.0000000000000000e+00
   7.0753513143158075e+00   1.0782842192101816e+00   1.0000000000000000e+00
   2.9635428752832595e+00   9.0288509834771826e+00   1.0000000000000000e+00
   3.0419153524037155e+00   9.2405988364355611e+00   1.0000000000000000e+00
   2.3482382901936982e+00   8.6547301548411628e+00   1.0000000000000000e+00
   6.9269072612249571e+00   1.0656379037885522e-02   1.0000000000000000e+00
   2.8685791053536192e+00   9.1992752251627312e+00   1.0000000000000000e+00
   4.3769606786576043e-01   7.6917857782671231e+00   1.0000000000000000e+00
   1.3475094558702216e-01   7.4312223861552917e+00   1.0000000000000000e+00
   1.1902663610467212e-01   8.3834854428063501e+00   1.0000000000000000e+00
   8.1469661178807389e+00   2.2448658045569414e+00   1.0000000000000000e+00
   1.3121149122205911e+00   7.6091310780283319e+00   1.0000000000000000e+00
   9.5582469745937235e+00   2.1042927810012548e+00   1.0000000000000000e+00
   8.8304678926213622e+00   1.5139432586760349e+00   1.0000000000000000e+00
   2.9375123163180827e+00   9.1136337343212990e+00   1.0000000000000000e+00
   8.7893563866622930e+00   2.3021857855800998e+00   1.0000000000000000e+00
   5.2873004318786943e-01   8.4603128718884175e+00   1.0000000000000000e+00
   9.0168422604160963e+00   1.8899102184395211e+00   1.0000000000000000e+00
   9.3809093899738052e+00   9.6409547218380021e-01   1.0000000000000000e+00
   7.9755835600516578e-01   9.4101045437703075e+00   1.0000000000000000e+00
   1.3961587826722455e+00   6.8495479251038374e+00   1.0000000000000000e+00
   2.2160842755137078e+00   9.4572041147839414e+00   1.0000000000000000e+00
   9.5398357608821076e+00   9.4959262447559256e-01   1.0000000000000000e+00
   9.2968936445467438e+00   3.5355293341717609e+00   1.0000000000000000e+00
   3.5867938139793329e+00   7.5218569329107678e+00   2.0000000000000000e+00
   6.7759662426981935e+00   1.9930017156630142e+00   2.0000000000000000e+00
   1.9392393036184608e+00   6.9425042480965882e+00   2.0000000000000000e+00
   5.6737863918313947e+00   2.9236720354901511e+00   2.0000000000000000e+00
   1.7641535787059648e+00   5.3388558719939985e+00   2.0000000000000000e+00
   7.3996071659348832e+00   3.7988313429874632e+00   2.0000000000000000e+00
   2.6290746863090031e+00   6.0705996448064941e+00   2.0000000000000000e+00
   6.4888896696773344e+00   1.4743520186981296e+00   2.0000000000000000e+00
   4.2700985266419025e+00   8.6848073384106055e+00   2.0000000000000000e+00
   7.3769109159809334e+00   4.0038463535999345e+00   2.0000000000000000e+00
   9.4031660534007671e+00   3.6830679391194474e+00   2.0000000000000000e+00
   4.4449053364735480e+00   7.3993177528916583e+00   2.0000000000000000e+00
   1.3098002745504345e+00   5.4405723983754317e+00   2.0000000000000000e+00
   6.0979830496361531e+00   7.4184473251599936e-01   2.0000000000000000e+00
   4.4440463323522934e+00   7.2880678207324090e+00   2.0000000000000000e+00
   8.4219729115732829e+00   3.5254805255673958e+00   2.0000000000000000e+00
   5.3920623777540388e+00   1.5795155241949155e+00   2.0000000000000000e+00
   3.5969815566166954e+00   8.1300129391809790e+00   2.0000000000000000e+00
   8.5761892139766776e+00   3.3326270116716428e+00   2.0000000000000000e+00
   7.9880460451893418e+00   4.1905582188308959e+00   2.0000000000000000e+00
   5.8900406738226661e+00   4.6381226294455069e-01   2.0000000000000000e+00
   4.4464528431720929e+00   8.3981903356179437e+00   2.0000000000000000e+00
   3.7191435051343538e+00   8.6103470156801105e+00   2.0000000000000000e+00
   3.1398969601194429e+00   6.4710949084269647e+00   2.0000000000000000e+00
   6.2572649720481088e+00   1.5057417498420422e+00   2.0000000000000000e+00
   3.1457049072053889e+00   6.2875175691408369e+00   2.0000000000000000e+00
   4.3304486845263845e+00   8.5618614491630112e+00   2.0000000000000000e+00
   1.1770555167094199e+00   5.3726664518555589e+00   2.0000000000000000e+00
   5.9230084492057378e+00   1.9663665460187008e+00   2.0000000000000000e+00
   6.0910704949459973e+00   3.3805351064753788e+00   2.0000000000000000e+00
   3.4607697044004904e+00   7.5197234180932595e+00   2.0000000000000000e+00
   4.1531973023876851e+00   8.8441312101152612e+00   2.0000000000000000e+00
   4.0688056043781282e+00   8.5041333595000559e+00   2.0000000000000000e+00
   6.2603895035480637e+00   3.2863597454021209e+00   2.0000000000000000e+00
   4.2864221581369026e+00   9.5189680431597328e+00   2.0000000000000000e+00
   3.8952851708597356e+00   8.1990556343694205e+00   2.0000000000000000e+00
   4.2191391388376607e+00   7.4050216518973571e+00   2.0000000000000000e+00
   5.9733753231712647e+00   3.8965753621430235e+00   2.0000000000000000e+00
   9.3495140064527185e+00   4.5658515499236270e+00   2.0000000000000000e+00
   2.8395966431573108e+00   6.3627263623159456e+00   2.0000000000000000e+00
   3.3545881093534682e+00   7.0163340017974285e+00   2.0000000000000000e+00
   5.9486825328273332e+00   1.9387923786296923e+00   2.0000000000000000e+00
   3.6427898376917192e+00   7.0661798203751180e+00   2.0000000000000000e+00
   9.4301659034885912e+00   4.0747417201613718e+00   2.0000000000000000e+00
   5.4846719928117258e+00   1.6577125245168667e+00   2.0000000000000000e+00
   6.5403351732467740e+00   3.4321275545023422e+00   2.0000000000000000e+00
   6.9034712621768657e+00   1.8571794417895782e+00   2.0000000000000000e+00
   6.5620787710793271e+00   3.0933490794025720e+00   2.0000000000000000e+00
   9.3674930538352648e+00   3.8234774468290942e+00   2.0000000000000000e+00
   4.2507325002955199e+00   7.7396643337655817e+00   2.0000000000000000e+00
   6.1241842564054805e+00   3.5511260840571399e+00   2.0000000000000000e+00
   7.5950479628185139e+00   4.0660576124553689e+00   2.0000000000000000e+00
   6.3795076797890964e+00   2.8566092062216377e+00   2.0000000000000000e+00
   3.9733720579588350e+00   6.0594698203159680e+00   2.0000000000000000e+00
   1.7177215538196511e-01   5.7815023608230938e+00   2.0000000000000000e+00
   6.2896680419326136e+00   2.8744326483719052e+00   2.0000000000000000e+00
   5.7361124749906036e+00   3.4583353708406528e+00   2.0000000000000000e+00
   4.7007568973791756e+00   9.1416197044487486e+00   2.0000000000000000e+00
   3.4258135841847173e+00   7.7351786500834949e+00   2.0000000000000000e+00
   4.4021043125024235e+00   9.3184768920606960e+00   2.0000000000000000e+00
   7.0131398301745973e+00   2.9428689902627281e+00   2.0000000000000000e+00
   2.8365759118573095e+00   7.0125195249064456e+00   2.0000000000000000e+00
   5.4517690293608112e+00   1.4940226465737372e+00   2.0000000000000000e+00
   6.4765503463151743e+00   3.8864342111553638e+00   2.0000000000000000e+00
   1.5680242811197265e+00   5.9397291323706849e+00   2.0000000000000000e+00
   7.5277204319448634e+00   3.3242174506398103e+00   2.0000000000000000e+00
   1.3574399009640081e-01   6.2251695438776578e+00   2.0000000000000000e+00
   2.7959350835055297e-01   5.7879266312268687e+00   2.0000000000000000e+00
   3.9580551366011729e+00   7.6943613388327234e+00   2.0000000000000000e+00
   3.6564049225355078e+00   6.4389488633309586e+00   2.0000000000000000e+00
   4.1598576895639390e+00   7.8642894943887844e+00   2.0000000000000000e+00
   5.8282309416104567e+00   2.4413729461634590e+00   2.0000000000000000e+00
   7.4385507997016562e+00   3.5387418019649153e+00   2.0000000000000000e+00
   3.9717851224561840e+00   6.8034374135364306e+00   2.0000000000000000e+00
   9.1558208184048766e+00   4.5517697919925908e+00   2.0000000000000000e+00
   7.1850069908335232e+00   4.4152432706740194e+00   2.0000000000000000e+00
   5.7060996792148977e+00   3.4753554744655091e+00   2.0000000000000000e+00
   7.7333967391551295e-01   5.6083028625065356e+00   2.0000000000000000e+00
   7.8212356445060642e+00   4.4472060172508900e+00   2.0000000000000000e+00
   6.6269225973561419e+00   3.8078235230968236e+00   2.0000000000000000e+00
   1.0223729428262940e+00   6.0664878319544124e+00   2.0000000000000000e+00
   6.2852297657272436e+00   1.6400395612369478e+00   2.0000000000000000e+00
   6.5116385750105774e+00   4.2660742477440383e+00   2.0000000000000000e+00
   5.2984646861097335e+00   1.5712637112940064e+00   2.0000000000000000e+00
   2.5846327935450288e+00   6.9343006079208376e+00   2.0000000000000000e+00
   2.4013899602660427e+00   6.8350135186678376e+00   2.0000000000000000e+00
   9.8813493275742932e+00   3.8277502397295002e+00   2.0000000000000000e+00
   4.0025395765333247e+00   9.8383135676689690e+00   2.0000000000000000e+00
   7.1358808761974029e+00   2.5111976713455810e+00   2.0000000000000000e+00
   5.6453285855884214e+00   2.1000487328238906e+00   2.0000000000000000e+00
   2.1547431632058478e+00   6.1473782469586604e+00   2.0000000000000000e+00
   9.1480566376823873e+00   4.7690952427288362e+00   2.0000000000000000e+00
   4.3324198273482848e+00   9.0804306479925003e+00   2.0000000000000000e+00
   9.1496059276003443e+00   3.6955114320488214e+00   2.0000000000000000e+00
   7.6646021868164871e+00   3.3745569993390490e+00   2.0000000000000000e+00
   6.8901590970194180e+00   3.9158379619963446e+00   2.0000000000000000e+00
   6.6834198595857961e+00   2.8947367503196828e+00   2.0000000000000000e+00
   7.3609181374497084e+00   3.9707579986569930e+00   2.0000000000000000e+00
   3.8184262417612667e+00   9.0034204560597999e+00   2.0000000000000000e+00
   6.9882249412709836e+00   3.1757604817976661e+00   2.0000000000000000e+00
   6.0760433913264702e+00   2.8144686900777227e+00   2.0000000000000000e+00
   5.4676430031162679e+00   2.9097015958466645e+00   2.0000000000000000e+00
   4.5735402250997819e+00   7.2175424958423351e+00   2.0000000000000000e+00
   6.2338942468370675e+00   1.1392823229203741e+00   2.0000000000000000e+00
   5.9565135900529391e+00   2.3838401785135819e+00   2.0000000000000000e+00
   9.7101581248070108e+00   4.6229655234334395e+00   2.0000000000000000e+00
   9.3761084633935656e+00   4.0378018737267833e+00   2.0000000000000000e+00
   1.1505639515068533e+00   5.3776365729262317e+00   2.0000000000000000e+00
   5.8239099454547052e+00   2.9535627964276143e+00   2.0000000000000000e+00
   4.3204164382397048e-01   5.6674629425067007e+00   2.0000000000000000e+00
   4.4474092299986800e+00   6.9302832691369662e+00   2.0000000000000000e+00
   3.3603531363477801e+00   6.7807124466720996e+00   2.0000000000000000e+00
   9.8695727416452410e+00   4.7107027704444091e+00   2.0000000000000000e+00
   4.0265739868538910e+00   6.8754661525046332e+00   2.0000000000000000e+00
   5.8741113751668763e+00   3.7359929818992912e+00   2.0000000000000000e+00
   1.3337121261717433e+00   5.6673357217060483e+00   2.0000000000000000e+00
   6.2038183802383369e+00   4.0942174305148713e+00   2.0000000000000000e+00
   3.5659202393585723e+00   6.0390564222447862e+00   2.0000000000000000e+00
   7.4077182336135481e+00   3.4886643450740484e+00   2.0000000000000000e+00
   5.4075853738961435e+00   9.5539870029770047e-01   2.0000000000000000e+00
   7.4623025841435431e-01   5.2549647656926801e+00   2.0000000000000000e+00
   6.5105788315326176e+00   3.7279580422780834e+00   2.0000000000000000e+00
   5.9135569518807323e+00   6.7854858775346916e-01   2.0000000000000000e+00
   8.4071239378129476e+00   4.5361865917078230e+00   2.0000000000000000e+00
   9.7438571807930465e+00   3.8679886780408825e+00   2.0000000000000000e+00
   7.5620308021964728e+00   3.3552138080109817e+00   2.0000000000000000e+00
   7.2713963801745134e+00   3.1986623407189674e+00   2.0000000000000000e+00
   7.0220367494588141e+00   4.2569114201185929e+00   2.0000000000000000e+00
   9.1697132190227073e+00   4.4816915943868629e+00   2.0000000000000000e+00
   3.1181216908832656e+00   6.3857317356600340e+00   2.0000000000000000e+00
   6.8815411285769104e+00   4.3270616229143810e+00   2.0000000000000000e+00
   8.4042993628493239e+00   4.6141668044430517e+00   2.0000000000000000e+00
   1.3846105611719617e+00   5.7274158521241620e+00   2.0000000000000000e+00
   1.1012071635593257e+00   6.1735673172845242e+00   2.0000000000000000e+00
   6.1564860476715833e+00   1.3237704395112027e+00   2.0000000000000000e+00
   6.5729538900058344e+00   1.2244171872669807e+00   2.0000000000000000e+00
   4.1817060930994803e+00   9.4014076169998209e+00   2.0000000000000000e+00
   4.7562018493757519e-01   6.0282866502223715e+00   2.0000000000000000e+00
   7.4245717275938290e+00   2.9313299217386133e+00   2.0000000000000000e+00
   1.6940261573930893e+00   5.2935841542818522e+00   2.0000000000000000e+00
   2.9954818947040396e+00   7.6406775810200367e+00   2.0000000000000000e+00
   6.7683641019298371e+00   1.8082765288543012e+00   2.0000000000000000e+00
   9.7060881667733518e+00   4.7531015526022138e+00   2.0000000000000000e+00
   3.4881739950177648e+00   6.6274759342838738e+00   2.0000000000000000e+00
   3.9507413056318108e+00   9.9148321534472768e+00   2.0000000000000000e+00
   2.2685322260484853e+00   6.8298188574202374e+00   2.0000000000000000e+00
   2.4428822977399109e+00   5.6838444147778020e+00   2.0000000000000000e+00
   7.6376772404747388e+00   3.7770797083213292e+00   2.0000000000000000e+00
   2.3485744141169884e+00   6.2104156246960116e+00   2.0000000000000000e+00
   4.4092340460828989e+00   7.3052651079246242e+00   2.0000000000000000e+00
   7.6793418778129396e+00   3.3177513945072681e+00   2.0000000000000000e+00
   3.5242020296054233e+00   8.9770872218252435e+00   2.0000000000000000e+00
   5.9502837603643162e+00   3.7430365189127013e+00   2.0000000000000000e+00
   7.3291270949621614e+00   4.2506368794064340e+00   2.0000000000000000e+00
   4.3642590302338204e+00   9.8936066290069142e+00   2.0000000000000000e+00
   9.8133380162486041e+00   4.7058500573012711e+00   2.0000000000000000e+00
   2.8949391682673564e+00   6.1157417196305230e+00   2.0000000000000000e+00
   8.0728292202699254e+00   4.3186906612021589e+00   2.0000000000000000e+00
   2.7550212702731933e+00   6.8897780790534693e+00   2.0000000000000000e+00
   4.3717682975266818e+00   8.1550696571082586e+00   2.0000000000000000e+00
   2.4908008424346573e+00   6.9703450816897750e+00   2.0000000000000000e+00
   7.7591718744111580e+00   4.0869701256212014e+00   2.0000000000000000e+00
   4.0020816477462446e+00   7.1197640352507774e+00   2.0000000000000000e+00
   1.5053716865275724e+00   6.1438276490538488e+00   2.0000000000000000e+00
   6.4290189215759463e+00   4.3000913311921263e+00   2.0000000000000000e+00
   3.8963722601795459e+00   9.3422130168534174e+00   2.0000000000000000e+00
   6.5727173436809405e+00   2.4329734462258501e+00   2.0000000000000000e+00
   6.2168516376903344e+00   2.1969787248675909e+00   2.0000000000000000e+00
   4.6079878074537151e+00   9.0872542965171714e+00   2.0000000000000000e+00
   9.5105692918852327e+00   4.2670429856143430e+00   2.0000000000000000e+00
   8.7417785370997887e+00   3.5855631451192926e+00   2.0000000000000000e+00
   8.3756541758811665e+00   4.5791709335339990e+00   2.0000000000000000e+00
   6.9295734318744575e+00   2.7377149301379555e+00   2.0000000000000000e+00
   3.2283778820675204e+00   6.7016122751458154e+00   2.0000000000000000e+00
   5.8534970172780332e+00   1.1149896081964994e+00   2.0000000000000000e+00
   6.3898992627423548e+00   1.5958369896251068e+00   2.0000000000000000e+00
   7.5321563420875535e+00   3.6398573347613716e+00   2.0000000000000000e+00
   7.2698510827859417e+00   3.5423312044304867e+00   2.0000000000000000e+00
   2.3778713377422256e+00   6.7139508413820215e+00   2.0000000000000000e+00
   4.4432762318571619e+00   7.6956485888970230e+00   2.0000000000000000e+00
   8.1160178092437736e+00   3.2816514648181894e+00   2.0000000000000000e+00
   4.0237843019492106e+00   9.8985101609059853e+00   2.0000000000000000e+00
   5.7285616563190516e+00   1.5467545826339246e+00   2.0000000000000000e+00
   6.1205345903507400e+00   2.7152455322554836e-01   2.0000000000000000e+00
   6.1164162976913481e+00   7.3961750339935906e-01   2.0000000000000000e+00
   6.9299394577006810e+00   2.2063847329389299e+00   2.0000000000000000e+00
   7.4654859293276887e+00   3.0012533912237851e+00   2.0000000000000000e+00
   1.0873280745771863e+00   5.3686976707676051e+00   2.0000000000000000e+00
   3.7810915934438496e+00   9.5593412734551304e+00   2.0000000000000000e+00
   2.4418307320787589e+00   5.6799467179806475e+00   2.0000000000000000e+00
   3.0969073662923394e+00   7.7420816258719736e+00   2.0000000000000000e+00
   5.7842041583109367e+00   2.6025514459902821e+00   2.0000000000000000e+00
   8.1352900685372358e+00   4.2584792311576614e+00   2.0000000000000000e+00
   3.4300770844583783e+00   7.1075476064301828e+00   2.0000000000000000e+00
   1.6884558407100603e+00   6.4490839854583069e+00   2.0000000000000000e+00
   7.9742591639116034e+00   5.1244513175571065e+00   3.0000000000000000e+00
   5.7317724229422717e-01   4.7909721384462500e+00   3.0000000000000000e+00
   4.4541954225940428e+00   6.0275387813947576e+00   3.0000000000000000e+00
   3.8842850239428248e+00   5.2215713014456222e+00   3.0000000000000000e+00
   5.8032371669982936e+00   4.4994306176767029e+00   3.0000000000000000e+00
   5.0717138574708152e+00   8.8892332357985353e+00   3.0000000000000000e+00
   4.2050411970148085e+00   4.0277172919822366e+00   3.0000000000000000e+00
   5.0522045871991246e+00   5.8509897288967361e+00   3.0000000000000000e+00
   3.3701674145261440e+00   4.6720328603406900e+00   3.0000000000000000e+00
   4.8000761643658070e+00   1.9925930764682476e+00   3.0000000000000000e+00
   5.5982852288375815e+00   4.9072873411757154e+00   3.0000000000000000e+00
   1.9399034304777096e+00   4.7619513620708780e+00   3.0000000000000000e+00
   4.6624711823428644e+00   2.4706978367081645e+00   3.0000000000000000e+00
   4.7207740636895421e+00   1.8492954609947698e+00   3.0000000000000000e+00
   6.2593726623081096e+00   5.9979796422136253e+00   3.0000000000000000e+00
   7.0905090226066738e+00   5.6619553329103480e+00   3.0000000000000000e+00
   7.9162145158099477e+00   5.5203035232999484e+00   3.0000000000000000e+00
   4.7306029332488517e+00   2.3527633736898546e+00   3.0000000000000000e+00
   4.3559762564803730e+00   4.9525850640139328e+00   3.0000000000000000e+00
   6.6991706686544417e+00   4.7522271852578797e+00   3.0000000000000000e+00
   5.3410400991154035e+00   3.1060622898602497e+00   3.0000000000000000e+00
   7.4728043782943079e+00   5.6189527325511861e+00   3.0000000000000000e+00
   2.9279702926554974e+00   4.5354149411518909e+00   3.0000000000000000e+00
   3.7798925638512513e+00   4.6509178112809790e+00   3.0000000000000000e+00
   6.1662387807945751e-01   5.1448337288060353e+00   3.0000000000000000e+00
   8.6034019902714860e+00   5.1399899359640457e+00   3.0000000000000000e+00
   5.2880646124028257e+00   9.9250461730472175e+00   3.0000000000000000e+00
   4.7586827083052921e+00   1.1128572023264072e+00   3.0000000000000000e+00
   5.1995573297104727e+00   5.8217663036178147e+00   3.0000000000000000e+00
   4.2417590894159147e+00   4.8015620401753987e+00   3.0000000000000000e+00
   4.7306221066614089e+00   4.7276866182610906e+00   3.0000000000000000e+00
   6.9723611290283793e+00   5.6176360658743407e+00   3.0000000000000000e+00
   4.5084381903148341e+00   6.7326340182299438e+00   3.0000000000000000e+00
   1.1509073193784913e+00   4.8211716243368645e+00   3.0000000000000000e+00
   4.4958862539596778e+00   6.4704777459934002e+00   3.0000000000000000e+00
   4.4732573700655252e+00   3.8120837471101741e+00   3.0000000000000000e+00
   4.9224321616750011e+00   1.6377158868028785e+00   3.0000000000000000e+00
   4.5427898046658193e+00   1.8851195967487666e+00   3.0000000000000000e+00
   2.1655217446539221e+00   4.5647340827516807e+00   3.0000000000000000e+00
   4.4491810468367978e+00   5.2951123904237276e+00   3.0000000000000000e+00
   4.3440139889488414e+00   5.5180292444980683e+00   3.0000000000000000e+00
   4.3778745052324277e+00   5.4016204597041053e+00   3.0000000000000000e+00
   4.1515325240060825e+00   4.0908914790552577e+00   3.0000000000000000e+00
   6.0312158919011907e+00   4.4763539274854844e+00   3.0000000000000000e+00
   7.6414239454794188e+00   4.8383648456457529e+00   3.0000000000000000e+00
   3.6315981362996452e+00   5.6028296265451196e+00   3.0000000000000000e+00
   9.1254508089285800e+00   4.9412348917474302e+00   3.0000000000000000e+00
   4.9691267342991079e+00   8.4785191033369234e-01   3.0000000000000000e+00
   3.4084076440149169e+00   5.2509780491407074e+00   3.0000000000000000e+00
   4.4237933508014589e+00   5.7268846984556774e+00   3.0000000000000000e+00
   4.2146971537238578e+00   3.2074048518742293e+00   3.0000000000000000e+00
   9.3709728391280027e+00   4.9719004311749675e+00   3.0000000000000000e+00
   4.9318645197648916e+00   2.5226883586953641e+00   3.0000000000000000e+00
   5.2383927190375079e+00   5.0933227804348480e+00   3.0000000000000000e+00
   4.3931252786506239e+00   5.2142550288603564e+00   3.0000000000000000e+00
   2.7959153084203479e+00   4.7696068666436062e+00   3.0000000000000000e+00
   6.2728005822262620e+00   4.8322382481063730e+00   3.0000000000000000e+00
   4.9383661208535568e+00   1.1813472552612247e+00   3.0000000000000000e+00
   6.3909252921990163e+00   4.3528508740054237e+00   3.0000000000000000e+00
   6.2374594560083594e+00   4.5338883578394862e+00   3.0000000000000000e+00
   5.4176061304784771e+00   6.1344379919304739e+00   3.0000000000000000e+00
   4.4311515298281678e+00   3.4925535045828160e+00   3.0000000000000000e+00
   4.8334701288867041e+00   1.4523291334655364e+00   3.0000000000000000e+00
   5.4595813863707914e+00   7.6388286246520813e+00   3.0000000000000000e+00
   6.8816781943735785e+00   5.1449890685499824e+00   3.0000000000000000e+00
   4.4174598845521196e+00   3.9139476400070738e+00   3.0000000000000000e+00
   5.5452313937921605e-01   4.7020136194590014e+00   3.0000000000000000e+00
   5.0795245997696465e+00   6.8059693542681243e+00   3.0000000000000000e+00
   5.2673273522437078e+00   8.4997922336259659e+00   3.0000000000000000e+00
   3.2684726272970002e+00   4.3844444968253304e+00   3.0000000000000000e+00
   5.6473379893036935e+00   5.4760775384651792e+00   3.0000000000000000e+00
   4.9088623370812723e+00   3.9744416809088809e+00   3.0000000000000000e+00
   4.2395678124297009e-01   4.7662575189470369e+00   3.0000000000000000e+00
   6.9388582669273271e+00   4.8374134154931898e+00   3.0000000000000000e+00
   4.6277358635942401e+00   6.2873083139607058e+00   3.0000000000000000e+00
   5.1275954142478986e+00   2.9363899518566838e+00   3.0000000000000000e+00
   1.9111156423049769e+00   5.1313242723048811e+00   3.0000000000000000e+00
   4.6151915558179990e+00   5.0577148286739169e+00   3.0000000000000000e+00
   4.3416210337833538e+00   5.7662933902096558e+00   3.0000000000000000e+00
   4.9330725977007646e+00   6.4307306050320348e+00   3.0000000000000000e+00
   5.4474971959678449e+00   7.1337370226331975e+00   3.0000000000000000e+00
   5.1256209946857503e+00   8.7655221953441771e+00   3.0000000000000000e+00
   4.5981401723507496e+00   4.7242860896468910e+00   3.0000000000000000e+00
   2.7143652293294518e+00   4.6692921468836417e+00   3.0000000000000000e+00
   5.1869189240235238e+00   4.7840542063646185e-01   3.0000000000000000e+00
   5.3083412747991883e+00   6.7620690987596106e+00   3.0000000000000000e+00
   4.4454719819358619e+00   2.9676076894434589e+00   3.0000000000000000e+00
   8.1828817578568032e+00   4.9635229154149432e+00   3.0000000000000000e+00
   5.2483775672603414e+00   5.8335763104059390e+00   3.0000000000000000e+00
   5.1086071722019044e+00   8.5560595581992711e+00   3.0000000000000000e+00
   3.5976244462526532e+00   4.2328652595062337e+00   3.0000000000000000e+00
   8.4813405846072261e+00   4.9932503746604642e+00   3.0000000000000000e+00
   2.7225360633352258e+00   4.6890865023264583e+00   3.0000000000000000e+00
   3.9128439657568617e+00   3.6075266347148172e+00   3.0000000000000000e+00
   1.0895608149109515e+00   4.8603871228559008e+00   3.0000000000000000e+00
   6.2062740323379533e+00   5.0792416688950857e+00   3.0000000000000000e+00
   2.3975472012803669e+00   4.8191112995936720e+00   3.0000000000000000e+00
   4.9330465017655900e+00   3.2546667794883231e+00   3.0000000000000000e+00
   4.1520913690854897e+00   4.4097376628263927e+00   3.0000000000000000e+00
   1.3616532321059416e+00   4.9899963766952329e+00   3.0000000000000000e+00
   4.3236847303051995e+00   6.0414667158268642e+00   3.0000000000000000e+00
   5.9461968655401769e+00   4.7538072604725183e+00   3.0000000000000000e+00
   6.2392014077999409e+00   4.3913969316818537e+00   3.0000000000000000e+00
   3.4885564794171922e+00   4.1511721916604483e+00   3.0000000000000000e+00
   7.1517631314180754e+00   4.5479425760342025e+00   3.0000000000000000e+00
   6.7237524689738546e+00   4.5693860157348007e+00   3.0000000000000000e+00
   5.0733694628251467e+00   6.9802094324941222e-01   3.0000000000000000e+00
   1.7148202646611987e+00   5.0717453453683659e+00   3.0000000000000000e+00
   6.4580064159283745e-01   5.0669275360305104e+00   3.0000000000000000e+00
   3.5104885165612498e-01   4.8183816944423006e+00   3.0000000000000000e+00
   4.7201724760007870e+00   6.4909807292657948e+00   3.0000000000000000e+00
   5.5147199422662556e+00   7.5783158050595976e+00   3.0000000000000000e+00
   4.8974400202945025e+00   3.8477171948418998e+00   3.0000000000000000e+00
   4.3212710309675924e+00   4.6452602246560577e+00   3.0000000000000000e+00
   6.3263577991316762e+00   4.5649140913849076e+00   3.0000000000000000e+00
   5.3070613506700592e+00   7.3393834412941050e+00   3.0000000000000000e+00
   5.7430880898073911e-02   5.1196978690850825e+00   3.0000000000000000e+00
   5.3212784853939006e+00   6.9028292804448323e+00   3.0000000000000000e+00
   4.4706144663264338e+00   5.2640310082274100e+00   3.0000000000000000e+00
   2.3986571641851642e+00   4.9426615905592026e+00   3.0000000000000000e+00
   4.9486962631980393e+00   5.8896762977527031e+00   3.0000000000000000e+00
   4.4840739563598984e+00   5.7193822332838842e+00   3.0000000000000000e+00
   5.4237450458214687e+00   5.8320154863632121e+00   3.0000000000000000e+00
   4.8992225670048297e+00   7.8280814610825358e+00   3.0000000000000000e+00
   1.5718355915887561e+00   4.7454964165828128e+00   3.0000000000000000e+00
   4.8871540978308348e+00   5.3752437782590228e+00   3.0000000000000000e+00
   3.0929950148253358e+00   4.5116908675731091e+00   3.0000000000000000e+00
   4.6329650770939494e+00   5.2489238042939856e+00   3.0000000000000000e+00
   3.1201995889723797e+00   4.9288104074250949e+00   3.0000000000000000e+00
   5.0345033790315306e+00   6.9405779905872080e+00   3.0000000000000000e+00
   6.0805074827760341e+00   4.6707256607680891e+00   3.0000000000000000e+00
   6.3063107266873821e+00   5.0922074852074921e+00   3.0000000000000000e+00
   5.3328670843671242e+00   9.3030235641317862e+00   3.0000000000000000e+00
   9.7664439446549078e+00   5.1201974049290815e+00   3.0000000000000000e+00
   4.7751543887634380e+00   7.6704930897275183e+00   3.0000000000000000e+00
   5.0639382191324200e+00   6.7326572712585726e+00   3.0000000000000000e+00
   3.6287095687955242e+00   5.3856637834912648e+00   3.0000000000000000e+00
   6.1608315723006974e+00   5.6251314641031751e+00   3.0000000000000000e+00
   6.8432759400300602e+00   5.6561714524116278e+00   3.0000000000000000e+00
   1.1493655704540184e+00   4.9061772546424463e+00   3.0000000000000000e+00
   5.9132711151218338e+00   5.3129671685303705e+00   3.0000000000000000e+00
   5.1243885583429094e+00   9.8542807845042812e+00   3.0000000000000000e+00
   7.1293463296390183e+00   5.4540027650418352e+00   3.0000000000000000e+00
   5.0696985778743953e+00   9.2884058624442396e+00   3.0000000000000000e+00
   5.3161514655266320e+00   9.7365633883928879e+00   3.0000000000000000e+00
   4.4060959056572777e+00   5.2577274187210197e+00   3.0000000000000000e+00
   8.9967791229693717e+00   5.3319266010292479e+00   3.0000000000000000e+00
   5.3163620981297166e+00   5.8208246285507501e+00   3.0000000000000000e+00
   4.2844077704250862e+00   3.6510651283599795e+00   3.0000000000000000e+00
   5.6943874672343124e+00   6.6193443895480275e+00   3.0000000000000000e+00
   7.6899145554673587e-01   5.0329623234553500e+00   3.0000000000000000e+00
   1.8905770030990199e+00   4.8287907023480594e+00   3.0000000000000000e+00
   4.5726561147489386e+00   5.2678979820690595e+00   3.0000000000000000e+00
   6.0430250731774704e+00   4.8738802653750319e+00   3.0000000000000000e+00
   5.8716163572489668e+00   4.7523777472976603e+00   3.0000000000000000e+00
   3.5219258397202613e+00   4.7482884075937806e+00   3.0000000000000000e+00
   4.5420723222055894e+00   5.2205590991310489e+00   3.0000000000000000e+00
   8.1486184358212093e+00   4.9237403763809242e+00   3.0000000000000000e+00
   5.9979318028358550e+00   6.5176146564094619e+00   3.0000000000000000e+00
   5.0479535654444891e+00   8.8339488910223523e+00   3.0000000000000000e+00
   5.5056589393299298e+00   5.6990784097591298e+00   3.0000000000000000e+00
   2.5494532923149982e+00   5.1085684676817547e+00   3.0000000000000000e+00
   5.8444233334299609e+00   5.2295675814912022e+00   3.0000000000000000e+00
   3.6390119383555786e+00   3.9394122015833588e+00   3.0000000000000000e+00
   5.9892490077500495e+00   6.3354791299765072e+00   3.0000000000000000e+00
   2.9307527270232381e+00   5.2902330951228018e+00   3.0000000000000000e+00
   4.8993336693783709e+00   9.0774330485702563e+00   3.0000000000000000e+00
   5.1666511227289522e+00   5.2488041835758761e+00   3.0000000000000000e+00
   5.2816809264480966e+00   3.8122983897809846e+00   3.0000000000000000e+00
   2.4692504209736832e+00   4.4849578055918817e+00   3.0000000000000000e+00
   5.0151729240619787e+00   6.1107208619794502e+00   3.0000000000000000e+00
   6.5989766977763589e+00   4.8772294423873808e+00   3.0000000000000000e+00
   5.1456914315264788e+00   7.4108888499162040e+00   3.0000000000000000e+00
   5.3781534750889461e+00   3.8111045011435607e+00   3.0000000000000000e+00
   3.7674680088639558e+00   4.0023517606550927e+00   3.0000000000000000e+00
   4.8369715704946952e+00   3.4634324071690314e+00   3.0000000000000000e+00
   6.2449152166627062e+00   4.8166752560397654e+00   3.0000000000000000e+00
   4.9457404258755853e+00   4.5428674462363272e+00   3.0000000000000000e+00
   4.1260945662300097e+00   4.4025575477344692e+00   3.0000000000000000e+00
   3.1718859994342408e+00   4.7529081521441903e+00   3.0000000000000000e+00
   2.3476845221036635e+00   4.9729751838434675e+00   3.0000000000000000e+00
   6.0901203070478491e+00   5.5411978571016229e+00   3.0000000000000000e+00
   6.0770857161779119e+00   6.1134487339542121e+00   3.0000000000000000e+00
   4.1111704123945749e+00   3.6552337191021755e+00   3.0000000000000000e+00
   4.4864262306698377e+00   5.3981024882803901e+00   3.0000000000000000e+00
   4.5073897770998617e+00   5.1355435274063819e+00   3.0000000000000000e+00
   4.1996672393915553e+00   4.6489943915551262e+00   3.0000000000000000e+00
   5.9089324388892761e+00   5.8942489423641717e+00   3.0000000000000000e+00
   6.8832263495829071e+00   5.1394236612701025e+00   3.0000000000000000e+00
   2.9047350390524116e+00   4.1318397039900967e+00   4.0000000000000000e+00
   6.5679061614033234e+00   8.1538719196641409e+00   4.0000000000000000e+00
   2.5619597390349225e+00   2.6627761234640488e+00   4.0000000000000000e+00
   5.6250537739024615e+00   8.6407561864374234e+00   4.0000000000000000e+00
   5.9670773981081631e+00   9.4810354050513919e+00   4.0000000000000000e+00
   8.5294348981354506e+00   6.1406168378294437e+00   4.0000000000000000e+00
   1.3749993314538389e+00   3.5848352963740759e+00   4.0000000000000000e+00
   5.6254827896080739e+00   9.8876082777847056e+00   4.0000000000000000e+00
   3.3849497984128005e+00   1.5800764347410112e+00   4.0000000000000000e+00
   5.7681108864869932e+00   7.3479125110138979e+00   4.0000000000000000e+00
   8.6964678365895622e+00   6.1629553524529843e+00   4.0000000000000000e+00
   3.8153807316013322e+00   1.8030065869896872e+00   4.0000000000000000e+00
   7.6017183898980045e-01   4.2119796703902415e+00   4.0000000000000000e+00
   1.2131790583309143e+00   4.3509468370666582e+00   4.0000000000000000e+00
   6.3619477643440980e+00   7.4406536683382294e+00   4.0000000000000000e+00
   8.2096518921754207e+00   5.9620364086823452e+00   4.0000000000000000e+00
   4.3478326162350776e+00   1.7440884309809612e+00   4.0000000000000000e+00
   2.0476274115796169e+00   4.2796161828647659e+00   4.0000000000000000e+00
   1.0170265961523750e+00   4.5872397802644036e+00   4.0000000000000000e+00
   8.1415910220341363e+00   6.8310171732831302e+00   4.0000000000000000e+00
   7.6199008939231847e+00   6.0235677620941308e+00   4.0000000000000000e+00
   7.8110652600494586e+00   5.6516246201059026e+00   4.0000000000000000e+00
   5.7471043564312128e+00   9.7486071914480483e+00   4.0000000000000000e+00
   6.5250720896101946e+00   6.0388824232772267e+00   4.0000000000000000e+00
   4.4526074992500275e+00   6.1556509400914505e-01   4.0000000000000000e+00
   3.9643696282155592e+00   2.8187989341271500e+00   4.0000000000000000e+00
   2.5919949919512710e+00   2.5002901899783883e+00   4.0000000000000000e+00
   7.2006597552573073e+00   6.9008434477501108e+00   4.0000000000000000e+00
   2.5671927816011877e+00   3.6913101246116051e+00   4.0000000000000000e+00
   2.3261832668662841e+00   3.3125763819794471e+00   4.0000000000000000e+00
   9.3311277134772652e+00   5.4303449685629452e+00   4.0000000000000000e+00
   3.9917222411996391e+00   2.0767639675231075e+00   4.0000000000000000e+00
   6.3035517365114337e+00   6.8434996419076199e+00   4.0000000000000000e+00
   9.0641955156095300e+00   5.5102735733679342e+00   4.0000000000000000e+00
   7.3390693818625827e+00   7.2245143765243691e+00   4.0000000000000000e+00
   2.5155130692804395e-01   4.3077902340635603e+00   4.0000000000000000e+00
   2.3718099369545556e+00   4.3826457581666025e+00   4.0000000000000000e+00
   7.4620867313747832e+00   6.9929868176078642e+00   4.0000000000000000e+00
   6.1220774272243208e+00   9.4912353771643900e+00   4.0000000000000000e+00
   8.5464787127264881e+00   6.6736425454914547e+00   4.0000000000000000e+00
   2.4635851223142025e+00   4.0130669648779591e+00   4.0000000000000000e+00
   6.6691437848589921e+00   6.5426764203193608e+00   4.0000000000000000e+00
   7.5163654938618873e-01   3.8677423720912261e+00   4.0000000000000000e+00
   5.7051431638557819e+00   9.9432920326821694e+00   4.0000000000000000e+00
   7.4975856449288134e+00   6.5246914470055408e+00   4.0000000000000000e+00
   2.9166503104642114e+00   2.9304365177681224e+00   4.0000000000000000e+00
   7.0696681418859244e+00   6.0397887162428487e+00   4.0000000000000000e+00
   3.3357073283148306e+00   3.5367982563566236e+00   4.0000000000000000e+00
   9.0483293441567074e+00   6.4889175582465253e+00   4.0000000000000000e+00
   4.1818491289223392e+00   2.9259560716960156e+00   4.0000000000000000e+00
   3.5265558763049532e+00   3.2926139149522116e+00   4.0000000000000000e+00
   6.1472652916156818e+00   8.6376946707622455e+00   4.0000000000000000e+00
   4.5473581257092119e+00   9.3015133689715257e-01   4.0000000000000000e+00
   8.9502643777850217e+00   6.2053590270482282e+00   4.0000000000000000e+00
   1.8004214163034871e+00   4.1878727360795800e+00   4.0000000000000000e+00
   7.2816491118041835e+00   5.9781302322428616e+00   4.0000000000000000e+00
   7.4841320380036862e+00   7.2703717061104527e+00   4.0000000000000000e+00
   1.6711276723589463e+00   4.4176697321056002e+00   4.0000000000000000e+00
   5.5514658949063458e+00   9.5268794747869432e+00   4.0000000000000000e+00
   5.7487840151217773e+00   9.3748469428767827e+00   4.0000000000000000e+00
   4.2428286316714683e+00   2.9111522275876300e+00   4.0000000000000000e+00
   2.0095865963013573e+00   3.0022393102612277e+00   4.0000000000000000e+00
   2.6659004888050197e+00   3.7267224430278310e+00   4.0000000000000000e+00
   4.0788277605490144e+00   1.7143174341789358e+00   4.0000000000000000e+00
   5.6473457392172790e+00   8.0738675542890181e+00   4.0000000000000000e+00
   4.0231907078223426e+00   3.4083249979916532e+00   4.0000000000000000e+00
   8.4211557060188937e+00   5.5263987292443364e+00   4.0000000000000000e+00
   1.5317323348686340e+00   3.8297131445867882e+00   4.0000000000000000e+00
   9.2515484947124964e+00   5.8233415922823637e+00   4.0000000000000000e+00
   2.2032395755010725e+00   4.3709899832586174e+00   4.0000000000000000e+00
   3.8322038290154561e+00   2.0132413575870900e+00   4.0000000000000000e+00
   4.1190965180954855e+00   2.8922909028180719e+00   4.0000000000000000e+00
   5.8296807934747408e+00   9.6775995780793505e+00   4.0000000000000000e+00
   2.8785558474885162e+00   3.3711436064811604e+00   4.0000000000000000e+00
   8.0520195732581019e+00   6.7306214178358816e+00   4.0000000000000000e+00
   7.7974889103781315e+00   5.8015897798566485e+00   4.0000000000000000e+00
   7.4221962279360865e+00   6.2433503718952634e+00   4.0000000000000000e+00
   2.4324795618351649e+00   2.8607994989345418e+00   4.0000000000000000e+00
   6.2851509602213076e+00   7.6686506661260587e+00   4.0000000000000000e+00
   8.9835849290090817e+00   5.4077162992978467e+00   4.0000000000000000e+00
   4.3953736972242661e+00   1.6144189287108157e+00   4.0000000000000000e+00
   7.4330877695831195e+00   6.9892767964023070e+00   4.0000000000000000e+00
   8.6357518915199485e+00   6.0082207566581030e+00   4.0000000000000000e+00
   3.6389674040964937e+00   2.5307434358953893e+00   4.0000000000000000e+00
   6.2736915452699469e+00   9.1604054840324380e+00   4.0000000000000000e+00
   8.1755361659195946e-01   4.5119540581705699e+00   4.0000000000000000e+00
   6.8699120357883583e+00   7.3160929574983227e+00   4.0000000000000000e+00
   6.3713114088660996e+00   8.0824157243900228e+00   4.0000000000000000e+00
   5.9991902158440364e+00   7.0994424374531819e+00   4.0000000000000000e+00
   8.1119342103913326e+00   6.5156535024677256e+00   4.0000000000000000e+00
   3.1672461269429419e+00   2.9840301002163274e+00   4.0000000000000000e+00
   6.7825245474271814e+00   7.1527112578564989e+00   4.0000000000000000e+00
   5.5888509034932738e+00   9.6976412355432551e+00   4.0000000000000000e+00
   3.9677048516570501e+00   1.6528485545120775e+00   4.0000000000000000e+00
   6.2580625738809719e+00   6.2292634271912437e+00   4.0000000000000000e+00
   8.0761311499730457e+00   6.8247193017094174e+00   4.0000000000000000e+00
   4.5405591476864560e+00   1.8700911715093804e-02   4.0000000000000000e+00
   3.5943736631612957e+00   1.5071059873726500e+00   4.0000000000000000e+00
   6.9925042863175078e+00   6.8302660591726250e+00   4.0000000000000000e+00
   3.4771125944765346e+00   1.1673336807731982e+00   4.0000000000000000e+00
   2.9721876037752115e+00   2.7009113177805233e+00   4.0000000000000000e+00
   4.2891481283544106e+00   1.6129715799451771e+00   4.0000000000000000e+00
   3.2222489812840949e+00   1.6973275903671281e+00   4.0000000000000000e+00
   8.4957535832213118e+00   5.7906279904554783e+00   4.0000000000000000e+00
   9.3144008134833687e+00   5.5762196713767489e+00   4.0000000000000000e+00
   7.6710942744532096e+00   6.6132040118192936e+00   4.0000000000000000e+00
   1.5955592868923651e+00   3.3810982562926251e+00   4.0000000000000000e+00
   3.4651287763497529e+00   2.4681450111890788e+00   4.0000000000000000e+00
   2.1445694440688037e+00   4.3085873968767254e+00   4.0000000000000000e+00
   3.1867393162292634e+00   2.2972279514726610e+00   4.0000000000000000e+00
   5.5256141479423597e+00   9.3023133794852484e+00   4.0000000000000000e+00
   7.2865187733427463e+00   6.9209731888858634e+00   4.0000000000000000e+00
   5.6111155882541404e+00   7.5582516257616881e+00   4.0000000000000000e+00
   3.4857937612768386e+00   1.1116695088252937e+00   4.0000000000000000e+00
   5.9566588792326289e+00   8.3738930908466322e+00   4.0000000000000000e+00
   3.2509201281260278e+00   4.0419861921387170e+00   4.0000000000000000e+00
   2.5493763743414166e-01   3.7450605526052261e+00   4.0000000000000000e+00
   7.8294064159693635e+00   6.2952105236171771e+00   4.0000000000000000e+00
   8.8322671573438316e-01   4.2939852136049206e+00   4.0000000000000000e+00
   8.5305671517345676e+00   5.9077675781801373e+00   4.0000000000000000e+00
   8.5643713380819797e+00   6.2957693781511770e+00   4.0000000000000000e+00
   2.9353395417983199e+00   2.2562794976394516e+00   4.0000000000000000e+00
   3.6743595097512283e+00   7.0018148081748777e-01   4.0000000000000000e+00
   4.2213556923218150e+00   1.3648344674893897e+00   4.0000000000000000e+00
   5.6395707834241353e+00   8.4930842547590775e+00   4.0000000000000000e+00
   3.7124120932665883e+00   1.8388189125121257e+00   4.0000000000000000e+00
   6.0363737811206164e+00   8.3203273246688472e+00   4.0000000000000000e+00
   1.7681060439095808e+00   3.9674692159363611e+00   4.0000000000000000e+00
   8.5165636322389271e-01   4.0405151159583017e+00   4.0000000000000000e+00
   1.0936958064792690e+00   4.4928744295035852e+00   4.0000000000000000e+00
   1.8621954736279978e+00   3.3116199057248377e+00   4.0000000000000000e+00
   8.8409546063298823e+00   6.0730478620450192e+00   4.0000000000000000e+00
   6.3160790447181556e+00   8.0802040645198723e+00   4.0000000000000000e+00
   2.9293629496470555e+00   4.1264896968548879e+00   4.0000000000000000e+00
   8.4749663056666851e+00   5.9644473641391871e+00   4.0000000000000000e+00
   1.4962014304191307e-01   3.8474818915647102e+00   4.0000000000000000e+00
   6.7637691464409997e+00   6.3303477756087867e+00   4.0000000000000000e+00
   5.9726082254713422e+00   7.8473342019031449e+00   4.0000000000000000e+00
   8.1130116488597732e+00   6.3239511166580584e+00   4.0000000000000000e+00
   8.2598229581029674e+00   5.8634731974972691e+00   4.0000000000000000e+00
   2.5588693870292731e+00   3.4662190800559758e+00   4.0000000000000000e+00
   1.3236114614267658e+00   3.6351236167008150e+00   4.0000000000000000e+00
   5.5178882716664246e+00   8.6198629419577095e+00   4.0000000000000000e+00
   3.8613893899877971e+00   2.9652890728517303e+00   4.0000000000000000e+00
   3.1148984484359357e+00   1.9063980094249666e+00   4.0000000000000000e+00
   1.0652079746959575e+00   4.0144045755040771e+00   4.0000000000000000e+00
   4.3053558411880291e+00   1.8093281624746116e+00   4.0000000000000000e+00
   8.6086878527295490e+00   5.9589987523355790e+00   4.0000000000000000e+00
   5.7503044555995766e+00   8.1127217690955149e+00   4.0000000000000000e+00
   8.8365542194854338e+00   5.5734476994772573e+00   4.0000000000000000e+00
   3.3245633818365983e+00   3.5356512413776917e+00   4.0000000000000000e+00
   6.1728800791266032e+00   7.4874675231429100e+00   4.0000000000000000e+00
   4.0342685070767033e+00   3.0325860313482855e+00   4.0000000000000000e+00
   4.0331967805369953e+00   6.7665770277013371e-02   4.0000000000000000e+00
   6.0783477270524910e+00   8.0798669028457724e+00   4.0000000000000000e+00
   3.9503522438208929e+00   7.3612902936208591e-01   4.0000000000000000e+00
   5.6964414679325692e+00   7.5869440936043819e+00   4.0000000000000000e+00
   2.6485215847112462e+00   3.7138057896163779e+00   4.0000000000000000e+00
   7.9311109251869993e+00   6.4657207220014428e+00   4.0000000000000000e+00
   2.4934028116130591e+00   3.6065182996996992e+00   4.0000000000000000e+00
   1.8454190140716786e+00   3.9236948743361655e+00   4.0000000000000000e+00
   3.9057678630904267e+00   3.0651996863083886e+00   4.0000000000000000e+00
   4.5544678106628878e+00   1.0624526349670593e+00   4.0000000000000000e+00
   3.5813564795603616e+00   3.0520518034923674e+00   4.0000000000000000e+00
   8.6137057045934959e+00   6.3884707798130052e+00   4.0000000000000000e+00
   1.5341018485781388e+00   3.4226334466401287e+00   4.0000000000000000e+00
   6.0960574302343593e+00   7.0637543410573409e+00   4.0000000000000000e+00
   2.6538288398204601e+00   3.9952971436500362e+00   4.0000000000000000e+00
   6.2487339973853215e+00   9.1059283972554077e+00   4.0000000000000000e+00
   6.9682758042718893e+00   7.2535918595036710e+00   4.0000000000000000e+00
   3.7061588340832063e+00   1.2718271449760166e+00   4.0000000000000000e+00
   5.6478210576917824e+00   7.7580382612402428e+00   4.0000000000000000e+00
   2.6930254019232103e-01   4.1586019317441547e+00   4.0000000000000000e+00
   3.0021887733067345e+00   3.8774586115663636e+00   4.0000000000000000e+00
   7.4408934331485987e-01   4.5181230035726996e+00   4.0000000000000000e+00
   2.2396464940895058e+00   4.3401048396336090e+00   4.0000000000000000e+00
   2.0069259564021511e+00   3.2964357118065566e+00   4.0000000000000000e+00
   5.6999624996738065e+00   7.5543571073090288e+00   4.0000000000000000e+00
   7.5371631709271405e+00   6.9756371727485069e+00   4.0000000000000000e+00
   8.0143302305800042e+00   6.7215330560513014e+00   4.0000000000000000e+00
   3.8015726219619195e+00   8.8479276820121466e-01   4.0000000000000000e+00
   4.1948595032530376e+00   1.9096989828596167e+00   4.0000000000000000e+00
   1.9407742438241526e+00   3.7340443691183731e+00   4.0000000000000000e+00
   9.4337598463444614e+00   7.4918622668721095e+00   5.0000000000000000e+00
   8.8866982079378865e+00   8.1483319358710631e+00   5.0000000000000000e+00
   7.1363234118059147e+00   8.2174526110526891e+00   5.0000000000000000e+00
   9.0025949759863337e+00   7.7525641705565098e+00   5.0000000000000000e+00
   9.4194888801228345e+00   8.3744987443253258e+00   5.0000000000000000e+00
   8.1041206080709607e+00   9.8660900884205098e+00   5.0000000000000000e+00
   2.8341715771472509e+00   8.3126834065223587e-02   5.0000000000000000e+00
   5.9328983124103951e-02   2.9279939820572487e+00   5.0000000000000000e+00
   7.3746812537122786e-01   2.0738088677639341e+00   5.0000000000000000e+00
   9.5793150109174405e+00   7.8934317415542523e+00   5.0000000000000000e+00
   9.0504785986158165e+00   9.1876144009005163e+00   5.0000000000000000e+00
   1.1072991217072570e+00   2.8322219087008227e+00   5.0000000000000000e+00
   9.7309787532191034e+00   8.9656440961270558e+00   5.0000000000000000e+00
   2.0496057671622134e+00   5.5103667891153951e-01   5.0000000000000000e+00
   8.7090915419699932e+00   9.0143028982717350e+00   5.0000000000000000e+00
   3.3442735731731119e+00   6.5993699952470619e-01   5.0000000000000000e+00
   7.7636002008987015e-01   3.3644290507443486e+00   5.0000000000000000e+00
   1.2223413965991725e+00   1.3085920364378012e+00   5.0000000000000000e+00
   7.9155179980555079e+00   8.0853396658926187e+00   5.0000000000000000e+00
   1.3943074585029203e+00   2.7782222480560814e+00   5.0000000000000000e+00
   2.0916653296188881e+00   2.5441490176471868e+00   5.0000000000000000e+00
   2.4469240405419534e-01   9.2184689868010650e-01   5.0000000000000000e+00
   9.1332864788001622e-01   2.3114892898518322e+00   5.0000000000000000e+00
   6.6640686363793922e+00   9.8718278687104988e+00   5.0000000000000000e+00
   9.1231493625018594e+00   8.7120913204795052e+00   5.0000000000000000e+00
   9.2838460574202131e+00   7.4469920518477730e+00   5.0000000000000000e+00
   1.6262469971584892e+00   2.6591977794561283e+00   5.0000000000000000e+00
   8.8939907258132571e+00   7.3139084159292702e+00   5.0000000000000000e+00
   7.1011433058012843e+00   8.2861205064014669e+00   5.0000000000000000e+00
   9.6723180919067531e+00   7.1648791119903041e+00   5.0000000000000000e+00
   2.0376619164999452e+00   2.0048642572346087e+00   5.0000000000000000e+00
   9.2179610475931000e+00   9.1828604146781352e+00   5.0000000000000000e+00
   9.0794356675205421e+00   8.7815693433461366e+00   5.0000000000000000e+00
   2.2313300908457667e+00   3.8842121090657100e-01   5.0000000000000000e+00
   9.1692118196897212e+00   8.9994846751323507e+00   5.0000000000000000e+00
   8.7734965554757132e+00   6.6387632058622810e+00   5.0000000000000000e+00
   9.0431263270510645e+00   9.4656744534052866e+00   5.0000000000000000e+00
   3.3385936901687883e+00   6.7232074349968807e-02   5.0000000000000000e+00
   7.5714225551941516e-01   4.8150291373436627e-01   5.0000000000000000e+00
   8.0149784165778453e+00   8.3196176730301552e+00   5.0000000000000000e+00
   8.9408733983515862e+00   8.5156616410104924e+00   5.0000000000000000e+00
   8.9683793044754427e+00   7.5528856375960354e+00   5.0000000000000000e+00
   3.9135081113671033e-01   2.6844710440506967e+00   5.0000000000000000e+00
   8.3402972918928722e+00   9.9673618196392741e+00   5.0000000000000000e+00
   8.7045908709771025e-01   1.0394875580241303e+00   5.0000000000000000e+00
   2.9067058545172442e-02   2.9794669918658743e+00   5.0000000000000000e+00
   9.3580386724381164e+00   9.3838879731953604e+00   5.0000000000000000e+00
   8.9698267383118271e+00   7.2869710381595159e+00   5.0000000000000000e+00
   9.0425247051007371e+00   8.9676183231525428e+00   5.0000000000000000e+00
   2.7052684215013700e+00   2.1843504374106750e+00   5.0000000000000000e+00
   4.4165342043145150e-01   1.8807392753230612e+00   5.0000000000000000e+00
   7.7204226938370830e+00   8.7670172604631240e+00   5.0000000000000000e+00
   7.7402076263809789e+00   9.2243547252065223e+00   5.0000000000000000e+00
   8.7748433310394933e+00   7.3189373833429672e+00   5.0000000000000000e+00
   6.7402091398176189e+00   9.5763829796236557e+00   5.0000000000000000e+00
   2.1376184992925804e+00   1.8863261013072741e+00   5.0000000000000000e+00
   9.5519809487869587e+00   8.4430802485857708e+00   5.0000000000000000e+00
   2.2740622749741437e+00   9.1582016408675027e-01   5.0000000000000000e+00
   2.8987663856889148e+00   9.5407149604799901e-01   5.0000000000000000e+00
   2.0695754698910851e+00   1.1093142926163935e+00   5.0000000000000000e+00
   1.0662939774416280e+00   3.6671134293250973e-01   5.0000000000000000e+00
   9.6671134464404318e+00   7.0305547678051097e+00   5.0000000000000000e+00
   9.6001895504463182e+00   9.9901360736492233e+00   5.0000000000000000e+00
   6.4553887901800326e+00   9.8785995953197343e+00   5.0000000000000000e+00
   3.0319751051119814e+00   1.3257075623607395e+00   5.0000000000000000e+00
   2.3256108435260603e+00   2.5070228488254500e+00   5.0000000000000000e+00
   1.2208111754413997e+00   4.6035750369237349e-01   5.0000000000000000e+00
   2.6194714803179209e+00   5.9400402813547748e-01   5.0000000000000000e+00
   9.2331298235185617e+00   8.0037259295855705e+00   5.0000000000000000e+00
   2.1389192084495470e+00   2.1232573807866895e+00   5.0000000000000000e+00
   8.4353557533994170e+00   8.6183345956387409e+00   5.0000000000000000e+00
   9.8936075368439713e+00   6.6948114854599279e+00   5.0000000000000000e+00
   3.6798470884580325e+00   1.6122429387175896e-01   5.0000000000000000e+00
   2.8916672514484221e+00   1.5544474744108061e+00   5.0000000000000000e+00
   1.3110550290478773e+00   1.8631884294831391e+00   5.0000000000000000e+00
   9.0884038159089755e+00   7.1840376646819983e+00   5.0000000000000000e+00
   8.4994275465688069e+00   8.0757288085544499e+00   5.0000000000000000e+00
   7.8264621206526908e+00   9.2822878378309799e+00   5.0000000000000000e+00
   9.8327373758287742e+00   6.6895950923905527e+00   5.0000000000000000e+00
   6.8976522729131364e+00   8.5804785775918724e+00   5.0000000000000000e+00
   8.3569610733358619e+00   8.9777886989707465e+00   5.0000000000000000e+00
   1.3892503856250904e+00   5.8493390452291072e-02   5.0000000000000000e+00
   1.6086470597238400e+00   1.2494123089741871e+00   5.0000000000000000e+00
   9.0615653025563496e+00   8.6709693191761694e+00   5.0000000000000000e+00
   8.7250613158781132e+00   8.7235628588950238e+00   5.0000000000000000e+00
   1.2926964405683039e+00   2.8291662393353056e+00   5.0000000000000000e+00
   7.5403687356649254e+00   9.1568999342530493e+00   5.0000000000000000e+00
   9.0457605212746657e+00   9.0748671587067715e+00   5.0000000000000000e+00
   7.4377770839152699e+00   9.8574530092785952e+00   5.0000000000000000e+00
   7.6864068593956256e+00   7.8419757773273489e+00   5.0000000000000000e+00
   2.2589948271182534e+00   1.3692040346937395e+00   5.0000000000000000e+00
   1.1802787650803037e+00   2.8519332506313022e+00   5.0000000000000000e+00
   9.5225173314483182e+00   6.3610441935111774e+00   5.0000000000000000e+00
   8.2278865194843505e+00   9.5222998728502830e+00   5.0000000000000000e+00
   2.9491883553313003e+00   2.0691086013211537e+00   5.0000000000000000e+00
   6.8138924066193187e+00   9.4816264609405039e+00   5.0000000000000000e+00
   7.9515544879891813e+00   8.4331173313458887e+00   5.0000000000000000e+00
   8.2653936593865929e+00   9.4548340231800516e+00   5.0000000000000000e+00
   9.2674260779083486e+00   8.3940603850532511e+00   5.0000000000000000e+00
   8.8061932251658419e+00   9.4603304506399120e+00   5.0000000000000000e+00
   8.8879094914508485e+00   6.5681943122706361e+00   5.0000000000000000e+00
   8.7359661964990618e+00   7.0274889583239597e+00   5.0000000000000000e+00
   2.3816445999990488e+00   1.4826078155410449e+00   5.0000000000000000e+00
   1.5226943300453510e+00   2.5411534697270453e+00   5.0000000000000000e+00
   8.5711869789219080e+00   9.7101795516190457e+00   5.0000000000000000e+00
   1.7896899181943771e+00   3.0956931292973944e-01   5.0000000000000000e+00
   1.8103203298370174e+00   2.0815838392448107e+00   5.0000000000000000e+00
   9.8166077262086109e+00   7.6211976245181177e+00   5.0000000000000000e+00
   5.6256705355870129e-01   2.9217514713155879e+00   5.0000000000000000e+00
   1.3176544961043934e+00   2.3578624783244551e+00   5.0000000000000000e+00
   2.8269469012106208e+00   5.3788542013709972e-01   5.0000000000000000e+00
   8.1396758508876328e+00   8.2137888375573880e+00   5.0000000000000000e+00
   7.4843965233562271e+00   9.9480126554916062e+00   5.0000000000000000e+00
   4.7992115030282889e-01   2.9788913282072746e+00   5.0000000000000000e+00
   2.2837171229781528e+00   1.6945125304856912e+00   5.0000000000000000e+00
   1.6084295499027923e+00   6.1343465817690346e-02   5.0000000000000000e+00
   6.5293948390451115e+00   9.1283871954147191e+00   5.0000000000000000e+00
   7.4238318806194137e+00   9.8385500392885490e+00   5.0000000000000000e+00
   7.2305082393901197e+00   9.0015230636468999e+00   5.0000000000000000e+00
   8.4299930374086003e+00   7.0817680831784688e+00   5.0000000000000000e+00
   7.7118878725687505e+00   9.8996868013714749e+00   5.0000000000000000e+00
   3.0032522308883838e+00   1.4424479168987259e+00   5.0000000000000000e+00
   9.6015664524339179e+00   8.1193576157425813e+00   5.0000000000000000e+00
   2.9166084983522200e+00   1.1066516776204927e+00   5.0000000000000000e+00
   7.3798570665837726e-01   2.1691579140971173e+00   5.0000000000000000e+00
   6.6859440000195383e+00   8.9199078790267023e+00   5.0000000000000000e+00
   7.4961138675193828e-01   2.4133492180442726e+00   5.0000000000000000e+00
   8.9590008103483481e+00   6.7925167987771147e+00   5.0000000000000000e+00
   6.5567763267128543e-01   1.5383131349788415e+00   5.0000000000000000e+00
   1.6114946962941223e+00   6.2494350689886180e-01   5.0000000000000000e+00
   1.3754297753777900e-01   2.0010233147783616e+00   5.0000000000000000e+00
   7.5094082152167498e+00   9.4857694732960436e+00   5.0000000000000000e+00
   1.9826862578516768e+00   5.9611083269272003e-01   5.0000000000000000e+00
   8.9752246415648496e-01   1.7308800416759684e+00   5.0000000000000000e+00
   8.2969251187730446e+00   8.9836206664430378e+00   5.0000000000000000e+00
   1.0807323807892322e+00   8.3777040290375804e-01   5.0000000000000000e+00
   7.9388561134026925e-01   2.0518277360780757e+00   5.0000000000000000e+00
   3.5067293057417182e+00   1.5950506828294797e-01   5.0000000000000000e+00
   3.4296484630140345e+00   6.6109772035123471e-01   5.0000000000000000e+00
   8.7373434434891912e+00   8.5241521576621953e+00   5.0000000000000000e+00
   7.1475451302948203e+00   8.3274922152018540e+00   5.0000000000000000e+00
   2.0407063340626461e+00   2.7222685715019779e+00   5.0000000000000000e+00
   7.7697784581951783e+00   8.1128315575121164e+00   5.0000000000000000e+00
   9.5903704239236180e+00   8.1170643682933381e+00   5.0000000000000000e+00
   7.2732489616391902e+00   9.6620131581092767e+00   5.0000000000000000e+00
   2.5123913240096862e+00   2.1261412859062343e+00   5.0000000000000000e+00
   3.0199207782927671e+00   9.7216057047850857e-01   5.0000000000000000e+00
   9.9060094575241404e+00   6.9269430455046983e+00   5.0000000000000000e+00
   1.9027229023137704e+00   8.8324923726098237e-01   5.0000000000000000e+00
   7.1220924612518832e+00   8.7581658112151786e+00   5.0000000000000000e+00
   9.0773753467847449e+00   9.3011004578727334e+00   5.0000000000000000e+00
   1.5767385280969648e+00   5.1197879920987899e-01   5.0000000000000000e+00
   9.9247525166390211e+00   8.3827681252522090e+00   5.0000000000000000e+00
   6.8738743607181805e+00   9.0824138005364290e+00   5.0000000000000000e+00
   3.2557607411233800e+00   1.4077349905187475e+00   5.0000000000000000e+00
   5.5490238714120732e-01   3.1651037603687202e+00   5.0000000000000000e+00
   4.9515104262003007e-01   8.9265410782204513e-01   5.0000000000000000e+00
   1.7480839365150824e+00   1.7315129698416731e+00   5.0000000000000000e+00
   9.1264477018768044e+00   7.1586045243837955e+00   5.0000000000000000e+00
   1.2009966291461627e+00   2.5253366247288889e+00   5.0000000000000000e+00
   1.1869822321580459e+00   3.1359854108990781e-01   5.0000000000000000e+00
   1.6980194106322677e+00   2.2990665498075389e+00   5.0000000000000000e+00
   9.7896779619687013e-01   2.7720156588689004e+00   5.0000000000000000e+00
   8.0915951883711479e+00   8.7044610236718682e+00   5.0000000000000000e+00
   1.6695249826373249e+00   2.5850834142653403e+00   5.0000000000000000e+00
   9.3269361450160577e+00   8.8185020372979857e+00   5.0000000000000000e+00
   6.6769866084654019e+00   9.9197556045283388e+00   5.0000000000000000e+00
   1.3047065025080629e+00   1.2417562669450211e+00   5.0000000000000000e+00
   2.2602451714366789e+00   4.7512206486440833e-02   5.0000000000000000e+00
   2.2164153373201891e+00   5.2086128009178112e-01   5.0000000000000000e+00
   8.2473636379995074e+00   8.2044949767429323e+00   5.0000000000000000e+00
   6.5751693014008405e-01   3.3224826451024168e+00   5.0000000000000000e+00
   7.3902556787328146e+00   7.8219725018429216e+00   5.0000000000000000e+00
   2.5634531899672797e-01   3.4082617370280910e+00   5.0000000000000000e+00
   8.5251095313901732e+00   9.0494938136580476e+00   5.0000000000000000e+00
   2.1890314346793236e+00   1.9252563707346626e-01   5.0000000000000000e+00
   9.8142585559174247e+00   8.3725694368494867e+00   5.0000000000000000e+00
   1.3339998817928589e+00   5.7524638513961945e-01   5.0000000000000000e+00
   9.6501154856599527e+00   7.9223711359025710e+00   5.0000000000000000e+00
   1.6361619636439673e-01   1.8592342371374659e+00   5.0000000000000000e+00
   9.9270300463580750e+00   7.2399326095440921e+00   5.0000000000000000e+00
   7.6337366528890538e+00   7.6703610044498447e+00   5.0000000000000000e+00
   8.4998384944036154e+00   9.1230366624630079e+00   5.0000000000000000e+00
   9.4830461110098199e+00   8.8537194284974543e+00   5.0000000000000000e+00
   8.4139064803013053e+00   6.9471373751177703e+00   5.0000000000000000e+00
   1.9365491687359404e+00   1.3710084121195243e+00   5.0000000000000000e+00
   9.8737482888495016e+00   9.9810098332702850e+00   5.0000000000000000e+00
   1.6133180886696985e+00   2.4018539971732897e+00   5.0000000000000000e+00
   6.8371056981227065e+00   8.9629891434747471e+00   5.0000000000000000e+00
   9.8399257931387432e+00   6.2687560789641008e+00   5.0000000000000000e+00
   1.4729324771360830e+00   1.7918040776737643e-01   5.0000000000000000e+00
   8.2781728433317809e+00   8.5884710953593686e+00   5.0000000000000000e+00
   9.9512910665607208e+00   9.0081643501169228e+00   5.0000000000000000e+00
   7.5638642748175826e+00   8.3121802329172088e+00   5.0000000000000000e+00
   9.7311987888724225e+00   7.4121294750998103e+00   5.0000000000000000e+00
   8.2914567311087928e-01   3.0779927310136768e+00   5.0000000000000000e+00
   7.3029246652959419e+00   8.9486488661079182e+00   5.0000000000000000e+00
   2.3378068440167543e+00   2.1039899796207640e+00   5.0000000000000000e+00
   6.6941382177203801e-01   1.8314790895235755e+00   5.0000000000000000e+00
   7.1371814998616445e-01   1.4221416804382214e+00   5.0000000000000000e+00
   1.9419884452772773e+00   2.7156522833985255e+00   5.0000000000000000e+00
   8.7985439779451085e+00   6.9137968435783108e+00   5.0000000000000000e+00
   3.2355888346378392e+00   7.7875323274488983e-01   5.0000000000000000e+00
   2.3629985046186297e-02   1.8768739961598757e+00   5.0000000000000000e+00
   4.5309791730397508e-01   3.2371404630279099e+00   5.0000000000000000e+00
   8.3761949908556712e+00   9.2552981935133278e+00   5.0000000000000000e+00
   7.9837474784268805e+00   9.9172714316322157e+00   5.0000000000000000e+00
   8.5331671449502036e+00   7.3103782909610207e+00   5.0000000000000000e+00
   6.9635639462320187e+00   9.0332771226494248e+00   5.0000000000000000e+00
   7.1845554924076573e+00   8.1506568462629243e+00   5.0000000000000000e+00
   6.6006039395066054e+00   9.4961348061194286e+00   5.0000000000000000e+00
