   7.6402383296151140e+00   2.2106817149201605e+00   1.0000000000000000e+00
   9.3486107433188304e-02   8.5344676868459004e+00   1.0000000000000000e+00
   1.9242816952028063e+00   8.2403820177861213e+00   1.0000000000000000e+00
   8.0561285809619516e+00   2.3861161047072068e+00   1.0000000000000000e+00
   3.1408208609758246e+00   9.7960127841242670e+00   1.0000000000000000e+00
   9.9263713840587293e+00   1.6333583120799111e+00   1.0000000000000000e+00
   9.1892825290605327e+00   1.1876483452331721e-01   1.0000000000000000e+00
   1.2216873374629833e+00   7.3729354108411096e+00   1.0000000000000000e+00
   8.8871714661047498e+00   3.3770471807351230e+00   1.0000000000000000e+00
   2.5627356615302443e+00   7.7233970095161624e+00   1.0000000000000000e+00
   7.3655753480728405e+00   2.8886429969491201e-01   1.0000000000000000e+00
   9.0587610832370160e+00   2.6947103612207868e-01   1.0000000000000000e+00
   2.9962277679567273e+00   8.7425188749833094e+00   1.0000000000000000e+00
   1.9902997436932579e-01   6.7154161170123032e+00   1.0000000000000000e+00
   3.5040648631612994e+00   9.8947848130341196e+00   1.0000000000000000e+00
   1.1325388949792936e+00   9.8022823147049110e+00   1.0000000000000000e+00
   1.7218758415533186e+00   9.3481840774397149e+00   1.0000000000000000e+00
   2.3825302135618953e+00   9.8810336496187148e+00   1.0000000000000000e+00
   9.6078790222421180e+00   2.9551043761014961e+00   1.0000000000000000e+00
   8.9576095295133911e+00   1.6485858195525327e+00   1.0000000000000000e+00
   7.2631062614136130e+00   3.8480785360259229e-01   1.0000000000000000e+00
   8.6690413744765227e+00   6.7977526431108215e-01   1.0000000000000000e+00
   2.9916033880843615e+00   8.2198046555859996e+00   1.0000000000000000e+00
   3.0766264915993391e+00   8.7239507391566349e+00   1.0000000000000000e+00
   1.1902663610467212e-01   8.3834854428063501e+00   1.0000000000000000e+00
   7.1840135991557954e+00   5.1132591552956241e-01   1.0000000000000000e+00
   8.6213672625996534e+00   3.1106067766869936e+00   1.0000000000000000e+00
   5.7749994588978559e-01   7.1129689149155615e+00   1.0000000000000000e+00
   7.7437740973516291e+00   5.3581789652857537e-01   1.0000000000000000e+00
   6.9160499092032008e+00   1.8288794786795604e+00   1.0000000000000000e+00
   8.3686022268847680e+00   1.9602115836999146e+00   1.0000000000000000e+00
   1.2696630876468296e+00   8.8575900111465327e+00   1.0000000000000000e+00
   8.7837147703127059e+00   2.1382674563232360e+00   1.0000000000000000e+00
   2.1107714316852402e+00   9.2359913180792468e+00   1.0000000000000000e+00
   9.9393248702739641e+00   1.8081035384578859e+00   1.0000000000000000e+00
   3.8965076155758060e-02   6.5803800459599406e+00   1.0000000000000000e+00
   1.3631626690002163e+00   9.1449063714320449e+00   1.0000000000000000e+00
   4.0417946415903239e-01   6.6060529123040235e+00   1.0000000000000000e+00
   1.3332530908982587e+00   9.7809287785520436e+00   1.0000000000000000e+00
   5.4579367791631306e-01   7.8259196607498929e+00   1.0000000000000000e+00
   8.0130051329867324e+00   2.6897875943075302e+00   1.0000000000000000e+00
   8.4742192869661572e+00   2.2656669619809167e+00   1.0000000000000000e+00
   9.4604905117149656e+00   1.2592889724056977e+00   1.0000000000000000e+00
   2.4744669366871919e-01   7.6402520380682475e+00   1.0000000000000000e+00
   9.8601198778999564e+00   3.5866491644119392e+00   1.0000000000000000e+00
   3.4559427969092980e+00   9.5228862634972806e+00   1.0000000000000000e+00
   1.1848225274171165e+00   8.7609953767402082e+00   1.0000000000000000e+00
   7.4106330804037057e+00   2.2001537577783292e+00   1.0000000000000000e+00
   8.2322856613132185e+00   2.1366972124213479e+00   1.0000000000000000e+00
   2.1408503761050635e+00   7.6832755981004386e+00   1.0000000000000000e+00
   9.6566483482292469e+00   3.1335910983706206e+00   1.0000000000000000e+00
   6.6682587908475233e+00   4.9940080227921735e-01   1.0000000000000000e+00
   9.3602832027797138e+00   8.0886070434960100e-03   1.0000000000000000e+00
   7.4347781672183579e+00   1.5109461935290369e+00   1.0000000000000000e+00
   6.8532938681556992e+00   1.6774448668108022e+00   1.0000000000000000e+00
   3.3698912445773166e-01   9.6209813740825805e+00   1.0000000000000000e+00
   8.6335063373724470e+00   3.1962303348828813e+00   1.0000000000000000e+00
   1.2466522978433370e+00   7.7209270219506205e+00   1.0000000000000000e+00
   7.3137813230266593e+00   2.3228907866084669e+00   1.0000000000000000e+00
   6.5999867686106315e+00   5.5675791483622561e-02   1.0000000000000000e+00
   3.1174111468029730e-02   8.8708192389710465e+00   1.0000000000000000e+00
   8.5109874096064408e-01   8.0057548659834605e+00   1.0000000000000000e+00
   3.2006300583610869e+00   9.1362867860173935e+00   1.0000000000000000e+00
   8.0861487574415527e+00   2.4766443254069506e+00   1.0000000000000000e+00
   8.6383687102450377e+00   1.0118811414876239e+00   1.0000000000000000e+00
   9.8210620033382785e+00   3.5981814067440165e-01   1.0000000000000000e+00
   8.7107810096353653e+00   1.2015726900612123e+00   1.0000000000000000e+00
   9.5296390274632774e+00   2.9301423138810767e+00   1.0000000000000000e+00
   7.1971302539112436e+00   3.7353049762312018e-01   1.0000000000000000e+00
   7.3058514409800290e+00   1.5197426842818385e+00   1.0000000000000000e+00
   2.0351778515580108e+00   7.8974100141377725e+00   1.0000000000000000e+00
   6.8273663368469384e+00   5.3554863486072746e-02   1.0000000000000000e+00
   1.6987022162321452e+00   9.5036558948590812e+00   1.0000000000000000e+00
   6.7726681191076499e-01   7.3443157969989397e+00   1.0000000000000000e+00
   1.2643235971682198e+00   6.6533952333064805e+00   1.0000000000000000e+00
   4.1630761811944583e-01   6.8362024673824164e+00   1.0000000000000000e+00
   8.7856529303612803e+00   1.2179648170685164e+00   1.0000000000000000e+00
   3.1928949824829465e+00   9.4400931751962744e+00   1.0000000000000000e+00
   1.5932995429114316e+00   8.4760839738520453e+00   1.0000000000000000e+00
   1.4894924920951413e+00   9.4949700710908083e+00   1.0000000000000000e+00
   1.4389501775078806e-01   7.3840654866485433e+00   1.0000000000000000e+00
   2.2182654871158669e-01   7.0778021920812408e+00   1.0000000000000000e+00
   3.3840540929711738e+00   9.5931403923379293e+00   1.0000000000000000e+00
   7.9997973173185937e+00   2.0676948982995969e+00   1.0000000000000000e+00
   1.8302665388430950e-01   7.8455456121388369e+00   1.0000000000000000e+00
   8.5531421297036836e+00   2.8293362946611000e+00   1.0000000000000000e+00
   7.6625936172451690e+00   2.0261055966830641e+00   1.0000000000000000e+00
   9.1273397704512060e+00   1.7975678744309287e+00   1.0000000000000000e+00
   6.7576104566959847e+00   1.5980786136272951e+00   1.0000000000000000e+00
   1.0823179819329609e+00   7.4567106612385263e+00   1.0000000000000000e+00
   1.1861367736921036e+00   8.2660821288874242e+00   1.0000000000000000e+00
   7.3112248729176690e+00   1.5058318468644927e+00   1.0000000000000000e+00
   8.4668144436629955e-01   6.7185410078832248e+00   1.0000000000000000e+00
   9.2016172325961563e+00   2.6214275186692406e+00   1.0000000000000000e+00
   9.6238800483166926e+00   3.0969221798337196e+00   1.0000000000000000e+00
   9.6711468495263020e+00   2.7544735646137628e+00   1.0000000000000000e+00
   1.7661071703607389e+00   7.2564858871565043e+00   1.0000000000000000e+00
   8.2025600270757302e+00   3.2471007165100763e-01   1.0000000000000000e+00
   8.0664714027828062e+00   2.4734444091330410e+00   1.0000000000000000e+00
   1.6148461903980904e+00   7.9608659193519316e+00   1.0000000000000000e+00
   9.2533775363545456e-01   8.1854735065248843e+00   1.0000000000000000e+00
   2.0891077432516427e+00   8.9782467324222477e+00   1.0000000000000000e+00
   9.2541285086773097e+00   1.0011516349439487e+00   1.0000000000000000e+00
   7.8939229646152134e+00   1.0800245141707465e+00   1.0000000000000000e+00
   6.9208373968629031e+00   8.2406847151943463e-01   1.0000000000000000e+00
   3.2443160293739171e-02   6.2401176426775917e+00   1.0000000000000000e+00
   8.7858062756242692e+00   5.9017209918962865e-01   1.0000000000000000e+00
   7.4355843307589717e+00   2.0898916028644301e+00   1.0000000000000000e+00
   8.3518489559127591e+00   2.4982155256690897e-01   1.0000000000000000e+00
   7.9807249681298451e+00   1.3179159283799058e+00   1.0000000000000000e+00
   7.6583477730456000e+00   9.3244586400398344e-01   1.0000000000000000e+00
   7.7504873184200074e-01   8.4031206475071372e+00   1.0000000000000000e+00
   7.7693980955444317e+00   2.3973433954423831e+00   1.0000000000000000e+00
   9.5290722209698551e+00   3.3337999103956841e+00   1.0000000000000000e+00
   2.4006073834237949e+00   7.7288271699644193e+00   1.0000000000000000e+00
   1.1763419336273118e+00   8.3728806665997073e+00   1.0000000000000000e+00
   1.4779470831205266e+00   8.0684365544269845e+00   1.0000000000000000e+00
   5.0872025487444628e-01   8.5094572957579047e+00   1.0000000000000000e+00
   6.8068833814649512e+00   1.0191856043929315e+00   1.0000000000000000e+00
   7.8929964656665463e-02   7.1134700414032279e+00   1.0000000000000000e+00
   9.8730079747291697e+00   2.1585145514219017e+00   1.0000000000000000e+00
   8.5194687955381347e+00   1.1356344142583241e+00   1.0000000000000000e+00
   2.5450648232719120e+00   9.1132529240759581e+00   1.0000000000000000e+00
   7.2740680733725753e+00   1.4389404361185942e+00   1.0000000000000000e+00
   9.5576777232686112e+00   1.8543622036914575e+00   1.0000000000000000e+00
   3.0428007154237156e+00   9.6881994452251980e+00   1.0000000000000000e+00
   6.1479226489481342e-01   6.5282442454251832e+00   1.0000000000000000e+00
   1.9190308908726572e+00   9.2340613958186974e+00   1.0000000000000000e+00
   8.9628734502413234e+00   1.4405166966796501e+00   1.0000000000000000e+00
   7.5231750476320443e+00   2.4435122450504112e+00   1.0000000000000000e+00
   3.2164636639985145e-01   8.7465982636410740e+00   1.0000000000000000e+00
   9.3505838927657408e+00   3.4581421722025105e+00   1.0000000000000000e+00
   9.8370792744277291e-01   7.6748908672620351e+00   1.0000000000000000e+00
   2.9714108574638463e+00   9.8949646779047171e+00   1.0000000000000000e+00
   9.8705644214021646e+00   2.6748867964194423e+00   1.0000000000000000e+00
   1.1269691736507492e-01   6.5357048608049384e+00   1.0000000000000000e+00
   1.6934801052053150e+00   9.1366601569109882e+00   1.0000000000000000e+00
   9.4393990601055791e+00   1.2302597733509479e+00   1.0000000000000000e+00
   8.7110003181007905e+00   1.6009232898300541e+00   1.0000000000000000e+00
   2.4292324030800447e+00   8.0605561043533509e+00   1.0000000000000000e+00
   7.4028164281270818e+00   2.4899837972819503e+00   1.0000000000000000e+00
   6.6314696368452477e+00   4.7964695558045611e-01   1.0000000000000000e+00
   3.1235821779920316e+00   8.3097360084020941e+00   1.0000000000000000e+00
   1.4459759333964639e+00   7.5793662065749468e+00   1.0000000000000000e+00
   8.9930186385035427e+00   1.8767199709618609e+00   1.0000000000000000e+00
   8.3062215909486188e+00   3.1250710574408256e+00   1.0000000000000000e+00
   1.1473487616850941e+00   9.3442840515121919e+00   1.0000000000000000e+00
   9.1142747851812977e+00   3.0003913509721092e-01   1.0000000000000000e+00
   1.0171645199524493e+00   8.0094001938077781e+00   1.0000000000000000e+00
   9.8788837593442604e+00   3.1047876509823236e+00   1.0000000000000000e+00
   6.0367057310272809e-01   7.6249498037439256e+00   1.0000000000000000e+00
   7.0398047938899366e-01   9.2779137568884575e+00   1.0000000000000000e+00
   6.6936783708107690e+00   1.1291093297853405e+00   1.0000000000000000e+00
   9.1268007569970173e+00   1.3059448097493342e+00   1.0000000000000000e+00
   9.3716928832805273e+00   1.2650072600139628e+00   1.0000000000000000e+00
   8.9251409609168793e+00   4.8799728944396104e-01   1.0000000000000000e+00
   1.2075197583415698e+00   7.1910666663851845e+00   1.0000000000000000e+00
   9.9774725245215983e+00   2.4149662815229709e+00   1.0000000000000000e+00
   6.8862272124702635e+00   9.5872916674811903e-01   1.0000000000000000e+00
   8.8309076247199503e+00   1.0300400501236273e+00   1.0000000000000000e+00
   7.3752220824526677e+00   3.4209915145794856e-01   1.0000000000000000e+00
   2.2029945796029904e-01   7.8860009413576959e+00   1.0000000000000000e+00
   1.8979817142684074e+00   8.7611457210010926e+00   1.0000000000000000e+00
   2.0412694118567876e+00   8.0895664745803781e+00   1.0000000000000000e+00
   8.1950035314952689e+00   2.4346232883497168e+00   1.0000000000000000e+00
   3.3873933032372228e+00   9.2477145535735374e+00   1.0000000000000000e+00
   7.6514402392661207e+00   2.1643710476387481e+00   1.0000000000000000e+00
   1.2420813731273572e+00   9.8834099709304937e+00   1.0000000000000000e+00
   1.7585886419056229e+00   8.7023755091893857e+00   1.0000000000000000e+00
   7.8753445741503194e+00   1.2895775092693551e+00   1.0000000000000000e+00
   1.8811780116014565e+00   8.4506064416058937e+00   1.0000000000000000e+00
   9.4275256886427847e+00   3.6076243751382933e+00   1.0000000000000000e+00
   7.9331151273583558e+00   1.5100931589826150e+00   1.0000000000000000e+00
   7.1245559457018519e+00   1.5279568524485321e+00   1.0000000000000000e+00
   6.8284033687733237e+00   1.3881478349708998e+00   1.0000000000000000e+00
   2.8484054448245342e+00   9.3305376525672834e+00   1.0000000000000000e+00
   8.1068041435849789e+00   8.5242232946924790e-01   1.0000000000000000e+00
   3.0067601994112647e+00   9.8589572751485601e+00   1.0000000000000000e+00
   9.5300838266340619e+00   1.2111430969106252e+00   1.0000000000000000e+00
   1.0079411755074885e+00   7.7939600240628657e+00   1.0000000000000000e+00
   1.2978948973903670e+00   8.3036869334513561e+00   1.0000000000000000e+00
   9.0811658119468177e+00   2.5204090375277155e-01   1.0000000000000000e+00
   8.9447021454849960e+00   1.5910382935975353e-01   1.0000000000000000e+00
   9.8390487006145708e+00   2.7135715484894529e+00   1.0000000000000000e+00
   3.7606125380568178e-01   6.5284070463482138e+00   1.0000000000000000e+00
   3.5699081073565564e+00   9.9863925758865353e+00   1.0000000000000000e+00
   2.4900954614724711e+00   9.5162160865118022e+00   1.0000000000000000e+00
   8.5233115844737242e+00   1.1555510562079152e+00   1.0000000000000000e+00
   5.4834437002744707e-01   9.5434198534990244e+00   1.0000000000000000e+00
   7.9110575084089021e+00   1.3283156658719231e+00   1.0000000000000000e+00
   7.7404728760120172e+00   2.4989343802296036e+00   1.0000000000000000e+00
   9.9677171107682465e+00   4.1506876278242344e-01   1.0000000000000000e+00
   2.1175057321050952e+00   8.2476380940277831e+00   1.0000000000000000e+00
   8.1240850375104721e+00   2.0293988595683334e+00   1.0000000000000000e+00
   9.9830884507226418e+00   3.8034973967224728e+00   1.0000000000000000e+00
   5.6208789409778803e-01   7.5429608071093268e+00   1.0000000000000000e+00
   9.5998683322448706e+00   1.2874138207099972e+00   1.0000000000000000e+00
   2.0953428284532327e+00   8.6163626737560701e+00   1.0000000000000000e+00
   5.6570004502858651e-01   7.9590907373842459e+00   1.0000000000000000e+00
   9.7957034331846291e+00   3.5855106563848613e+00   1.0000000000000000e+00
   1.9657379075416315e-01   8.0570883001038389e+00   1.0000000000000000e+00
   9.9803591212301459e+00   1.4426465798074228e+00   1.0000000000000000e+00
   1.4460640721176587e+00   9.2819116913864814e+00   1.0000000000000000e+00
   9.6052922665875933e+00   2.5686818470458475e+00   1.0000000000000000e+00
   5.9565135900529391e+00   2.3838401785135819e+00   2.0000000000000000e+00
   3.5456127169908669e+00   5.7371466444038566e+00   2.0000000000000000e+00
   9.0448579728279235e+00   4.5592045888447466e+00   2.0000000000000000e+00
   7.3420304131473451e+00   4.5115051306859302e+00   2.0000000000000000e+00
   5.5226925617828160e+00   3.0895042148309027e+00   2.0000000000000000e+00
   6.0996934322015122e+00   2.4744170194109971e+00   2.0000000000000000e+00
   9.7684204943931547e+00   4.1049159557833379e+00   2.0000000000000000e+00
   3.7586044907066984e+00   8.9761664908857846e+00   2.0000000000000000e+00
   3.6555730028200850e+00   9.1790667403797066e+00   2.0000000000000000e+00
   6.8083316026967236e+00   3.9428277496588104e+00   2.0000000000000000e+00
   6.2342902030836802e+00   3.0513063498501927e+00   2.0000000000000000e+00
   8.0265502718551200e+00   3.0416504594645777e+00   2.0000000000000000e+00
   6.6107283490788102e+00   1.8817039051855344e+00   2.0000000000000000e+00
   3.3096860022846619e+00   6.4803045648398516e+00   2.0000000000000000e+00
   6.7024891231957273e+00   2.8954133047877795e+00   2.0000000000000000e+00
   4.0246998775801437e+00   6.9075504055705910e+00   2.0000000000000000e+00
   8.0783782015846803e+00   3.3381553597246194e+00   2.0000000000000000e+00
   4.6283407535422691e+00   7.7852654057559265e+00   2.0000000000000000e+00
   6.5058400315907017e+00   1.1539551463359821e+00   2.0000000000000000e+00
   1.0647948653155781e+00   5.4160801107733159e+00   2.0000000000000000e+00
   3.6519405715131823e+00   7.7495572465349616e+00   2.0000000000000000e+00
   3.5698406687130744e+00   7.3904382917098985e+00   2.0000000000000000e+00
   3.9260291808534067e+00   9.1414244626320063e+00   2.0000000000000000e+00
   6.5480011740841757e+00   1.2532076465639319e+00   2.0000000000000000e+00
   5.5130754577462788e+00   1.5517671073383166e+00   2.0000000000000000e+00
   2.8322469150738563e+00   6.7852095928616993e+00   2.0000000000000000e+00
   9.0174647348466159e+00   3.8989870351917988e+00   2.0000000000000000e+00
   4.3334181697421066e+00   7.4296613358824501e+00   2.0000000000000000e+00
   7.5995487814292204e+00   3.6262917473719614e+00   2.0000000000000000e+00
   6.6364917480504424e+00   2.5351750594584965e+00   2.0000000000000000e+00
   6.9279276071328821e+00   4.5223087397946493e+00   2.0000000000000000e+00
   4.1130623284643031e+00   8.9188403761645709e+00   2.0000000000000000e+00
   3.7726563114925602e+00   8.7825450586098395e+00   2.0000000000000000e+00
   2.5897367730249767e+00   5.6636605939063669e+00   2.0000000000000000e+00
   8.9272345359239580e+00   4.4535554369967301e+00   2.0000000000000000e+00
   5.4877452617174924e+00   1.5101255594503304e+00   2.0000000000000000e+00
   4.2035861948289446e+00   9.2496003985984636e+00   2.0000000000000000e+00
   2.3690007314045083e+00   7.1820654464351410e+00   2.0000000000000000e+00
   6.9483105457080097e+00   1.9813157666551584e+00   2.0000000000000000e+00
   8.3949334164317850e+00   4.1860715004330533e+00   2.0000000000000000e+00
   3.5987515439081887e+00   8.8117905878375637e+00   2.0000000000000000e+00
   7.2346240993597117e+00   4.5602619283951187e+00   2.0000000000000000e+00
   9.1953741676872429e+00   4.0545987300492214e+00   2.0000000000000000e+00
   4.0058142134600603e+00   6.8553766120123836e+00   2.0000000000000000e+00
   7.4859241296676116e+00   3.7606749462933053e+00   2.0000000000000000e+00
   5.5177389355070918e+00   1.6817989487614016e+00   2.0000000000000000e+00
   6.1622916504047591e+00   4.6219269533356311e-01   2.0000000000000000e+00
   6.7939448414086021e+00   4.0059704927306514e+00   2.0000000000000000e+00
   5.8958204187935550e+00   2.7511846956504584e+00   2.0000000000000000e+00
   2.4487595987519528e+00   5.7668007809093700e+00   2.0000000000000000e+00
   3.3684903450210912e+00   8.6436683206950509e+00   2.0000000000000000e+00
   6.6834198595857961e+00   2.8947367503196828e+00   2.0000000000000000e+00
   6.3889623109523779e+00   1.5815569093059878e+00   2.0000000000000000e+00
   7.8120903829211388e+00   3.3173078947791645e+00   2.0000000000000000e+00
   8.3548867406743721e+00   4.4892614333039607e+00   2.0000000000000000e+00
   3.0633351651360217e+00   7.6865179590545099e+00   2.0000000000000000e+00
   5.9733753231712647e+00   3.8965753621430235e+00   2.0000000000000000e+00
   1.6799546559963985e+00   6.5265267079664868e+00   2.0000000000000000e+00
   9.1328347493072162e+00   4.2823363755530162e+00   2.0000000000000000e+00
   5.9237784969366256e+00   1.5941019155748559e+00   2.0000000000000000e+00
   6.9637578933717137e+00   2.6498707520292264e+00   2.0000000000000000e+00
   2.8502965699814031e+00   7.2099057582767534e+00   2.0000000000000000e+00
   1.1599818555804753e+00   6.1655314221701785e+00   2.0000000000000000e+00
   4.1189016170953971e+00   7.2694875412470141e+00   2.0000000000000000e+00
   2.1478177255122697e+00   6.0412575226347851e+00   2.0000000000000000e+00
   6.2359994094311393e+00   5.2891484956801071e-01   2.0000000000000000e+00
   1.0832183043078492e+00   5.6257634624491049e+00   2.0000000000000000e+00
   4.7022113482191799e+00   9.2706942228334039e+00   2.0000000000000000e+00
   6.3904867674514021e+00   2.8926248180650918e+00   2.0000000000000000e+00
   9.9940711422351729e+00   4.0715284391857125e+00   2.0000000000000000e+00
   5.6477178107430879e+00   4.0545266683379988e-01   2.0000000000000000e+00
   4.5666438213245222e+00   9.7716188064287923e+00   2.0000000000000000e+00
   6.2940571193800086e+00   3.2157887745737233e+00   2.0000000000000000e+00
   4.0533002924889372e+00   8.1236967617612148e+00   2.0000000000000000e+00
   7.7706972584292657e+00   2.8850607272988449e+00   2.0000000000000000e+00
   7.1344572827349504e+00   2.9781049797531631e+00   2.0000000000000000e+00
   7.3012664283293347e+00   4.3560153417722036e+00   2.0000000000000000e+00
   8.7840556198893012e+00   3.7589099162027217e+00   2.0000000000000000e+00
   8.7193768314018261e-01   5.9980227292935995e+00   2.0000000000000000e+00
   6.2505085057950804e+00   1.2460169486527084e+00   2.0000000000000000e+00
   5.7701112416059956e+00   3.0865455393328500e+00   2.0000000000000000e+00
   3.5849840179687034e+00   6.4193598569579171e+00   2.0000000000000000e+00
   7.8007009734715105e+00   3.8111677308724143e+00   2.0000000000000000e+00
   7.2235152137319556e+00   4.1697593396935897e+00   2.0000000000000000e+00
   1.5301729937864994e+00   5.7040280240841215e+00   2.0000000000000000e+00
   4.0694657231114952e+00   9.4849825383200539e+00   2.0000000000000000e+00
   3.6280512712099453e+00   8.4771062213269008e+00   2.0000000000000000e+00
   8.5249600760395534e+00   3.4698478593247883e+00   2.0000000000000000e+00
   5.9230084492057378e+00   1.9663665460187008e+00   2.0000000000000000e+00
   5.8448351915060703e+00   4.3330527690996545e-01   2.0000000000000000e+00
   7.7953537563195869e+00   3.6529439450563284e+00   2.0000000000000000e+00
   4.4405944503639141e+00   8.0565527994743054e+00   2.0000000000000000e+00
   6.1164162976913481e+00   7.3961750339935906e-01   2.0000000000000000e+00
   4.3180156092304465e+00   8.4718035083724708e+00   2.0000000000000000e+00
   2.3708176267592265e+00   6.9026034909486400e+00   2.0000000000000000e+00
   7.6671943790444814e+00   3.4322107518633791e+00   2.0000000000000000e+00
   6.2603895035480637e+00   3.2863597454021209e+00   2.0000000000000000e+00
   5.2391072928179323e+00   2.9394499948785513e-01   2.0000000000000000e+00
   1.2637545365217828e+00   5.3217800840971208e+00   2.0000000000000000e+00
   6.3361437667729872e+00   3.6608020729808146e+00   2.0000000000000000e+00
   5.3276855048469729e+00   1.2727518025218842e+00   2.0000000000000000e+00
   3.7023487451021273e+00   9.2689629749334070e+00   2.0000000000000000e+00
   5.8741113751668763e+00   3.7359929818992912e+00   2.0000000000000000e+00
   6.6852869551164176e+00   1.4804837224960110e+00   2.0000000000000000e+00
   6.2575286453172954e+00   1.2425081519894854e+00   2.0000000000000000e+00
   4.4658341020908567e+00   8.5627540183885813e+00   2.0000000000000000e+00
   5.4909730167454143e+00   1.2412421164973753e+00   2.0000000000000000e+00
   1.7455415365074189e+00   6.4560045957317769e+00   2.0000000000000000e+00
   1.6395020445182096e+00   6.5978112364160877e+00   2.0000000000000000e+00
   6.4863454944006547e+00   4.1491315900041128e+00   2.0000000000000000e+00
   4.3341286770158591e+00   8.9460752913983601e+00   2.0000000000000000e+00
   4.5426025230699629e+00   9.5713985727429716e+00   2.0000000000000000e+00
   1.1809290530010708e+00   6.5232765150415801e+00   2.0000000000000000e+00
   8.9621257786858060e+00   4.2055320288307776e+00   2.0000000000000000e+00
   2.3832404635331148e+00   6.8718277532943448e+00   2.0000000000000000e+00
   7.9253528922242689e-01   6.1402209501677163e+00   2.0000000000000000e+00
   5.4354089370256409e+00   3.9856349346681808e-01   2.0000000000000000e+00
   7.0995110301018070e+00   4.3461988816730770e+00   2.0000000000000000e+00
   9.6331039897520014e+00   3.8031438413362761e+00   2.0000000000000000e+00
   6.0243726425442023e+00   5.9326271021377774e-01   2.0000000000000000e+00
   6.5106835342212479e+00   1.4574856825818272e+00   2.0000000000000000e+00
   4.0877699946817083e+00   7.7448879665195811e+00   2.0000000000000000e+00
   1.3866381455915211e+00   5.4034571426875662e+00   2.0000000000000000e+00
   5.5110170043869209e+00   5.2736555419261810e-01   2.0000000000000000e+00
   6.9034712621768657e+00   1.8571794417895782e+00   2.0000000000000000e+00
   1.6545832842403740e+00   5.2598172927884814e+00   2.0000000000000000e+00
   8.7529374086214577e+00   4.3270478538695798e+00   2.0000000000000000e+00
   9.2238259377844383e+00   4.0194594914077939e+00   2.0000000000000000e+00
   6.7419401372361252e+00   1.6484700289886656e+00   2.0000000000000000e+00
   3.9450898664323719e-01   5.7744216754260957e+00   2.0000000000000000e+00
   5.5438248696012042e+00   1.2798556049335508e+00   2.0000000000000000e+00
   7.3301041916229774e+00   3.4880776045026129e+00   2.0000000000000000e+00
   3.4053165840458268e+00   7.9542057590213746e+00   2.0000000000000000e+00
   6.4751425008388956e+00   2.2689002947178194e+00   2.0000000000000000e+00
   7.2198021654453637e+00   3.1395814702646687e+00   2.0000000000000000e+00
   5.4567903511752593e+00   3.5198356517438190e-01   2.0000000000000000e+00
   7.2638981868317076e+00   4.1599230005897239e+00   2.0000000000000000e+00
   3.0574504688370330e+00   6.6985745396663710e+00   2.0000000000000000e+00
   6.0255632382920261e+00   6.1340490136897130e-01   2.0000000000000000e+00
   3.3592789497087971e+00   8.6252928786664356e+00   2.0000000000000000e+00
   6.3795076797890964e+00   2.8566092062216377e+00   2.0000000000000000e+00
   1.6851936645279331e+00   5.4555662432510239e+00   2.0000000000000000e+00
   4.5148392043848506e+00   7.2037280608395990e+00   2.0000000000000000e+00
   6.5617366230261176e+00   3.2307414147919058e+00   2.0000000000000000e+00
   9.5697714034320249e+00   4.3881716584265495e+00   2.0000000000000000e+00
   8.8685458907867858e+00   4.6291126382128684e+00   2.0000000000000000e+00
   4.5156363748210886e+00   8.6961104292693889e+00   2.0000000000000000e+00
   7.0867993028459839e+00   3.7623701286065412e+00   2.0000000000000000e+00
   1.0152309069776122e+00   5.7089538474946897e+00   2.0000000000000000e+00
   7.1599362918261189e+00   4.1541023681993146e+00   2.0000000000000000e+00
   6.6389910405422192e-02   6.0166737532497194e+00   2.0000000000000000e+00
   6.8582065592424080e+00   4.2222994310395130e+00   2.0000000000000000e+00
   5.2898978457694898e+00   2.6634839575359059e-01   2.0000000000000000e+00
   8.0885245816851388e+00   3.4616102555745929e+00   2.0000000000000000e+00
   3.5365412553724731e+00   6.9675973615256401e+00   2.0000000000000000e+00
   6.1516832366104168e+00   3.5387387096252465e+00   2.0000000000000000e+00
   6.5531153643952109e+00   3.2295393627024547e+00   2.0000000000000000e+00
   8.1909018115932604e+00   3.2704700089075276e+00   2.0000000000000000e+00
   5.6434537563169940e+00   3.4827151227426576e+00   2.0000000000000000e+00
   4.5740779140438850e+00   7.7570883331397180e+00   2.0000000000000000e+00
   7.5191483151975271e+00   3.3891761111199772e+00   2.0000000000000000e+00
   4.3892251277956564e+00   7.9003566156363600e+00   2.0000000000000000e+00
   4.1123000244730781e+00   8.5420854070145520e+00   2.0000000000000000e+00
   9.1653321977230622e+00   4.4861552883428493e+00   2.0000000000000000e+00
   9.7551512586560101e+00   3.7963467384169300e+00   2.0000000000000000e+00
   7.2876241899770928e+00   3.6845182336277080e+00   2.0000000000000000e+00
   4.6343675892256346e+00   9.3933246843291371e+00   2.0000000000000000e+00
   4.1314853363634372e+00   8.8002626385639910e+00   2.0000000000000000e+00
   7.5622112672764210e+00   4.4785844782726194e+00   2.0000000000000000e+00
   3.2057422533556537e+00   8.0214223994107083e+00   2.0000000000000000e+00
   3.8147813266515307e+00   7.5413744461062890e+00   2.0000000000000000e+00
   2.7054654954943413e-01   5.2665792641359266e+00   2.0000000000000000e+00
   8.4854251939604968e+00   4.5426693465801957e+00   2.0000000000000000e+00
   7.8239099508264252e+00   3.9478012039444597e+00   2.0000000000000000e+00
   9.0175319866790797e+00   4.4575529348138190e+00   2.0000000000000000e+00
   9.0810418649334519e+00   4.7155680132427333e+00   2.0000000000000000e+00
   1.4800340914050691e+00   6.5124429070655774e+00   2.0000000000000000e+00
   8.8153078331997854e+00   4.1655433176348158e+00   2.0000000000000000e+00
   2.4238584508304060e+00   6.9366265642948566e+00   2.0000000000000000e+00
   6.2333368419136246e+00   7.8714987145809934e-01   2.0000000000000000e+00
   6.8571670010271095e+00   2.1464397798221757e+00   2.0000000000000000e+00
   4.3304486845263845e+00   8.5618614491630112e+00   2.0000000000000000e+00
   7.3135599249637986e+00   2.6567573542606739e+00   2.0000000000000000e+00
   5.2854230499655515e+00   5.1269585060082501e-01   2.0000000000000000e+00
   7.3934219551579190e+00   3.0704801477485089e+00   2.0000000000000000e+00
   6.4666533939601214e+00   1.4908673586830501e+00   2.0000000000000000e+00
   3.4591284507297071e+00   7.8401957842511480e+00   2.0000000000000000e+00
   5.9859750155481652e+00   3.8635857941299498e+00   2.0000000000000000e+00
   5.8852182505907429e+00   3.5986452537185376e+00   2.0000000000000000e+00
   2.7752197872386875e+00   6.6547037775326867e+00   2.0000000000000000e+00
   6.6055074953035930e+00   2.5722556929942386e+00   2.0000000000000000e+00
   3.6821201927011060e+00   9.0589054572017051e+00   2.0000000000000000e+00
   2.6422438887173652e+00   6.2576003377949903e+00   2.0000000000000000e+00
   3.2633773117731191e+00   7.7904891725616787e+00   2.0000000000000000e+00
   3.8040287903946837e+00   7.1687618232088868e+00   2.0000000000000000e+00
   7.3621996087507524e+00   3.5176461031646777e+00   2.0000000000000000e+00
   4.0162809247209115e+00   9.1400549232233672e+00   2.0000000000000000e+00
   2.2402621223841788e+00   6.9630269321623697e+00   2.0000000000000000e+00
   9.2133744944262315e+00   3.6690818608359876e+00   2.0000000000000000e+00
   9.7281241976879311e+00   3.9101204154783362e+00   2.0000000000000000e+00
   8.0518211798409194e+00   3.2123962999364233e+00   2.0000000000000000e+00
   7.1663703252621369e+00   2.9706941374008466e+00   2.0000000000000000e+00
   8.6258943400813575e+00   3.8418911584368654e+00   2.0000000000000000e+00
   3.8690123269619825e+00   9.3454328764557619e+00   2.0000000000000000e+00
   3.7870456518545725e+00   6.3125213345907554e+00   2.0000000000000000e+00
   6.9571004610669629e+00   2.4030629376817956e+00   2.0000000000000000e+00
   8.0575363522626695e+00   4.5810007755047764e+00   2.0000000000000000e+00
   3.7190692643435828e+00   8.9269944781002515e+00   2.0000000000000000e+00
   6.9882249412709836e+00   3.1757604817976661e+00   2.0000000000000000e+00
   7.3769109159809334e+00   4.0038463535999345e+00   2.0000000000000000e+00
   8.3512364914430091e+00   3.5695938486402987e+00   2.0000000000000000e+00
   6.3468682426142635e+00   8.0001744928947516e-01   2.0000000000000000e+00
   4.4515760857278810e+00   9.4723044555540064e+00   2.0000000000000000e+00
   7.2310259877654950e+00   4.0997870683963908e+00   2.0000000000000000e+00
   4.4270451478503183e+00   7.8097204872851620e+00   2.0000000000000000e+00
   3.5259560346606875e+00   8.8732861573235429e+00   2.0000000000000000e+00
   5.6917268833033710e+00   2.2686586348446669e+00   2.0000000000000000e+00
   3.1135092091707515e+00   7.4465230502783211e+00   2.0000000000000000e+00
   9.1014828684310274e+00   4.3429411119918262e+00   2.0000000000000000e+00
   8.1870109701936720e+00   3.4578861394803262e+00   2.0000000000000000e+00
   6.7239145743638753e+00   2.0252134217882256e+00   2.0000000000000000e+00
   6.0138719662182085e+00   2.9461628968640339e+00   2.0000000000000000e+00
   3.6823763370084848e+00   8.3043542614254111e+00   2.0000000000000000e+00
   4.3642590302338204e+00   9.8936066290069142e+00   2.0000000000000000e+00
   7.4035386331121424e+00   3.4778780185105971e+00   2.0000000000000000e+00
   3.7105909544098714e+00   7.0005693104237849e+00   2.0000000000000000e+00
   8.4523869465226031e+00   3.7261135995353047e+00   2.0000000000000000e+00
   8.6980263397577424e+00   4.3222680239568785e+00   2.0000000000000000e+00
   5.5870563127691408e+00   1.6118478769802203e+00   2.0000000000000000e+00
   4.8649267933215503e+00   3.9248590721548835e+00   3.0000000000000000e+00
   4.1949282478829701e+00   5.2293172798470184e+00   3.0000000000000000e+00
   3.7854732234484900e+00   3.9142516332557067e+00   3.0000000000000000e+00
   4.2307662144277955e+00   4.9268966794175659e+00   3.0000000000000000e+00
   5.0237499346798264e+00   9.1850147627482546e+00   3.0000000000000000e+00
   5.3204572992442944e+00   2.6904462707491561e+00   3.0000000000000000e+00
   6.8452067626959217e+00   4.7568879826095722e+00   3.0000000000000000e+00
   6.1348587928388065e+00   5.0578306854206261e+00   3.0000000000000000e+00
   4.0368795331392180e+00   4.5457823461349403e+00   3.0000000000000000e+00
   4.7930300243726398e+00   8.1710689885561152e+00   3.0000000000000000e+00
   4.8429451499724943e+00   6.2594132922925372e-01   3.0000000000000000e+00
   4.5967059508540711e+00   4.1818592043756295e+00   3.0000000000000000e+00
   5.4783917182125776e+00   6.4561591088400982e+00   3.0000000000000000e+00
   2.8907965271330758e+00   4.4321709598003416e+00   3.0000000000000000e+00
   4.7342773096347992e+00   2.6515200011810771e+00   3.0000000000000000e+00
   5.3279981782195609e+00   5.5696366667212613e+00   3.0000000000000000e+00
   5.6718329277932931e+00   5.4825941214001297e+00   3.0000000000000000e+00
   7.9162145158099477e+00   5.5203035232999484e+00   3.0000000000000000e+00
   4.0082047746128966e+00   5.3170833530991359e+00   3.0000000000000000e+00
   4.8259401651654388e+00   8.7423190527909256e+00   3.0000000000000000e+00
   2.8977588340435503e+00   5.1566830526689778e+00   3.0000000000000000e+00
   5.9161723789272749e+00   6.2010495065187587e+00   3.0000000000000000e+00
   2.6716513995762292e+00   5.2731677713257454e+00   3.0000000000000000e+00
   4.8250691890150934e+00   5.0989023394944342e+00   3.0000000000000000e+00
   5.1721899195666019e+00   4.4422104270962750e+00   3.0000000000000000e+00
   2.5659827163867064e+00   4.4642732689828541e+00   3.0000000000000000e+00
   5.2496381437212420e+00   2.8821917889350113e+00   3.0000000000000000e+00
   1.1298530134681861e+00   5.0385567744753237e+00   3.0000000000000000e+00
   2.3648084789875523e+00   4.5318029268126017e+00   3.0000000000000000e+00
   4.9230424047475232e+00   7.7540399985730843e+00   3.0000000000000000e+00
   4.4609303496929869e+00   4.4620256719525466e+00   3.0000000000000000e+00
   6.3955752268393438e+00   4.6149780948246946e+00   3.0000000000000000e+00
   8.2604244628153527e+00   5.1984409981120727e+00   3.0000000000000000e+00
   5.9946139957706377e+00   6.0748044734143560e+00   3.0000000000000000e+00
   1.8804584985714690e-01   4.9966172870888217e+00   3.0000000000000000e+00
   5.9936484000046857e+00   4.1250522372202161e+00   3.0000000000000000e+00
   9.7176887907559362e+00   4.8095359690487696e+00   3.0000000000000000e+00
   4.8380765017704999e+00   8.5615760313912386e+00   3.0000000000000000e+00
   2.2114705180688365e+00   5.1733818139397467e+00   3.0000000000000000e+00
   3.8184739145801827e+00   4.7530312406468305e+00   3.0000000000000000e+00
   4.3845700812775723e+00   5.7686900309063756e+00   3.0000000000000000e+00
   4.9158632537004729e+00   2.7977883938267247e+00   3.0000000000000000e+00
   5.3233903176109099e+00   5.1561803466949199e+00   3.0000000000000000e+00
   5.1807688293318135e+00   4.4669802606287714e+00   3.0000000000000000e+00
   2.4381545146972448e+00   4.7635047478193115e+00   3.0000000000000000e+00
   4.4287550454089262e+00   4.1529293367763342e+00   3.0000000000000000e+00
   1.0257618155843551e+00   5.1164580445525019e+00   3.0000000000000000e+00
   2.2668176386149841e+00   4.5100920968987754e+00   3.0000000000000000e+00
   5.1465548129947623e+00   3.9118168962732636e+00   3.0000000000000000e+00
   8.1850127254080256e+00   4.8993828435274276e+00   3.0000000000000000e+00
   4.6131654230150652e+00   2.9810867481052314e+00   3.0000000000000000e+00
   6.0196631474977549e+00   4.4614456138031429e+00   3.0000000000000000e+00
   4.7533030211075165e+00   5.5452100194027922e+00   3.0000000000000000e+00
   5.0380317952550051e+00   2.1583435520400518e+00   3.0000000000000000e+00
   9.0555538634577530e+00   5.0837936155505243e+00   3.0000000000000000e+00
   7.0054925551788827e-01   4.8519014109412684e+00   3.0000000000000000e+00
   4.8371787300839264e+00   3.1577786121848082e+00   3.0000000000000000e+00
   5.3104635698770934e+00   8.9951589760552686e+00   3.0000000000000000e+00
   7.2854871311996403e+00   5.0409734702495923e+00   3.0000000000000000e+00
   5.2682658057734315e+00   9.1091987179098801e+00   3.0000000000000000e+00
   6.0830089371088478e+00   4.5701541450092602e+00   3.0000000000000000e+00
   2.9671241652796096e+00   5.1888780505232948e+00   3.0000000000000000e+00
   1.9399034304777096e+00   4.7619513620708780e+00   3.0000000000000000e+00
   5.1284116321792217e+00   5.4930287563720350e+00   3.0000000000000000e+00
   4.8686685400393239e+00   6.5549547648653999e+00   3.0000000000000000e+00
   5.8420684133317433e+00   4.3164858278470684e+00   3.0000000000000000e+00
   7.0949571305197559e+00   5.1916592289353050e+00   3.0000000000000000e+00
   9.2287154976667676e+00   5.2216781306160511e+00   3.0000000000000000e+00
   7.6116509701193191e+00   5.4632198710497049e+00   3.0000000000000000e+00
   4.5805673381719405e+00   5.4736546795783481e+00   3.0000000000000000e+00
   5.3236212746724956e+00   7.3152670832204851e+00   3.0000000000000000e+00
   7.4329381172550582e+00   4.6573337943638666e+00   3.0000000000000000e+00
   5.8364224015900987e+00   4.1821554974265451e+00   3.0000000000000000e+00
   4.3036353614770286e+00   3.9863157075492497e+00   3.0000000000000000e+00
   4.4511204976169392e+00   2.8731061904387154e+00   3.0000000000000000e+00
   5.3533896684541968e+00   6.6023539180081423e+00   3.0000000000000000e+00
   2.6313031504857323e+00   4.6933988063295287e+00   3.0000000000000000e+00
   4.7628123921768868e+00   4.5221621185163672e+00   3.0000000000000000e+00
   5.5260264649015811e+00   4.5352355655491152e+00   3.0000000000000000e+00
   5.8843135719529505e+00   5.5040646495680337e+00   3.0000000000000000e+00
   5.4283935334730558e+00   2.9707160407376678e+00   3.0000000000000000e+00
   4.8956321151491435e+00   8.1511347285598426e+00   3.0000000000000000e+00
   4.4673392467555040e+00   4.9348950234169440e+00   3.0000000000000000e+00
   4.8322307752415021e+00   2.0091203589081887e+00   3.0000000000000000e+00
   5.3065647534439719e+00   9.4651660930547425e+00   3.0000000000000000e+00
   4.6544903713894250e+00   2.3548758147208937e+00   3.0000000000000000e+00
   3.7255649974498137e+00   4.2226004687418515e+00   3.0000000000000000e+00
   6.7509919467537909e+00   5.6196987620610015e+00   3.0000000000000000e+00
   5.3857910407185363e+00   6.4623948373178166e+00   3.0000000000000000e+00
   5.9771865513786517e+00   4.5364942284627467e+00   3.0000000000000000e+00
   4.8409631824563988e+00   5.7020197366075731e+00   3.0000000000000000e+00
   7.8424805003195655e+00   5.0332863941038539e+00   3.0000000000000000e+00
   5.9742707702396860e+00   4.7921860652341142e+00   3.0000000000000000e+00
   3.2998088364226352e+00   4.8738868536073818e+00   3.0000000000000000e+00
   5.5546023139638656e+00   4.0942493724168685e+00   3.0000000000000000e+00
   5.3070613506700592e+00   7.3393834412941050e+00   3.0000000000000000e+00
   2.0093175820800724e-01   4.9681549656407942e+00   3.0000000000000000e+00
   5.0897261808193752e+00   7.1754031896364801e+00   3.0000000000000000e+00
   3.2455329560485602e+00   4.8305605249950876e+00   3.0000000000000000e+00
   6.6604969403688781e+00   5.5709430605252646e+00   3.0000000000000000e+00
   7.1573562005191356e+00   4.7113398664215547e+00   3.0000000000000000e+00
   2.0484914581146727e+00   4.8810854107278345e+00   3.0000000000000000e+00
   8.6860034498418166e+00   5.0512939389564471e+00   3.0000000000000000e+00
   6.7483839250387643e+00   5.0094149199442271e+00   3.0000000000000000e+00
   1.1429604393163373e+00   4.6099902175822880e+00   3.0000000000000000e+00
   5.8628368862617357e+00   6.4648945606182284e+00   3.0000000000000000e+00
   5.3414809545506881e+00   7.0153518947358933e+00   3.0000000000000000e+00
   4.8045064484201703e+00   1.0286495338053148e+00   3.0000000000000000e+00
   4.1294806680452716e+00   4.5969670196263852e+00   3.0000000000000000e+00
   5.5288062370054423e+00   4.1103550784116578e+00   3.0000000000000000e+00
   5.3628845872418669e+00   3.4226698288199984e+00   3.0000000000000000e+00
   4.5397324848784901e+00   3.7362616044834827e+00   3.0000000000000000e+00
   3.9906010571500463e+00   4.1718406080205552e+00   3.0000000000000000e+00
   8.4026637073426205e+00   5.1226192017645946e+00   3.0000000000000000e+00
   6.4372181975099805e+00   4.9923197718122747e+00   3.0000000000000000e+00
   5.1465166377285385e+00   5.6649130106176511e+00   3.0000000000000000e+00
   4.2008946601013051e+00   5.7786014088270292e+00   3.0000000000000000e+00
   5.4902020785748995e+00   6.4727926447139916e+00   3.0000000000000000e+00
   9.7733838276295444e+00   5.0922504844911405e+00   3.0000000000000000e+00
   6.2251897204039697e+00   4.4366910617469868e+00   3.0000000000000000e+00
   5.1522304258683507e+00   2.6278303339946643e+00   3.0000000000000000e+00
   5.3083412747991883e+00   6.7620690987596106e+00   3.0000000000000000e+00
   8.7406852908734844e+00   5.3950244941480809e+00   3.0000000000000000e+00
   5.1080290657519001e+00   4.5667681555354207e+00   3.0000000000000000e+00
   4.9850862571716164e+00   6.8225758431228432e+00   3.0000000000000000e+00
   5.3880227559816110e+00   3.7316557165619768e+00   3.0000000000000000e+00
   2.6361763299127441e+00   4.4913967415995870e+00   3.0000000000000000e+00
   4.9067276904915156e+00   7.9623347019457356e+00   3.0000000000000000e+00
   5.0997108487890959e+00   2.8733472396519244e+00   3.0000000000000000e+00
   7.6980531001019203e-01   5.0741385910342851e+00   3.0000000000000000e+00
   1.3514909332202263e+00   4.9386192743403434e+00   3.0000000000000000e+00
   2.4678608901243706e+00   5.0771102404882082e+00   3.0000000000000000e+00
   3.7223260491244292e+00   4.3754199092416277e+00   3.0000000000000000e+00
   2.8153510253377756e+00   5.3879155344853080e+00   3.0000000000000000e+00
   4.2759280803195470e+00   5.1581490626528677e+00   3.0000000000000000e+00
   3.2249160418296876e+00   5.4504399981493634e+00   3.0000000000000000e+00
   4.9134533170092132e+00   6.7300724011731115e+00   3.0000000000000000e+00
   3.5427955994529348e+00   5.0804101084592643e+00   3.0000000000000000e+00
   5.0404553581406724e+00   6.4006738480871270e+00   3.0000000000000000e+00
   4.7849633286792947e+00   2.4743299866096891e+00   3.0000000000000000e+00
   5.4751877788899517e+00   5.5492739949095586e+00   3.0000000000000000e+00
   5.2085582165551596e+00   4.0212626512227247e+00   3.0000000000000000e+00
   4.6447772683394941e+00   3.9501835552737918e+00   3.0000000000000000e+00
   9.9182573249739612e+00   5.1155806532262282e+00   3.0000000000000000e+00
   5.0213683607194231e+00   6.1947078216258156e+00   3.0000000000000000e+00
   4.2882637223058140e+00   3.0039933162836463e+00   3.0000000000000000e+00
   9.6626892713751964e+00   4.8934417081607862e+00   3.0000000000000000e+00
   5.2159701286474816e+00   2.0257073455700980e+00   3.0000000000000000e+00
   5.1283223805034952e+00   8.1306869983601597e+00   3.0000000000000000e+00
   5.4540283947758965e+00   5.1306081515494339e+00   3.0000000000000000e+00
   2.1421642953923383e+00   4.7489743088242449e+00   3.0000000000000000e+00
   4.4986947936443844e+00   2.4662106369419523e+00   3.0000000000000000e+00
   5.1056396414443563e+00   5.6670402104432007e+00   3.0000000000000000e+00
   1.9111156423049769e+00   5.1313242723048811e+00   3.0000000000000000e+00
   5.0419610598449047e+00   7.2162762770103450e+00   3.0000000000000000e+00
   3.9272755289439019e+00   4.8085016677981107e+00   3.0000000000000000e+00
   3.7604844571740816e+00   4.1545529596504736e+00   3.0000000000000000e+00
   1.8656999910453032e+00   4.7206919011642556e+00   3.0000000000000000e+00
   2.9911562997697616e+00   5.3873194589078635e+00   3.0000000000000000e+00
   4.9188242313513548e+00   7.3674108490321029e+00   3.0000000000000000e+00
   5.0837153264022605e+00   5.8066194372627056e-01   3.0000000000000000e+00
   4.3588395978289114e+00   5.8057496940536701e+00   3.0000000000000000e+00
   6.0081158891245421e+00   6.4456305315737836e+00   3.0000000000000000e+00
   3.5907942797468451e-01   4.8372577120728977e+00   3.0000000000000000e+00
   8.5128199833069296e-01   4.8262947309684243e+00   3.0000000000000000e+00
   6.4776164492593580e+00   5.4615423612680756e+00   3.0000000000000000e+00
   5.8670141151817647e+00   5.1940468695866562e+00   3.0000000000000000e+00
   5.2600471339630603e+00   2.9307354872287430e+00   3.0000000000000000e+00
   9.0689332263332449e+00   4.8857296266298409e+00   3.0000000000000000e+00
   4.2038443316067307e+00   5.1248760681796570e+00   3.0000000000000000e+00
   5.2206318429646901e+00   5.8079453564567469e+00   3.0000000000000000e+00
   2.6643700545936122e-01   4.7584115799667446e+00   3.0000000000000000e+00
   5.1672021357115918e+00   6.2309194949140680e+00   3.0000000000000000e+00
   8.5540671638792958e+00   4.9649291379549210e+00   3.0000000000000000e+00
   5.3484873787432097e+00   8.3309266719471982e+00   3.0000000000000000e+00
   4.5160259207599074e+00   2.0213605780575650e+00   3.0000000000000000e+00
   1.0824015318271984e+00   4.7027271402766901e+00   3.0000000000000000e+00
   4.4693307833384566e+00   6.0566542446398408e+00   3.0000000000000000e+00
   9.3925830084435873e+00   5.0396087980465580e+00   3.0000000000000000e+00
   5.5065487697553452e+00   5.7159285030406597e+00   3.0000000000000000e+00
   3.7855464221525725e+00   5.1930538288422081e+00   3.0000000000000000e+00
   5.1913922888969264e+00   6.7812025968973355e+00   3.0000000000000000e+00
   6.0430250731774704e+00   4.8738802653750319e+00   3.0000000000000000e+00
   4.5315072103206164e+00   1.8359810499521145e+00   3.0000000000000000e+00
   4.7609107447841978e+00   5.2851758062412637e+00   3.0000000000000000e+00
   5.1010336633649453e+00   4.1740257185672993e+00   3.0000000000000000e+00
   5.3503400250948641e+00   6.6884198270396320e+00   3.0000000000000000e+00
   5.1727653127221842e+00   7.2294294934993752e+00   3.0000000000000000e+00
   6.9107533499739793e+00   4.9531703694241482e+00   3.0000000000000000e+00
   9.0676678786092921e+00   5.2418986077239609e+00   3.0000000000000000e+00
   8.0808111932663138e+00   5.3881064978445927e+00   3.0000000000000000e+00
   6.4863184554037048e+00   5.5310762794862498e+00   3.0000000000000000e+00
   4.7126315937536445e+00   1.7083261103158109e+00   3.0000000000000000e+00
   7.0464620645519584e+00   5.2962402244853539e+00   3.0000000000000000e+00
   4.2122229821350086e+00   3.9139122311909356e+00   3.0000000000000000e+00
   4.8285503989932632e+00   5.3953754448038325e+00   3.0000000000000000e+00
   4.4727817693453424e+00   2.7168119097263190e+00   3.0000000000000000e+00
   5.0224168569204499e+00   4.7458790653156013e+00   3.0000000000000000e+00
   7.9911843571552343e-01   4.7458522086867392e+00   3.0000000000000000e+00
   7.5431479649231310e+00   6.8743107286840353e+00   4.0000000000000000e+00
   9.0993630269540109e+00   6.2482926901412892e+00   4.0000000000000000e+00
   6.8350822644845923e+00   8.2719510994532985e+00   4.0000000000000000e+00
   7.5067879235658017e+00   5.6556440722673322e+00   4.0000000000000000e+00
   6.1426349955808393e+00   7.5861092647622108e+00   4.0000000000000000e+00
   8.1247500940883235e+00   5.6299679584731361e+00   4.0000000000000000e+00
   7.4944916581391627e+00   6.5553974267613349e+00   4.0000000000000000e+00
   8.4647394911318896e-01   3.7624469696437810e+00   4.0000000000000000e+00
   1.0504767206056143e+00   3.9790938913805429e+00   4.0000000000000000e+00
   1.8845795808963817e+00   3.7539892887985680e+00   4.0000000000000000e+00
   9.5563920061192160e+00   6.1532825668761992e+00   4.0000000000000000e+00
   2.0505713311173235e+00   3.1417150638172178e+00   4.0000000000000000e+00
   5.6752689639063716e+00   7.7551883174197966e+00   4.0000000000000000e+00
   7.3183360251773006e+00   6.1806707889261014e+00   4.0000000000000000e+00
   6.9669722635048972e+00   7.1024613545194644e+00   4.0000000000000000e+00
   8.8235356412733279e-01   3.8130067825470118e+00   4.0000000000000000e+00
   4.2117794723170396e+00   4.8704644457087110e-02   4.0000000000000000e+00
   3.1257869263653451e+00   1.9815313814877511e+00   4.0000000000000000e+00
   4.1473791466443579e+00   1.4539736125064406e+00   4.0000000000000000e+00
   4.3128765608816186e+00   3.4487347756285813e-01   4.0000000000000000e+00
   3.0813071195188102e+00   1.9736106464830871e+00   4.0000000000000000e+00
   3.3661632628367721e+00   3.8324313752516770e+00   4.0000000000000000e+00
   6.2836165555894681e+00   7.9851445133741521e+00   4.0000000000000000e+00
   7.8094328224664320e+00   6.8844304606308695e+00   4.0000000000000000e+00
   1.4102752901177185e+00   3.5031604746264930e+00   4.0000000000000000e+00
   7.9825835474077191e+00   5.7982436318880577e+00   4.0000000000000000e+00
   3.9632096911530459e+00   1.7844834846980173e+00   4.0000000000000000e+00
   3.2563436295010009e+00   3.7195591416851914e+00   4.0000000000000000e+00
   6.3811282174627770e+00   6.1444506649522834e+00   4.0000000000000000e+00
   4.1816464542558096e+00   1.6749405894931158e+00   4.0000000000000000e+00
   9.7463543943242179e+00   6.0342196225488012e+00   4.0000000000000000e+00
   7.4017123543049443e+00   7.3671935658458656e+00   4.0000000000000000e+00
   5.6250537739024615e+00   8.6407561864374234e+00   4.0000000000000000e+00
   3.5508319054274819e+00   3.3298996220062369e+00   4.0000000000000000e+00
   6.3776916706258611e+00   7.9515543193408664e+00   4.0000000000000000e+00
   7.4220844475290280e+00   7.2789328271199398e+00   4.0000000000000000e+00
   7.8469802624655145e+00   6.4395545086328063e+00   4.0000000000000000e+00
   6.8996968393305957e+00   7.7174095752247132e+00   4.0000000000000000e+00
   2.5865312800417684e+00   3.3672706122205911e+00   4.0000000000000000e+00
   6.1684349694552125e+00   7.0884647251221224e+00   4.0000000000000000e+00
   7.6499353614586063e+00   5.7834512500455171e+00   4.0000000000000000e+00
   2.5680769187941510e+00   4.1746561063856706e+00   4.0000000000000000e+00
   5.9253079736620542e+00   8.5318255421618474e+00   4.0000000000000000e+00
   4.3262515946793565e+00   2.7474400855265300e+00   4.0000000000000000e+00
   2.2023060071467739e+00   3.8187378629983160e+00   4.0000000000000000e+00
   6.6161840603161703e+00   7.4483542877521973e+00   4.0000000000000000e+00
   3.2960833009367940e+00   3.3177568848154362e+00   4.0000000000000000e+00
   3.2357333461034363e+00   2.4378725273351409e+00   4.0000000000000000e+00
   4.0398033758492211e+00   1.9596547594303382e+00   4.0000000000000000e+00
   1.7285819295078930e+00   3.7134598802044074e+00   4.0000000000000000e+00
   6.1728800791266032e+00   7.4874675231429100e+00   4.0000000000000000e+00
   8.5866649951957008e+00   5.5324339021144064e+00   4.0000000000000000e+00
   5.4838664521441483e-01   4.0230609985928423e+00   4.0000000000000000e+00
   8.3720132251502974e+00   6.0246413939445533e+00   4.0000000000000000e+00
   6.0231791516259197e+00   9.7168656558893289e+00   4.0000000000000000e+00
   2.8279041933818805e-01   3.8234058942604565e+00   4.0000000000000000e+00
   6.1357020094619372e+00   7.2940752501022841e+00   4.0000000000000000e+00
   3.9366116490705894e+00   1.8175818691568546e+00   4.0000000000000000e+00
   7.7596285950760411e+00   7.0717522041370984e+00   4.0000000000000000e+00
   6.8325715134125815e+00   7.3134876637433059e+00   4.0000000000000000e+00
   3.8115145937453079e+00   4.3369850267725885e-01   4.0000000000000000e+00
   3.7728331978589602e-01   4.2827734095151193e+00   4.0000000000000000e+00
   7.5918337101350764e+00   7.2484926471406776e+00   4.0000000000000000e+00
   3.4354236657991546e+00   3.9226080595873505e+00   4.0000000000000000e+00
   9.3351982933015751e+00   5.5309328102059352e+00   4.0000000000000000e+00
   7.0376430845372964e+00   6.3528487846486410e+00   4.0000000000000000e+00
   2.8028090124451621e-01   4.5132075217829302e+00   4.0000000000000000e+00
   4.3270835435171362e+00   1.1087677855508671e+00   4.0000000000000000e+00
   7.2275259443641389e+00   6.7796340814541702e+00   4.0000000000000000e+00
   9.2644261718325254e+00   5.6402622760152541e+00   4.0000000000000000e+00
   2.6921547641658283e+00   2.9561191479076521e+00   4.0000000000000000e+00
   7.1073432009295754e+00   6.4517607798210195e+00   4.0000000000000000e+00
   3.1477724099760107e+00   2.4882151979489899e+00   4.0000000000000000e+00
   1.5843508145512586e+00   4.0789596462444777e+00   4.0000000000000000e+00
   6.9660439143829613e+00   7.3290387040387293e+00   4.0000000000000000e+00
   2.9272455647840143e+00   3.1180216006803727e+00   4.0000000000000000e+00
   3.5820867756737451e+00   2.8277469801654789e+00   4.0000000000000000e+00
   8.1244605515207069e-01   4.2576293373687513e+00   4.0000000000000000e+00
   3.9668854600451695e+00   2.8400569065054948e-01   4.0000000000000000e+00
   5.6550917536410150e+00   9.2151166526413615e+00   4.0000000000000000e+00
   4.4282364436391566e+00   1.4195464735136121e+00   4.0000000000000000e+00
   6.6539049957822973e+00   5.9069617605078086e+00   4.0000000000000000e+00
   5.7832842324312237e+00   7.2031175232514046e+00   4.0000000000000000e+00
   3.9389571572229110e+00   3.5205492713167508e+00   4.0000000000000000e+00
   7.3277881198333272e+00   6.0599647301347446e+00   4.0000000000000000e+00
   6.8901459082457475e+00   8.1006551025276039e+00   4.0000000000000000e+00
   2.1791206765758964e-01   4.4883240710730874e+00   4.0000000000000000e+00
   1.0610920534442236e+00   4.3141815164984232e+00   4.0000000000000000e+00
   4.2651491978271991e+00   5.3315205301770141e-01   4.0000000000000000e+00
   1.8303496383684248e+00   4.2961915121022622e+00   4.0000000000000000e+00
   9.6484033312355888e-01   3.8092203685329942e+00   4.0000000000000000e+00
   4.0284272855648577e+00   1.9308826974923787e+00   4.0000000000000000e+00
   7.1880115815309464e+00   6.7753820366015738e+00   4.0000000000000000e+00
   8.5092283932508259e+00   5.8442378675562043e+00   4.0000000000000000e+00
   6.3035517365114337e+00   6.8434996419076199e+00   4.0000000000000000e+00
   3.4988856503334889e+00   1.4481398684922897e+00   4.0000000000000000e+00
   7.1960484528427600e+00   6.0345735015018978e+00   4.0000000000000000e+00
   4.3922849029542927e+00   9.3026297044609518e-01   4.0000000000000000e+00
   1.2466884552084712e+00   4.5575170117027746e+00   4.0000000000000000e+00
   2.7801373444663802e+00   2.8703718319951657e+00   4.0000000000000000e+00
   9.7888121221312048e+00   6.1075101485038825e+00   4.0000000000000000e+00
   2.3465301486483958e+00   3.4811557101212931e+00   4.0000000000000000e+00
   3.2594219344689135e+00   3.0338474621891942e+00   4.0000000000000000e+00
   1.3920440948932700e+00   4.2260662852559472e+00   4.0000000000000000e+00
   6.7108982884828077e+00   8.2456979293355399e+00   4.0000000000000000e+00
   3.5774099541243798e+00   2.2548468602954630e+00   4.0000000000000000e+00
   3.9859666346941749e+00   2.7053423375867238e+00   4.0000000000000000e+00
   5.6006964521263765e+00   9.2661267378997074e+00   4.0000000000000000e+00
   7.4083095551119618e+00   7.2000798534705357e+00   4.0000000000000000e+00
   8.4202462157335809e+00   5.8164427637802607e+00   4.0000000000000000e+00
   5.5487293683933565e+00   9.3600342031571557e+00   4.0000000000000000e+00
   5.5292239370359262e+00   9.4453229303745800e+00   4.0000000000000000e+00
   3.1591105175420333e+00   3.1793987228761420e+00   4.0000000000000000e+00
   6.9975405504737820e+00   7.8783376095949711e+00   4.0000000000000000e+00
   6.1795178693116082e+00   9.9504610875428892e+00   4.0000000000000000e+00
   2.8121134445779594e+00   3.0628258448525747e+00   4.0000000000000000e+00
   6.3800516849008133e+00   8.7237211748219359e+00   4.0000000000000000e+00
   8.0023794161223289e+00   6.6439133685209910e+00   4.0000000000000000e+00
   5.8524133611809361e+00   7.3035277412581303e+00   4.0000000000000000e+00
   3.9704092777012443e+00   3.3685929579337803e-01   4.0000000000000000e+00
   8.9052865168337849e+00   6.4104611148533239e+00   4.0000000000000000e+00
   3.3824505620562970e+00   2.0110861574292715e+00   4.0000000000000000e+00
   4.5052854097242134e+00   5.2949820239665546e-01   4.0000000000000000e+00
   1.9590525178927320e+00   3.4976648545187574e+00   4.0000000000000000e+00
   9.8743866858101992e-02   4.5188416698362746e+00   4.0000000000000000e+00
   6.6724089918433558e+00   6.9912114515334913e+00   4.0000000000000000e+00
   4.0237875398391596e+00   9.1436662385121381e-01   4.0000000000000000e+00
   5.9177073720492608e+00   7.4569463933897238e+00   4.0000000000000000e+00
   8.8783419652661273e+00   6.4215597935300810e+00   4.0000000000000000e+00
   4.2213556923218150e+00   1.3648344674893897e+00   4.0000000000000000e+00
   2.3307203976544777e+00   3.2745712006957306e+00   4.0000000000000000e+00
   3.2134792500696308e+00   2.0140625763553444e+00   4.0000000000000000e+00
   3.2116293140299392e+00   1.7433556000580519e+00   4.0000000000000000e+00
   3.5964259225284314e+00   3.1832429579646959e+00   4.0000000000000000e+00
   8.9434745783112106e+00   6.3537921167172566e+00   4.0000000000000000e+00
   3.5596385243353970e+00   1.2445522452991964e+00   4.0000000000000000e+00
   3.2404558693284868e+00   3.3659853954973782e+00   4.0000000000000000e+00
   6.3616273114642832e+00   8.8085014045350043e+00   4.0000000000000000e+00
   2.1879695136032828e+00   2.9457073442755588e+00   4.0000000000000000e+00
   2.9268375596572094e+00   2.9528716944132425e+00   4.0000000000000000e+00
   3.1812286120947997e+00   2.3232936814245875e+00   4.0000000000000000e+00
   1.8226305075054605e+00   3.3866274225685924e+00   4.0000000000000000e+00
   1.7041013203136690e+00   3.8659419321568067e+00   4.0000000000000000e+00
   6.3693795550252705e+00   8.9094048779529196e+00   4.0000000000000000e+00
   6.3884078087655709e+00   7.2714096413255689e+00   4.0000000000000000e+00
   2.6207705900990677e+00   4.2745456990884776e+00   4.0000000000000000e+00
   2.1249261573194356e+00   4.4015987510697965e+00   4.0000000000000000e+00
   7.4330877695831195e+00   6.9892767964023070e+00   4.0000000000000000e+00
   6.4931097631804224e+00   7.1801578193705593e+00   4.0000000000000000e+00
   8.2350459056592715e+00   6.7339804603865314e+00   4.0000000000000000e+00
   4.4019926457132375e+00   4.8924236501003859e-01   4.0000000000000000e+00
   3.4651543273966237e+00   3.2528028496785599e+00   4.0000000000000000e+00
   7.7744661871963334e+00   6.8340126747984078e+00   4.0000000000000000e+00
   3.9180948337503754e+00   8.8623521156377949e-01   4.0000000000000000e+00
   2.3035220948089883e+00   4.2685535889963679e+00   4.0000000000000000e+00
   3.3836368736163305e+00   3.2760483020862354e+00   4.0000000000000000e+00
   5.8752493210743753e+00   8.1856547320563582e+00   4.0000000000000000e+00
   6.9106489516055101e+00   7.2922066376740116e+00   4.0000000000000000e+00
   6.6122714898283839e+00   6.0672040107834855e+00   4.0000000000000000e+00
   9.4926331094573269e-01   3.8837428446108149e+00   4.0000000000000000e+00
   1.0534961535496823e+00   4.4594646365075263e+00   4.0000000000000000e+00
   5.5932034032695386e+00   9.8018321059124141e+00   4.0000000000000000e+00
   8.4915560569618909e-01   2.1412339634385891e+00   5.0000000000000000e+00
   2.2656960169218099e+00   9.2002999502013516e-01   5.0000000000000000e+00
   4.7692812338019586e-01   7.2969797195377550e-01   5.0000000000000000e+00
   1.6312615994031332e+00   3.6027957864237847e-01   5.0000000000000000e+00
   1.6553061247478573e-01   1.3283003016379924e+00   5.0000000000000000e+00
   7.8845971934409631e+00   8.1947927190801888e+00   5.0000000000000000e+00
   1.1165355150566159e+00   3.4430129977173496e+00   5.0000000000000000e+00
   2.4872715350662489e-01   3.6245571696630763e+00   5.0000000000000000e+00
   1.9810110964289918e+00   2.7891371073531781e+00   5.0000000000000000e+00
   8.9171289695305251e+00   8.4095348600846229e+00   5.0000000000000000e+00
   6.0751227679574193e-01   3.1562460398768688e+00   5.0000000000000000e+00
   8.2088327553056839e+00   7.7113300203314683e+00   5.0000000000000000e+00
   2.8468007323411082e+00   1.2356400836274495e+00   5.0000000000000000e+00
   2.1993084624542147e+00   6.3836894072650141e-01   5.0000000000000000e+00
   3.3252546064597377e+00   1.4532449711593709e+00   5.0000000000000000e+00
   8.6119903295604132e+00   9.5302835232364611e+00   5.0000000000000000e+00
   8.9596750947412023e+00   8.5771142124786106e+00   5.0000000000000000e+00
   1.3183920917189973e+00   1.1244539883914573e+00   5.0000000000000000e+00
   6.3238578186766521e+00   9.9850160768422267e+00   5.0000000000000000e+00
   2.1623592784947574e+00   2.2261352527331169e+00   5.0000000000000000e+00
   9.9100706579248730e+00   8.3299167029367283e+00   5.0000000000000000e+00
   8.8907184309279454e+00   8.9154261469287057e+00   5.0000000000000000e+00
   7.6820521018866730e+00   7.9552524284744948e+00   5.0000000000000000e+00
   3.6119684063814694e+00   4.2473235048967384e-01   5.0000000000000000e+00
   2.3943578528362885e+00   1.6265082872866121e+00   5.0000000000000000e+00
   2.6217988938060257e+00   2.2128194179390546e+00   5.0000000000000000e+00
   1.7768929416204837e+00   3.0883255878847296e+00   5.0000000000000000e+00
   2.9937599825376471e-01   2.7209256258676873e-01   5.0000000000000000e+00
   2.5733294046498312e+00   6.6437340868532035e-01   5.0000000000000000e+00
   7.0568385435199055e-01   1.5620655924270888e+00   5.0000000000000000e+00
   8.8666327195605970e+00   7.1299460256817282e+00   5.0000000000000000e+00
   3.2307439422856508e+00   1.0906735357152364e+00   5.0000000000000000e+00
   9.0716338334346034e+00   9.7023565301108619e+00   5.0000000000000000e+00
   8.8018142896768534e+00   6.7933409585740296e+00   5.0000000000000000e+00
   6.2492817116287513e-02   7.7560144395491637e-01   5.0000000000000000e+00
   8.4916341105705655e+00   7.2581909660655466e+00   5.0000000000000000e+00
   9.3816824355770461e+00   6.5446934807343657e+00   5.0000000000000000e+00
   7.2750241321049955e+00   8.6936963866662946e+00   5.0000000000000000e+00
   8.7497350397147962e+00   7.0437077110779658e+00   5.0000000000000000e+00
   9.9232290164332930e+00   7.9039394259229319e+00   5.0000000000000000e+00
   3.1109994947968147e+00   1.6155984268487278e+00   5.0000000000000000e+00
   9.0472425928852296e+00   8.5273261294161564e+00   5.0000000000000000e+00
   2.3917445596391729e+00   2.1454841759612622e+00   5.0000000000000000e+00
   9.9162988556540608e+00   8.4369062944258495e+00   5.0000000000000000e+00
   8.6629595897190548e+00   9.3456990037016947e+00   5.0000000000000000e+00
   7.7935180217169631e+00   9.2726887061297685e+00   5.0000000000000000e+00
   7.3937518512844100e+00   8.3821692217405399e+00   5.0000000000000000e+00
   5.9328983124103951e-02   2.9279939820572487e+00   5.0000000000000000e+00
   8.5528348080243983e+00   7.4612471384797532e+00   5.0000000000000000e+00
   2.2186955561595854e+00   2.5909415038580219e+00   5.0000000000000000e+00
   7.7697784581951783e+00   8.1128315575121164e+00   5.0000000000000000e+00
   8.5711869789219080e+00   9.7101795516190457e+00   5.0000000000000000e+00
   9.4054004893861833e+00   8.4276035373498566e+00   5.0000000000000000e+00
   8.6000432541205836e+00   9.4910977698334591e+00   5.0000000000000000e+00
   8.6496417680538080e+00   7.3219453429098982e+00   5.0000000000000000e+00
   2.3897085030829226e+00   1.1097777894489957e-01   5.0000000000000000e+00
   9.3182154103028498e+00   9.2954495036100742e+00   5.0000000000000000e+00
   7.7118038575388290e+00   9.6310636930907183e+00   5.0000000000000000e+00
   7.8865743920205365e+00   7.3645664273234974e+00   5.0000000000000000e+00
   9.5788449626750065e+00   8.9728057831852919e+00   5.0000000000000000e+00
   8.2451880558117585e-02   2.2607707658124476e+00   5.0000000000000000e+00
   7.3842907984772488e+00   9.2120866228979157e+00   5.0000000000000000e+00
   9.8924831236484252e+00   9.4319531825667635e+00   5.0000000000000000e+00
   9.4281250414664397e-01   2.3637167225158384e+00   5.0000000000000000e+00
   7.5463516646734439e+00   8.9573162984114205e+00   5.0000000000000000e+00
   1.4393083135098850e+00   3.2481814969338627e+00   5.0000000000000000e+00
   2.3588213806911407e+00   1.1540401468490491e+00   5.0000000000000000e+00
   7.1089964303417785e+00   8.7321110795572405e+00   5.0000000000000000e+00
   7.1308828038551431e-01   9.0210249314446211e-01   5.0000000000000000e+00
   3.1692304385459460e+00   1.0433509624791859e+00   5.0000000000000000e+00
   2.6291540506543232e+00   2.2270242536774951e+00   5.0000000000000000e+00
   8.9184554829842551e+00   7.7545486123513552e+00   5.0000000000000000e+00
   6.3367400956804554e+00   9.4649729216163632e+00   5.0000000000000000e+00
   1.6049694358185307e+00   9.9962021196077222e-02   5.0000000000000000e+00
   7.1051026796312589e-01   2.6195989690217250e+00   5.0000000000000000e+00
   1.2097573276694140e-01   2.7689345600769211e+00   5.0000000000000000e+00
   8.9863221356059313e+00   9.9093663421046205e+00   5.0000000000000000e+00
   1.4244544709373486e+00   1.9473364369873403e+00   5.0000000000000000e+00
   9.2155632568771679e+00   6.5629014102618530e+00   5.0000000000000000e+00
   5.5243116105130996e-01   2.4265483898670781e-01   5.0000000000000000e+00
   1.9293451495125524e+00   2.7784350482327556e+00   5.0000000000000000e+00
   9.1885268778192426e+00   9.3158721662637181e+00   5.0000000000000000e+00
   1.2542058772805131e+00   1.4005556282320752e+00   5.0000000000000000e+00
   8.2952651221372484e+00   9.3385920383127932e+00   5.0000000000000000e+00
   8.9169100625012696e+00   9.6814693858681569e+00   5.0000000000000000e+00
   3.3471900353688024e+00   1.3586304034835350e+00   5.0000000000000000e+00
   8.1024544380994570e+00   9.0772739308783983e+00   5.0000000000000000e+00
   8.1278419897586662e-01   2.1059236414600111e+00   5.0000000000000000e+00
   9.6498872869432972e+00   8.2252598713108238e+00   5.0000000000000000e+00
   5.8820757947010804e-01   1.4022582559548857e+00   5.0000000000000000e+00
   6.8052247031448232e+00   8.6697270924282446e+00   5.0000000000000000e+00
   1.7424340963036422e+00   2.4795952156186130e-01   5.0000000000000000e+00
   3.0988718040716012e-01   2.2222224337220799e+00   5.0000000000000000e+00
   8.6710765010363922e+00   8.3141185554749448e+00   5.0000000000000000e+00
   1.6474359941400729e+00   2.4134283546093780e+00   5.0000000000000000e+00
   2.3637491413522662e+00   2.1625324306590432e+00   5.0000000000000000e+00
   6.7642797585558134e-01   3.4743362315182633e+00   5.0000000000000000e+00
   8.8826550400118762e+00   8.1650960571174060e+00   5.0000000000000000e+00
   9.7907689797326345e+00   7.5315572484602491e+00   5.0000000000000000e+00
   9.6031479230276382e+00   6.7965255962491806e+00   5.0000000000000000e+00
   9.6501154856599527e+00   7.9223711359025710e+00   5.0000000000000000e+00
   8.3352501484833326e+00   9.5411580716384652e+00   5.0000000000000000e+00
   3.7443875550164405e+00   9.7118952826402705e-03   5.0000000000000000e+00
   8.9222262442990825e+00   8.2497116694307486e+00   5.0000000000000000e+00
   1.7623042576895109e+00   2.0530480058494960e+00   5.0000000000000000e+00
   1.0692884314049800e+00   3.3131847634479206e+00   5.0000000000000000e+00
   7.0100806857953515e+00   9.4260432941711088e+00   5.0000000000000000e+00
   7.9301964986280140e+00   9.5784546564538893e+00   5.0000000000000000e+00
   2.5023911238922327e+00   1.0338594971398107e-01   5.0000000000000000e+00
   2.3019291526522343e+00   6.8563663257301788e-01   5.0000000000000000e+00
   8.0627557683055215e+00   7.6275832632685621e+00   5.0000000000000000e+00
   4.7117566646415199e-01   3.1689812229096437e+00   5.0000000000000000e+00
   3.6100930231668493e-01   2.5563799592117711e+00   5.0000000000000000e+00
   7.8079074007805715e+00   9.2721948519670345e+00   5.0000000000000000e+00
   7.9261166400863994e+00   8.1265131135445063e+00   5.0000000000000000e+00
   3.3999446824238913e+00   1.1875560897028392e+00   5.0000000000000000e+00
   2.5279988754113711e+00   2.1178304456665229e+00   5.0000000000000000e+00
   1.3353546064496646e+00   2.9354597320233520e+00   5.0000000000000000e+00
   1.2723018827956634e+00   1.3005226101956491e+00   5.0000000000000000e+00
   1.8671785602530300e+00   6.2233400384443360e-01   5.0000000000000000e+00
   9.8431437341003321e+00   8.1198882382182980e+00   5.0000000000000000e+00
   2.0634480919980200e+00   9.1453501950410465e-01   5.0000000000000000e+00
   3.7677648204438641e-01   2.1519046773440897e+00   5.0000000000000000e+00
   8.3466367751454884e-01   1.8769248452854170e+00   5.0000000000000000e+00
   7.4641852860447671e+00   9.2057143931524639e+00   5.0000000000000000e+00
   6.6859440000195383e+00   8.9199078790267023e+00   5.0000000000000000e+00
   6.4556027404807628e+00   9.8186052611070611e+00   5.0000000000000000e+00
   6.8665675442099179e+00   9.4483118081044317e+00   5.0000000000000000e+00
   8.7089922141978686e+00   9.1570346037259736e+00   5.0000000000000000e+00
   2.9356738964001594e-01   1.0357056012769172e+00   5.0000000000000000e+00
   4.7112105116175029e-01   4.2694484725274484e-01   5.0000000000000000e+00
   6.9159891989141808e+00   9.0051054564291171e+00   5.0000000000000000e+00
   1.3130023147768044e+00   7.5430001616406894e-01   5.0000000000000000e+00
   1.1111166978884468e+00   2.6176010366538338e+00   5.0000000000000000e+00
   2.2898365371461948e-01   3.6538285999029450e+00   5.0000000000000000e+00
   1.6961038716578725e+00   2.5837518829683015e+00   5.0000000000000000e+00
   7.6096206274668763e+00   7.4304331351361270e+00   5.0000000000000000e+00
   9.6396213375455471e+00   7.2554110705934018e+00   5.0000000000000000e+00
   8.7012234099103765e+00   7.4606935581423306e+00   5.0000000000000000e+00
   9.7129094474576050e+00   6.8512379569216115e+00   5.0000000000000000e+00
   9.5627837263317392e+00   8.7355837183371747e+00   5.0000000000000000e+00
   9.6351779895030880e+00   7.2606075297408204e+00   5.0000000000000000e+00
   7.8664956002620476e+00   9.6423401370701729e+00   5.0000000000000000e+00
   7.7352318554550594e+00   8.1044998791767515e+00   5.0000000000000000e+00
   2.8372099142664631e+00   2.1648804920458509e-01   5.0000000000000000e+00
   2.0916726252469688e+00   2.7742879146078159e+00   5.0000000000000000e+00
   8.0221186077831970e+00   7.3154921453022927e+00   5.0000000000000000e+00
   7.7204226938370830e+00   8.7670172604631240e+00   5.0000000000000000e+00
   9.5835085961010442e+00   8.0724246465411671e+00   5.0000000000000000e+00
   9.9113460462273455e+00   6.4855130814677411e+00   5.0000000000000000e+00
   9.5316127380330808e+00   8.5786875283861885e+00   5.0000000000000000e+00
   1.3622245717358894e+00   1.6669679241985447e+00   5.0000000000000000e+00
   7.6841089296992759e+00   8.9827712085243459e+00   5.0000000000000000e+00
   7.7402076263809789e+00   9.2243547252065223e+00   5.0000000000000000e+00
   3.3003498473931159e+00   3.5349155722828707e-01   5.0000000000000000e+00
   8.1869207475289691e+00   9.6986337547157735e+00   5.0000000000000000e+00
   9.0233780938968415e+00   7.3045706206193373e+00   5.0000000000000000e+00
   2.2091719197177029e+00   1.1223080032590271e+00   5.0000000000000000e+00
   2.2837171229781528e+00   1.6945125304856912e+00   5.0000000000000000e+00
   8.0201909215554874e+00   9.7120416793059441e+00   5.0000000000000000e+00
   3.6530799649735601e-01   1.0728228347111268e+00   5.0000000000000000e+00
   9.8468096480311722e+00   7.2097408417982614e+00   5.0000000000000000e+00
   8.2863686477630232e+00   9.4055859996877036e+00   5.0000000000000000e+00
   4.4857065576394239e-01   3.0825721712773890e+00   5.0000000000000000e+00
   6.9875220304235715e+00   8.8368568473916032e+00   5.0000000000000000e+00
   7.1936824170429139e+00   8.9848343310749019e+00   5.0000000000000000e+00
   6.8518864192675526e+00   9.7132026443718011e+00   5.0000000000000000e+00
   7.9801629235154392e+00   9.3449532008161764e+00   5.0000000000000000e+00
   8.8728725795738494e+00   9.1262908000321712e+00   5.0000000000000000e+00
   2.2219745735884358e+00   3.5347105604118245e-01   5.0000000000000000e+00
   9.5282053963702307e+00   8.5728093859131835e+00   5.0000000000000000e+00
   3.0750778987920482e+00   2.8448624141881318e-02   5.0000000000000000e+00
   7.1002867826726925e+00   8.8502164030353097e+00   5.0000000000000000e+00
   8.8725932678119843e+00   9.0164825505580453e+00   5.0000000000000000e+00
   2.9387302727054587e+00   1.5191954776184624e-01   5.0000000000000000e+00
   9.4038999008928901e+00   9.6515691878452383e+00   5.0000000000000000e+00
   9.0773753467847449e+00   9.3011004578727334e+00   5.0000000000000000e+00
   6.6006039395066054e+00   9.4961348061194286e+00   5.0000000000000000e+00
   9.7026203998445091e+00   8.6294032382721824e+00   5.0000000000000000e+00
   2.8269469012106208e+00   5.3788542013709972e-01   5.0000000000000000e+00
   3.7351321095328127e-01   7.3393958156121264e-01   5.0000000000000000e+00
   9.9498816420058063e+00   9.4777193149954098e+00   5.0000000000000000e+00
   9.3010870721677783e+00   7.7863931593798528e+00   5.0000000000000000e+00
   2.2648850557068068e+00   2.0025822988428885e+00   5.0000000000000000e+00
   9.1605885757179593e+00   8.6047990768941851e+00   5.0000000000000000e+00
   9.4242817851189304e+00   7.4487996412606341e+00   5.0000000000000000e+00
   2.4162472496038658e+00   1.4779905276446292e+00   5.0000000000000000e+00
   1.6841421282767965e+00   2.7824705255883799e+00   5.0000000000000000e+00
   3.6239785869851660e-01   1.3096032564717697e+00   5.0000000000000000e+00
   1.4915919704585812e+00   2.2615754378769726e-02   5.0000000000000000e+00
   2.6407311904396282e+00   8.2686314124164606e-01   5.0000000000000000e+00
   1.6204437870919985e+00   9.5356047592908721e-01   5.0000000000000000e+00
   2.1415760823776422e+00   2.3987158390347818e-01   5.0000000000000000e+00
   9.7361617104504417e-02   4.5548267586628222e-01   5.0000000000000000e+00
   9.3485877215477231e+00   9.5888010053733037e+00   5.0000000000000000e+00
   7.3855057557922388e+00   8.8499486631928903e+00   5.0000000000000000e+00
   7.4652550821251342e+00   9.4223388351242701e+00   5.0000000000000000e+00
   9.4092012224364794e+00   7.3742714195328354e+00   5.0000000000000000e+00
   1.0506615908348149e+00   2.6474801898003539e+00   5.0000000000000000e+00
   9.7597462715082468e+00   6.6032766647201990e+00   5.0000000000000000e+00
   9.5221982087000558e+00   9.2790682866441152e+00   5.0000000000000000e+00
   7.0691687712664111e+00   8.0871560424417517e+00   5.0000000000000000e+00
   8.3962462460186793e-01   3.3910782628145864e+00   5.0000000000000000e+00
   7.2393874134768064e+00   8.0068628857984017e+00   5.0000000000000000e+00
   3.3773871279871006e+00   1.0997451631205923e+00   5.0000000000000000e+00
   6.7467230040199833e-01   2.8726122428718472e+00   5.0000000000000000e+00
