   3.0512287636354287e+00   9.5629930001814394e+00   1.0000000000000000e+00
   8.3685706884481021e+00   2.9741787639746873e+00   1.0000000000000000e+00
   1.4650280685236183e+00   7.4038120748676608e+00   1.0000000000000000e+00
   9.9906475235991419e+00   3.6735493105194097e+00   1.0000000000000000e+00
   9.0654926684387043e+00   2.2491572863791087e+00   1.0000000000000000e+00
   6.2596031200825020e-01   7.6502677381374369e+00   1.0000000000000000e+00
   8.7449276849121347e+00   9.4931498190447994e-01   1.0000000000000000e+00
   9.0723272443565897e+00   2.6136901086789366e+00   1.0000000000000000e+00
   9.7419083260986934e+00   2.0105892902081122e+00   1.0000000000000000e+00
   2.4882651778109190e+00   8.1646134679879268e+00   1.0000000000000000e+00
   8.0500747582860726e+00   1.4370245539458926e+00   1.0000000000000000e+00
   2.1814825868746821e+00   7.4382520943339294e+00   1.0000000000000000e+00
   6.8760233237011317e+00   7.6507272236138069e-01   1.0000000000000000e+00
   9.9485674693138701e+00   2.8776622164031096e+00   1.0000000000000000e+00
   9.4692200849306101e+00   2.0078427517589525e+00   1.0000000000000000e+00
   7.6057331314899610e+00   1.4967750980330019e+00   1.0000000000000000e+00
   9.7805034765646699e+00   3.3177048652295338e+00   1.0000000000000000e+00
   1.4830869948610581e+00   9.6659931376808270e+00   1.0000000000000000e+00
   1.8980199501202799e+00   7.5270545762155159e+00   1.0000000000000000e+00
   2.3095535698456304e+00   7.8498550723173652e+00   1.0000000000000000e+00
   6.1306325298494224e-01   8.2915397533740691e+00   1.0000000000000000e+00
   1.1697252609256670e+00   8.5923836643679312e+00   1.0000000000000000e+00
   3.1916226218777801e+00   8.7306549047603603e+00   1.0000000000000000e+00
   9.3431894204248955e+00   1.4607555185465626e+00   1.0000000000000000e+00
   7.5023122736185313e+00   7.9703977083447453e-01   1.0000000000000000e+00
   9.1273397704512060e+00   1.7975678744309287e+00   1.0000000000000000e+00
   6.5572537676126972e+00   1.3341873956628336e-01   1.0000000000000000e+00
   3.1856618790477653e+00   9.9149705333515943e+00   1.0000000000000000e+00
   8.1107434519201060e+00   1.2739164556172256e+00   1.0000000000000000e+00
   1.1975852480569860e+00   8.3806454795908767e+00   1.0000000000000000e+00
   9.6397656691669926e+00   8.3859121002283987e-01   1.0000000000000000e+00
   9.2276729551181127e+00   4.7982394777704163e-01   1.0000000000000000e+00
   3.1771102388935102e-01   7.7415814967710004e+00   1.0000000000000000e+00
   6.8457083224933326e+00   2.4175108815681190e-01   1.0000000000000000e+00
   7.9821129244237090e+00   2.2649313557348472e+00   1.0000000000000000e+00
   9.4390470882310993e+00   2.7798720012612210e+00   1.0000000000000000e+00
   7.3641471196976642e+00   1.2235966846464297e+00   1.0000000000000000e+00
   6.0682927795240316e-02   7.8437689300368625e+00   1.0000000000000000e+00
   1.9611366965760690e+00   9.1716194353795242e+00   1.0000000000000000e+00
   8.5854314786545705e-01   7.5702052776054654e+00   1.0000000000000000e+00
   8.8690199249145127e+00   1.6002081665957513e+00   1.0000000000000000e+00
   9.9463698185360201e+00   3.6438547237983556e+00   1.0000000000000000e+00
   8.3773151131492369e+00   1.5518410393024962e+00   1.0000000000000000e+00
   9.8385578331491086e+00   3.5255007873166821e-01   1.0000000000000000e+00
   7.7263115253288737e+00   2.5004821765774841e+00   1.0000000000000000e+00
   1.8092029369876850e+00   8.7057462749328813e+00   1.0000000000000000e+00
   7.9203222843697718e+00   7.3745255429108370e-01   1.0000000000000000e+00
   9.5565169195075779e+00   3.1424902940838328e-01   1.0000000000000000e+00
   3.0750880122142132e+00   8.8853307310039078e+00   1.0000000000000000e+00
   6.2276446343427772e-01   8.4063045212033707e+00   1.0000000000000000e+00
   1.6222376324173560e-01   9.6391638766735923e+00   1.0000000000000000e+00
   5.0872025487444628e-01   8.5094572957579047e+00   1.0000000000000000e+00
   2.7685692220338600e+00   8.1018833446723306e+00   1.0000000000000000e+00
   7.3720698225410066e+00   2.3997485208707037e+00   1.0000000000000000e+00
   3.2416306339244336e+00   9.9567084603621669e+00   1.0000000000000000e+00
   2.8136008553510337e+00   8.9330037716826993e+00   1.0000000000000000e+00
   2.7167575507634609e+00   7.7143581889375303e+00   1.0000000000000000e+00
   9.0716935418922056e+00   1.2940498988718352e+00   1.0000000000000000e+00
   3.1688722378408385e+00   9.6878160577155352e+00   1.0000000000000000e+00
   1.9096709734683104e+00   9.9430502565365604e+00   1.0000000000000000e+00
   9.4764630695735246e+00   2.0623396016411997e+00   1.0000000000000000e+00
   6.6342334947128503e+00   1.1229140930233705e+00   1.0000000000000000e+00
   8.8312625614857918e+00   1.1933790843912384e+00   1.0000000000000000e+00
   8.5321916644415907e+00   3.8828667480415135e-01   1.0000000000000000e+00
   3.2306348087860726e+00   9.8102175838852403e+00   1.0000000000000000e+00
   1.3797568820226880e+00   9.9813578330386097e+00   1.0000000000000000e+00
   9.8154964466970824e+00   3.1601129998341060e+00   1.0000000000000000e+00
   1.6482245175667476e+00   8.6026076744655633e+00   1.0000000000000000e+00
   7.6048840373420434e+00   2.9263543201412556e-01   1.0000000000000000e+00
   2.8006622365941105e+00   9.6570028162817465e+00   1.0000000000000000e+00
   9.4277176370843154e+00   2.2472203601436744e+00   1.0000000000000000e+00
   3.8524592126707113e-01   7.2182632335237162e+00   1.0000000000000000e+00
   8.2445355383462307e+00   2.4070486166845093e+00   1.0000000000000000e+00
   2.6626503601214591e+00   7.7413747121086809e+00   1.0000000000000000e+00
   2.6232378617185859e-01   8.1886403020383955e+00   1.0000000000000000e+00
   7.9317706507225694e+00   2.8465337300797411e+00   1.0000000000000000e+00
   6.9691641435283804e+00   1.8820115591360342e+00   1.0000000000000000e+00
   1.9938970747833906e-01   9.3419653213754454e+00   1.0000000000000000e+00
   7.6508563490985644e+00   1.1258504922952794e+00   1.0000000000000000e+00
   6.7552360222300383e+00   1.1560046769763144e+00   1.0000000000000000e+00
   1.9242816952028063e+00   8.2403820177861213e+00   1.0000000000000000e+00
   9.1544995308143662e+00   6.7891621064574470e-01   1.0000000000000000e+00
   9.8854152901392887e+00   3.8269026904937165e-01   1.0000000000000000e+00
   1.4024132528295463e+00   9.3121982896011382e+00   1.0000000000000000e+00
   8.6375144339023642e+00   1.4735911072267449e+00   1.0000000000000000e+00
   1.8708091989628040e+00   9.3729783791680710e+00   1.0000000000000000e+00
   5.1109305668237681e-01   8.0708762457560503e+00   1.0000000000000000e+00
   2.1587407330398865e+00   7.2074841696251335e+00   1.0000000000000000e+00
   6.8372186313530134e+00   4.6531318221609719e-01   1.0000000000000000e+00
   7.3386338244722200e+00   1.6987782207553337e+00   1.0000000000000000e+00
   6.9084201329222883e-01   8.4734072580608313e+00   1.0000000000000000e+00
   2.5056337515032991e+00   8.5321236067469801e+00   1.0000000000000000e+00
   8.5265323728155344e+00   6.9203364422611657e-01   1.0000000000000000e+00
   1.1008711497783275e+00   7.5397476599316722e+00   1.0000000000000000e+00
   2.4405980583951803e+00   7.3452807376303531e+00   1.0000000000000000e+00
   2.7707879018697246e+00   8.5001772065660894e+00   1.0000000000000000e+00
   9.0124681292551081e+00   2.6939136862258337e+00   1.0000000000000000e+00
   8.5456667386764273e-01   9.7196188592719874e+00   1.0000000000000000e+00
   9.9755200087225049e-01   7.5945416296794885e+00   1.0000000000000000e+00
   2.3660112753641673e+00   9.7786297092563199e+00   1.0000000000000000e+00
   9.2601920924794134e-02   7.9395641171452755e+00   1.0000000000000000e+00
   9.5475219043741024e+00   2.0565019129080317e+00   1.0000000000000000e+00
   2.1861745155900589e+00   8.2092416097875827e+00   1.0000000000000000e+00
   1.6773629912085974e+00   7.3200700180782832e+00   1.0000000000000000e+00
   2.1628621257273362e+00   9.6819084066879366e+00   1.0000000000000000e+00
   2.1310710529818353e+00   8.2522440959068160e+00   1.0000000000000000e+00
   7.9272763250386298e+00   5.0134268450125807e-01   1.0000000000000000e+00
   9.1794965481200173e+00   5.3450098529958079e-01   1.0000000000000000e+00
   2.0433748240923078e+00   9.0979238200985559e+00   1.0000000000000000e+00
   2.0536068674344699e+00   9.9834772611282645e+00   1.0000000000000000e+00
   1.1303322701771801e+00   8.6332211180413729e+00   1.0000000000000000e+00
   7.9310797741444494e+00   2.2052977977022636e+00   1.0000000000000000e+00
   2.0070463054999408e+00   8.2047281698522205e+00   1.0000000000000000e+00
   9.8251597364320524e+00   8.7494770646244890e-01   1.0000000000000000e+00
   1.0288712909954478e+00   7.5889383463757776e+00   1.0000000000000000e+00
   7.6514402392661207e+00   2.1643710476387481e+00   1.0000000000000000e+00
   9.6199073584874011e+00   1.9010418875559310e+00   1.0000000000000000e+00
   9.5665144741687302e-01   9.5505937588066416e+00   1.0000000000000000e+00
   9.5380131626133053e+00   2.3644658616299976e+00   1.0000000000000000e+00
   9.0482855653320549e+00   2.7449206857082862e+00   1.0000000000000000e+00
   9.7540907510641954e+00   8.2047465360736149e-02   1.0000000000000000e+00
   1.1799010326044057e+00   7.5647576544007178e+00   1.0000000000000000e+00
   4.1547723815723248e-01   9.9608700918692445e+00   1.0000000000000000e+00
   8.4092960698387582e+00   4.4018817004245148e-01   1.0000000000000000e+00
   8.5339577567643197e+00   1.4836937300291742e+00   1.0000000000000000e+00
   7.5275135840983332e+00   2.1544384116644166e-01   1.0000000000000000e+00
   1.3548840777744775e+00   8.7813691996025067e+00   1.0000000000000000e+00
   8.8101116755622790e+00   3.6242196570620888e-01   1.0000000000000000e+00
   8.6517625375154061e+00   6.1219166785665857e-01   1.0000000000000000e+00
   2.0351778515580108e+00   7.8974100141377725e+00   1.0000000000000000e+00
   8.1699151577175915e+00   1.9761286476124584e+00   1.0000000000000000e+00
   1.6294767604160065e+00   8.3756304106488493e+00   1.0000000000000000e+00
   9.3929104773960646e+00   2.8945809922662971e+00   1.0000000000000000e+00
   1.4843549694668667e+00   8.7116498121366863e+00   1.0000000000000000e+00
   6.6727274401414904e+00   1.0257664084167828e+00   1.0000000000000000e+00
   9.7911718076165872e+00   1.2213944703575508e-01   1.0000000000000000e+00
   8.5104452158018180e+00   9.1224236741497711e-01   1.0000000000000000e+00
   9.9745994978447268e+00   2.2631223907793272e+00   1.0000000000000000e+00
   5.4488068467667405e-02   6.7618466907867028e+00   1.0000000000000000e+00
   1.2603825372128186e+00   6.7847940780655112e+00   1.0000000000000000e+00
   5.2974775785953665e-01   7.4550227094359318e+00   1.0000000000000000e+00
   4.0395542824916308e-01   9.4789523857506666e+00   1.0000000000000000e+00
   1.6359917849283256e-01   7.8682617714349927e+00   1.0000000000000000e+00
   9.5300838266340619e+00   1.2111430969106252e+00   1.0000000000000000e+00
   7.6404961161774709e+00   2.1189840410015561e+00   1.0000000000000000e+00
   7.6829951079911085e+00   2.5441649387820933e+00   1.0000000000000000e+00
   9.1437096363824413e+00   2.9783240087184462e+00   1.0000000000000000e+00
   1.0536754923837255e+00   8.6088457343147251e+00   1.0000000000000000e+00
   7.0770416456117990e+00   1.0582467996320466e+00   1.0000000000000000e+00
   9.1920552590660147e+00   9.6659883547258962e-01   1.0000000000000000e+00
   2.9763172804000426e-02   9.8473930841918857e+00   1.0000000000000000e+00
   5.1242723227706843e-02   8.5913892781522669e+00   1.0000000000000000e+00
   8.2368792111080928e+00   2.9921081395273053e-01   1.0000000000000000e+00
   8.1469661178807389e+00   2.2448658045569414e+00   1.0000000000000000e+00
   4.8366576730023647e-01   8.8269632052907721e+00   1.0000000000000000e+00
   9.8770265842086022e+00   4.6345509102589610e-01   1.0000000000000000e+00
   6.8336860263739894e+00   6.6660114779822255e-01   1.0000000000000000e+00
   7.5731125838726268e+00   1.3042594825073572e+00   1.0000000000000000e+00
   8.4297811989809790e-01   7.4976224750971614e+00   1.0000000000000000e+00
   5.8070763424831418e-01   8.2822709802222025e+00   1.0000000000000000e+00
   2.7827254164516715e+00   8.3905080908036407e+00   1.0000000000000000e+00
   3.3701014158833531e-01   9.1690849054708998e+00   1.0000000000000000e+00
   8.1395476212094060e+00   2.5193444438497501e+00   1.0000000000000000e+00
   6.9832571083923787e+00   1.0371011624719229e+00   1.0000000000000000e+00
   2.3808314169432219e+00   8.3911978351621404e+00   1.0000000000000000e+00
   9.7952285291943948e+00   3.6031460250420935e+00   1.0000000000000000e+00
   9.9299202182931658e+00   7.3022797163814879e-01   1.0000000000000000e+00
   8.0561285809619516e+00   2.3861161047072068e+00   1.0000000000000000e+00
   9.6021844640534724e+00   3.4092898172119690e-01   1.0000000000000000e+00
   1.4479550664182750e+00   8.7344148197677285e+00   1.0000000000000000e+00
   9.1342621831098185e+00   1.6037613170934939e+00   1.0000000000000000e+00
   2.7955130829876862e+00   9.4299705742590856e+00   1.0000000000000000e+00
   9.9871603269937239e+00   3.0235409935928703e+00   1.0000000000000000e+00
   2.1284389307464879e+00   9.7485901471665919e+00   1.0000000000000000e+00
   6.6682587908475233e+00   4.9940080227921735e-01   1.0000000000000000e+00
   2.6925442401917952e+00   9.1649676834633311e+00   1.0000000000000000e+00
   8.0937335740265959e-01   9.2072978500533882e+00   1.0000000000000000e+00
   3.4542122128292840e+00   9.2233284145142456e+00   1.0000000000000000e+00
   2.1029110579847843e+00   7.9578971315016425e+00   1.0000000000000000e+00
   8.3406124829010664e-01   7.0951243688929013e+00   1.0000000000000000e+00
   9.0492831484930534e+00   1.5785290111140726e+00   1.0000000000000000e+00
   5.8377905812837194e-01   8.0205443806592989e+00   1.0000000000000000e+00
   7.7445610455854377e+00   2.5861373626944073e+00   1.0000000000000000e+00
   3.8845899595299827e-01   9.9257870881974970e+00   1.0000000000000000e+00
   1.2505295101112235e+00   6.5886317389667992e+00   1.0000000000000000e+00
   1.9414134186799470e+00   8.1326592606418373e+00   1.0000000000000000e+00
   1.2245284267464895e+00   9.2294760077725648e+00   1.0000000000000000e+00
   3.6115079126157736e+00   9.7494092843403894e+00   1.0000000000000000e+00
   2.7675449176917679e+00   8.6140175045021792e+00   1.0000000000000000e+00
   3.0385164062664130e+00   8.6446034914876471e+00   1.0000000000000000e+00
   2.4581994472115474e+00   9.2426756612955945e+00   1.0000000000000000e+00
   2.0197446607496374e+00   7.6407809070091171e+00   1.0000000000000000e+00
   8.9881111652098848e+00   4.8360624752719406e-01   1.0000000000000000e+00
   2.3377727181253851e+00   8.9105001276285538e+00   1.0000000000000000e+00
   6.1479226489481342e-01   6.5282442454251832e+00   1.0000000000000000e+00
   6.9709602625062086e+00   1.0372925401752553e+00   1.0000000000000000e+00
   8.7192428306188248e+00   2.7257575647424592e-01   1.0000000000000000e+00
   9.5884946187788120e+00   1.4270107096142581e+00   1.0000000000000000e+00
   2.4030611162310143e+00   9.3100171696331397e+00   1.0000000000000000e+00
   2.9796911785837876e+00   9.4070618410529701e+00   1.0000000000000000e+00
   3.7594019322534367e-01   9.9218757624852820e+00   1.0000000000000000e+00
   3.0227120354125403e+00   8.2066867587611156e+00   1.0000000000000000e+00
   6.6047624249238268e-01   8.0735044867301085e+00   1.0000000000000000e+00
   7.8615104331072940e+00   5.1015109177395379e-01   1.0000000000000000e+00
   9.5074691891954863e+00   3.1285625495159630e+00   1.0000000000000000e+00
   9.1218022922652899e+00   1.9375871296941072e+00   1.0000000000000000e+00
   8.8277833348766386e+00   9.3102315466482621e-01   1.0000000000000000e+00
   8.5087669872779763e+00   1.4479122169823933e+00   1.0000000000000000e+00
   2.4145074249671685e+00   8.7909349081110495e+00   1.0000000000000000e+00
   8.0130051329867324e+00   2.6897875943075302e+00   1.0000000000000000e+00
   4.0889523304586617e-01   7.1641969420196094e+00   1.0000000000000000e+00
   8.3638484834933262e+00   1.3216822082530699e+00   1.0000000000000000e+00
   8.3602126901111191e+00   1.1312426851121071e+00   1.0000000000000000e+00
   9.0690806593852642e+00   2.9605608949956674e-01   1.0000000000000000e+00
   9.0357354853003997e+00   3.6662302967283233e-01   1.0000000000000000e+00
   6.3874925398984841e+00   4.8392096290753028e-01   1.0000000000000000e+00
   3.0419153524037155e+00   9.2405988364355611e+00   1.0000000000000000e+00
   1.8436845341002639e+00   9.0218062193480630e+00   1.0000000000000000e+00
   1.7504717731798936e+00   8.3360815917553666e+00   1.0000000000000000e+00
   9.9236985617093794e+00   2.4566285980976268e+00   1.0000000000000000e+00
   8.7110003181007905e+00   1.6009232898300541e+00   1.0000000000000000e+00
   1.2856849632860634e+00   9.5797281707710731e+00   1.0000000000000000e+00
   8.6553397324666492e-01   9.4481349290348344e+00   1.0000000000000000e+00
   6.4867077935105399e+00   7.8337956163541111e-02   1.0000000000000000e+00
   5.0846719403234930e-01   6.8819025525380280e+00   1.0000000000000000e+00
   6.9517341002104596e+00   1.7509729496526638e+00   1.0000000000000000e+00
   8.7107810096353653e+00   1.2015726900612123e+00   1.0000000000000000e+00
   9.9228685094552489e+00   2.8391915537747781e+00   1.0000000000000000e+00
   9.5097626483852893e-01   9.6395179548800236e+00   1.0000000000000000e+00
   6.1429698480149453e+00   2.0684780953417081e-01   2.0000000000000000e+00
   2.6852579070044280e+00   6.8843253527586867e+00   2.0000000000000000e+00
   4.1542077107861806e+00   6.5607772203526702e+00   2.0000000000000000e+00
   6.4444324933531245e+00   3.9635543493130578e+00   2.0000000000000000e+00
   6.5963143417766386e+00   3.9043060791366910e+00   2.0000000000000000e+00
   6.2352658223364070e+00   2.2356911975508345e+00   2.0000000000000000e+00
   7.8261797258294186e+00   3.4054476919743895e+00   2.0000000000000000e+00
   6.8582065592424080e+00   4.2222994310395130e+00   2.0000000000000000e+00
   5.7315394724489934e+00   3.1991101989831430e+00   2.0000000000000000e+00
   1.7989603712290236e+00   6.8431584772814178e+00   2.0000000000000000e+00
   8.5569130755515399e+00   4.3819805845534079e+00   2.0000000000000000e+00
   9.2523319002901534e+00   4.3744543366709259e+00   2.0000000000000000e+00
   8.1011699394247767e+00   3.6795433147828724e+00   2.0000000000000000e+00
   4.2015595024548187e+00   8.0118876331315292e+00   2.0000000000000000e+00
   6.2709794285571787e+00   3.7635432948518934e+00   2.0000000000000000e+00
   6.8995742085048359e+00   2.3625740857037849e+00   2.0000000000000000e+00
   6.4322399897485671e-01   6.1293088847143817e+00   2.0000000000000000e+00
   7.9365401384733545e+00   3.9271123971721797e+00   2.0000000000000000e+00
   5.8889613437937545e+00   3.3352029070320102e+00   2.0000000000000000e+00
   9.1845085786272840e+00   4.3386530976460138e+00   2.0000000000000000e+00
   4.4387600876666955e+00   9.0422419592686225e+00   2.0000000000000000e+00
   3.5966077259101370e+00   8.3583391996508443e+00   2.0000000000000000e+00
   3.8884549999064113e+00   8.8695991529421647e+00   2.0000000000000000e+00
   5.4195213556289081e+00   1.6629560517614606e+00   2.0000000000000000e+00
   3.5781550972438678e+00   7.4704795272598474e+00   2.0000000000000000e+00
   5.2834721534423403e+00   4.7909425256953408e-02   2.0000000000000000e+00
   2.9147922463702711e+00   7.3464426863872658e+00   2.0000000000000000e+00
   7.1546902116863009e+00   4.2797754633052083e+00   2.0000000000000000e+00
   4.0928752820162009e+00   9.3966916381216770e+00   2.0000000000000000e+00
   3.9211130705511223e+00   8.5935111453940234e+00   2.0000000000000000e+00
   7.2455892070726104e+00   3.0724359454709771e+00   2.0000000000000000e+00
   3.3667042151563695e+00   6.8453949887502610e+00   2.0000000000000000e+00
   4.4537848380825249e+00   7.6122930326838913e+00   2.0000000000000000e+00
   4.3387314677394233e+00   7.4934676778460840e+00   2.0000000000000000e+00
   5.4800064579257679e-01   5.7614809985028002e+00   2.0000000000000000e+00
   5.2289184832060798e-01   5.6752618045725134e+00   2.0000000000000000e+00
   6.9708411330572027e+00   4.3969798375795914e+00   2.0000000000000000e+00
   6.0114137520079005e+00   2.0467806191314599e+00   2.0000000000000000e+00
   8.1734303731324065e+00   3.5842467170747860e+00   2.0000000000000000e+00
   6.3261024199786089e+00   1.9064102848911701e+00   2.0000000000000000e+00
   8.4488018990003244e+00   4.2025913453581873e+00   2.0000000000000000e+00
   6.8973915912901340e+00   4.2259617900332778e+00   2.0000000000000000e+00
   7.0577404693995014e+00   4.0784917686804203e+00   2.0000000000000000e+00
   2.4575054460959924e+00   5.4631927502916753e+00   2.0000000000000000e+00
   3.8290854213820893e+00   7.2597292853444984e+00   2.0000000000000000e+00
   1.4161661713063212e-01   5.7025127514110228e+00   2.0000000000000000e+00
   3.7497637877337278e+00   7.4520992778306745e+00   2.0000000000000000e+00
   1.8855472092770997e+00   5.8187889762591549e+00   2.0000000000000000e+00
   1.7436589475396347e+00   6.1382374879978876e+00   2.0000000000000000e+00
   8.2061437206064642e+00   3.2659956900238796e+00   2.0000000000000000e+00
   7.6400195898255046e+00   4.5883756694109392e+00   2.0000000000000000e+00
   2.8634710655691120e+00   6.2917823670835293e+00   2.0000000000000000e+00
   4.2594563137790544e+00   9.9752289391271969e+00   2.0000000000000000e+00
   3.0467646076617982e+00   5.9291699444351975e+00   2.0000000000000000e+00
   6.7759408732312956e+00   2.3668806389385910e+00   2.0000000000000000e+00
   3.6315074032290529e+00   6.6327715828398945e+00   2.0000000000000000e+00
   1.6783407841460796e+00   6.2813899843412582e+00   2.0000000000000000e+00
   3.4979954736713470e+00   7.6686848218178350e+00   2.0000000000000000e+00
   2.3070299614232637e+00   6.1048512737517928e+00   2.0000000000000000e+00
   5.7333860593658423e+00   2.8676293899820449e+00   2.0000000000000000e+00
   5.9048707984761437e+00   8.9108248083862862e-01   2.0000000000000000e+00
   3.0370035020215336e+00   5.6291145796650550e+00   2.0000000000000000e+00
   1.9820892521098443e+00   6.2454347074806975e+00   2.0000000000000000e+00
   9.1723908076888243e+00   4.0383268902270526e+00   2.0000000000000000e+00
   3.6239828029815735e+00   6.7140815676760592e+00   2.0000000000000000e+00
   4.0590165407437615e+00   8.3458080139734232e+00   2.0000000000000000e+00
   6.1880675438501740e+00   9.5712349805915364e-02   2.0000000000000000e+00
   5.6032434372826847e+00   2.0837586548949183e+00   2.0000000000000000e+00
   1.2554944965489689e+00   5.3207595822218821e+00   2.0000000000000000e+00
   2.8249047713159090e+00   5.6039169921402232e+00   2.0000000000000000e+00
   2.6116808212768294e-01   5.4625792214203166e+00   2.0000000000000000e+00
   1.6465030569568306e+00   6.5297176208269736e+00   2.0000000000000000e+00
   3.6423077403915229e+00   6.6861843287952061e+00   2.0000000000000000e+00
   4.5719822498658349e+00   8.1854766820675184e+00   2.0000000000000000e+00
   8.2497550747838257e+00   4.5935518055839033e+00   2.0000000000000000e+00
   7.3449548899511914e+00   4.5160586753807683e+00   2.0000000000000000e+00
   3.9580551366011729e+00   7.6943613388327234e+00   2.0000000000000000e+00
   3.5709715656326377e+00   6.9059422679155364e+00   2.0000000000000000e+00
   7.3765268414504517e+00   4.4585906089153102e+00   2.0000000000000000e+00
   3.4446965966666312e+00   7.8832976924277904e+00   2.0000000000000000e+00
   7.6805987315773052e+00   4.5492528074227749e+00   2.0000000000000000e+00
   8.9414125354900911e+00   3.8012090961947944e+00   2.0000000000000000e+00
   1.1809290530010708e+00   6.5232765150415801e+00   2.0000000000000000e+00
   9.4239196971053421e+00   4.1258653658910784e+00   2.0000000000000000e+00
   1.0769846546432593e+00   5.6336144270343471e+00   2.0000000000000000e+00
   6.2144722097981564e+00   2.1456154865540045e+00   2.0000000000000000e+00
   7.0463342977186318e+00   4.0534377978470975e+00   2.0000000000000000e+00
   3.3591434767864579e+00   7.7585466495525974e+00   2.0000000000000000e+00
   6.9010079875627302e+00   3.9041035138975291e+00   2.0000000000000000e+00
   6.6887677969410220e+00   2.4895406710080135e+00   2.0000000000000000e+00
   1.8369661235779311e+00   6.8672497860595048e+00   2.0000000000000000e+00
   7.1543830625013980e+00   2.6508284357812952e+00   2.0000000000000000e+00
   8.5138551593763410e+00   4.4909522647835356e+00   2.0000000000000000e+00
   3.7492223693110125e+00   9.0412809010206185e+00   2.0000000000000000e+00
   7.6970154407375126e+00   3.4527612330123070e+00   2.0000000000000000e+00
   5.4354089370256409e+00   3.9856349346681808e-01   2.0000000000000000e+00
   1.5914675874092488e+00   6.1076449958437387e+00   2.0000000000000000e+00
   2.9498680174992478e+00   7.4411938166965284e+00   2.0000000000000000e+00
   2.1209330644754276e+00   6.6243286563562425e+00   2.0000000000000000e+00
   5.2617570987577968e+00   1.1801201665500693e+00   2.0000000000000000e+00
   3.1389675151623173e+00   5.5734774732209242e+00   2.0000000000000000e+00
   5.9938633242848116e+00   2.8271025617083523e+00   2.0000000000000000e+00
   4.3284869563550838e+00   7.3896514805275846e+00   2.0000000000000000e+00
   6.7194431423865844e+00   4.0262534881351471e+00   2.0000000000000000e+00
   1.5992458398129916e+00   6.1285390346315758e+00   2.0000000000000000e+00
   1.9399837650611185e+00   5.7091713288542962e+00   2.0000000000000000e+00
   3.8927039943425248e+00   7.9384680578954594e+00   2.0000000000000000e+00
   2.7415002329805196e+00   5.6845093782205769e+00   2.0000000000000000e+00
   6.5388489224836164e+00   1.4817635178492361e+00   2.0000000000000000e+00
   9.3761084633935656e+00   4.0378018737267833e+00   2.0000000000000000e+00
   8.1994316261326308e+00   3.5318288287134649e+00   2.0000000000000000e+00
   3.7118010489908415e+00   5.8733901884337403e+00   2.0000000000000000e+00
   7.6537111378567380e+00   3.4323387080746381e+00   2.0000000000000000e+00
   3.6475623500048271e+00   6.6269159235420734e+00   2.0000000000000000e+00
   3.0642686789625495e+00   6.8689466897443561e+00   2.0000000000000000e+00
   1.1814597752384481e+00   6.0109273535604482e+00   2.0000000000000000e+00
   2.7822419541404750e+00   7.6446952906676167e+00   2.0000000000000000e+00
   5.8076823522324306e+00   2.4362590964650743e+00   2.0000000000000000e+00
   5.7594062094373202e+00   3.4472152749978022e+00   2.0000000000000000e+00
   9.4721250439791067e+00   4.5891145620063236e+00   2.0000000000000000e+00
   6.5694859717544718e+00   1.4913123341066670e+00   2.0000000000000000e+00
   8.5309138084283944e+00   4.2769618942261909e+00   2.0000000000000000e+00
   7.8881314109361389e-02   5.8054959917414450e+00   2.0000000000000000e+00
   4.7021335305329366e+00   9.1866006476359239e+00   2.0000000000000000e+00
   5.9154717236346199e+00   3.0806432524811234e+00   2.0000000000000000e+00
   4.3612097978028590e+00   8.9662791831943185e+00   2.0000000000000000e+00
   8.8153078331997854e+00   4.1655433176348158e+00   2.0000000000000000e+00
   9.1362719470168035e+00   4.2083563867566811e+00   2.0000000000000000e+00
   4.7064612418813221e+00   8.4772713170583174e+00   2.0000000000000000e+00
   2.0994022694068368e+00   5.8445309888352952e+00   2.0000000000000000e+00
   9.9101549463469301e+00   4.1062722975569566e+00   2.0000000000000000e+00
   1.8258814373221832e+00   6.4980913400214408e+00   2.0000000000000000e+00
   1.9610840243556271e+00   5.5136388065577560e+00   2.0000000000000000e+00
   8.6398710211154679e+00   4.4498735215738883e+00   2.0000000000000000e+00
   4.7481045036150160e+00   8.8300937556584032e+00   2.0000000000000000e+00
   8.3342180797564680e+00   3.6355563687917005e+00   2.0000000000000000e+00
   1.8733381386726788e+00   6.0051856257000749e+00   2.0000000000000000e+00
   4.1685624178116010e+00   9.1218615742305360e+00   2.0000000000000000e+00
   6.7939448414086021e+00   4.0059704927306514e+00   2.0000000000000000e+00
   3.2562435449371052e+00   6.0742007703361187e+00   2.0000000000000000e+00
   4.3598814724920274e+00   9.4311920091792558e+00   2.0000000000000000e+00
   2.6702117496962163e+00   5.5386610353209811e+00   2.0000000000000000e+00
   6.9112908092634804e+00   2.9325066401146849e+00   2.0000000000000000e+00
   4.5504854227463447e+00   9.2693627572236963e+00   2.0000000000000000e+00
   3.9097289667369903e+00   7.1789858576110426e+00   2.0000000000000000e+00
   5.5642166254133283e+00   2.9122774116819459e+00   2.0000000000000000e+00
   5.9879092111934398e+00   2.5595735995475675e+00   2.0000000000000000e+00
   6.5250428582798339e+00   2.9604687323195611e+00   2.0000000000000000e+00
   1.0401735840864856e+00   5.8415352985842759e+00   2.0000000000000000e+00
   3.8700574364138509e+00   8.3589224113816289e+00   2.0000000000000000e+00
   7.7165027561406605e+00   3.1005686863236503e+00   2.0000000000000000e+00
   2.8055114228512066e+00   6.0587438201985186e+00   2.0000000000000000e+00
   5.9172561082204069e+00   2.1486474326929073e-01   2.0000000000000000e+00
   6.1765442450420132e+00   2.5645365504574711e+00   2.0000000000000000e+00
   6.6460250495041890e+00   3.2805125444306960e+00   2.0000000000000000e+00
   3.1986731851583872e+00   6.7434146560594810e+00   2.0000000000000000e+00
   7.9909654571883468e+00   4.2525599837440673e+00   2.0000000000000000e+00
   4.0474950841552833e+00   7.3145922833400405e+00   2.0000000000000000e+00
   6.9473458120697416e+00   1.9895181493315695e+00   2.0000000000000000e+00
   7.4657927274848799e+00   4.4116253174422795e+00   2.0000000000000000e+00
   6.0938481224644061e+00   2.7216016747338423e+00   2.0000000000000000e+00
   6.8843071815298913e+00   4.0217812639589612e+00   2.0000000000000000e+00
   4.6317691913117152e+00   8.5020492498669640e+00   2.0000000000000000e+00
   4.1555572951304640e+00   6.4794808436162477e+00   2.0000000000000000e+00
   7.3630358830233500e-01   5.4787072691983427e+00   2.0000000000000000e+00
   5.6315553431185963e+00   2.5314269888473371e+00   2.0000000000000000e+00
   6.2836424937998547e+00   5.9905504842222457e-01   2.0000000000000000e+00
   1.8515221283663319e+00   5.3052090541698451e+00   2.0000000000000000e+00
   5.4570929275056121e+00   6.9817635676878154e-01   2.0000000000000000e+00
   3.5849840179687034e+00   6.4193598569579171e+00   2.0000000000000000e+00
   6.6764699976241850e+00   3.5219831417225480e+00   2.0000000000000000e+00
   3.6609760523829271e+00   7.6343039203885876e+00   2.0000000000000000e+00
   6.7107866535308922e+00   3.5096711221057522e+00   2.0000000000000000e+00
   6.6633976228184233e+00   2.6403166743444118e+00   2.0000000000000000e+00
   8.1059923311358126e+00   3.3216471427382666e+00   2.0000000000000000e+00
   8.7328939047911813e+00   4.2939179528473073e+00   2.0000000000000000e+00
   3.9800665269864641e+00   6.0668577258313388e+00   2.0000000000000000e+00
   5.9742341518588287e+00   3.5146952921755070e-01   2.0000000000000000e+00
   4.4454243654468284e+00   7.9793858696658386e+00   2.0000000000000000e+00
   2.3465843878150130e+00   6.3358960487620521e+00   2.0000000000000000e+00
   4.2263580447003646e+00   9.1345449071850187e+00   2.0000000000000000e+00
   5.3920623777540388e+00   1.5795155241949155e+00   2.0000000000000000e+00
   8.7217915120944696e+00   3.5178331183809455e+00   2.0000000000000000e+00
   7.5876572575427490e+00   4.2936043876082319e+00   2.0000000000000000e+00
   8.3510794882726156e+00   4.0000174111153219e+00   2.0000000000000000e+00
   7.2385560250291618e+00   4.0669788017104880e+00   2.0000000000000000e+00
   8.3970239267330911e+00   4.6923686119595782e+00   2.0000000000000000e+00
   8.3147154096216518e+00   3.6751747766362817e+00   2.0000000000000000e+00
   8.4451509141236762e+00   3.5716350392528340e+00   2.0000000000000000e+00
   6.2186973993068388e+00   1.0795049795107381e+00   2.0000000000000000e+00
   5.9669465657548058e+00   1.2188239890823971e+00   2.0000000000000000e+00
   3.6080826426102330e+00   8.1549070649495672e+00   2.0000000000000000e+00
   2.5029501382076536e+00   5.4814355352524222e+00   2.0000000000000000e+00
   7.3546159855772917e+00   3.9337882431319384e+00   2.0000000000000000e+00
   8.8460256861845217e+00   4.6749130139755586e+00   2.0000000000000000e+00
   6.5250756250317590e+00   4.2000088831991667e+00   2.0000000000000000e+00
   6.3284774261242314e+00   3.6584645717361663e+00   2.0000000000000000e+00
   7.1005614620224202e+00   4.5032655614082193e+00   2.0000000000000000e+00
   7.3479056326890300e+00   2.7410507154000441e+00   2.0000000000000000e+00
   7.2959695881639597e+00   4.0470636472190913e+00   2.0000000000000000e+00
   2.8997859682309390e+00   5.6573006150663243e+00   2.0000000000000000e+00
   6.7253593297769401e+00   2.8087978062391605e+00   2.0000000000000000e+00
   2.4302499068220120e+00   5.5588431541208019e+00   2.0000000000000000e+00
   1.8076620044606972e-01   5.7665812119970212e+00   2.0000000000000000e+00
   4.6419169328667200e+00   9.0877620653302866e+00   2.0000000000000000e+00
   2.4704252857623787e+00   6.1036637439934083e+00   2.0000000000000000e+00
   1.1986066480823676e-01   5.1217184481707436e+00   3.0000000000000000e+00
   1.3296937018239896e+00   4.6545191460151871e+00   3.0000000000000000e+00
   5.4238974273809006e+00   7.7907669604425021e+00   3.0000000000000000e+00
   1.5718355915887561e+00   4.7454964165828128e+00   3.0000000000000000e+00
   4.5593418763719464e+00   4.8958147573351773e+00   3.0000000000000000e+00
   7.9742591639116034e+00   5.1244513175571065e+00   3.0000000000000000e+00
   8.5816470706180734e+00   4.9064209103213487e+00   3.0000000000000000e+00
   4.8556331828100845e+00   7.5281296365253860e+00   3.0000000000000000e+00
   5.3375396452577153e+00   7.6872623185799869e+00   3.0000000000000000e+00
   4.4307705788229734e+00   4.2591924540177093e+00   3.0000000000000000e+00
   5.1035912621971207e+00   2.2195325614905070e+00   3.0000000000000000e+00
   7.8594099280406233e+00   5.1318816322103036e+00   3.0000000000000000e+00
   4.8516631012269587e+00   3.0406650386673171e+00   3.0000000000000000e+00
   5.5527373856540798e+00   5.7904308292764064e+00   3.0000000000000000e+00
   5.6646671595728915e+00   3.9256041147226006e+00   3.0000000000000000e+00
   4.6262626290774520e+00   6.2445206026522060e+00   3.0000000000000000e+00
   4.5332531498008031e+00   6.2079082349061103e+00   3.0000000000000000e+00
   5.7362384291282664e+00   5.6614938614254040e+00   3.0000000000000000e+00
   4.8863404074812919e+00   3.2449915400686735e+00   3.0000000000000000e+00
   4.6493710521741658e+00   2.0480334578876338e+00   3.0000000000000000e+00
   8.5695212860888024e+00   5.3560351691115482e+00   3.0000000000000000e+00
   1.8977468117367724e+00   5.2819358325199905e+00   3.0000000000000000e+00
   5.9324322183881826e+00   5.9286838745789430e+00   3.0000000000000000e+00
   5.4077368318152930e+00   3.3629870777649473e+00   3.0000000000000000e+00
   8.5141133615967934e+00   5.0483615093956811e+00   3.0000000000000000e+00
   4.3076925995422988e+00   4.2137310948402220e+00   3.0000000000000000e+00
   5.2990071820695706e+00   8.3891577380697875e+00   3.0000000000000000e+00
   3.6071657412473703e+00   4.2704204289568288e+00   3.0000000000000000e+00
   4.7104794710879103e+00   4.4493718388080765e+00   3.0000000000000000e+00
   5.4013773354143346e+00   4.3807494159089853e+00   3.0000000000000000e+00
   5.2723717014422089e+00   7.3188566067949132e+00   3.0000000000000000e+00
   5.2172521192747654e+00   4.5997537147412340e+00   3.0000000000000000e+00
   4.8479738157683308e+00   3.8621815520762128e+00   3.0000000000000000e+00
   5.9054186313114743e+00   4.3116555193516568e+00   3.0000000000000000e+00
   5.6040190326012338e+00   3.9873807301666564e+00   3.0000000000000000e+00
   4.0022580242091790e+00   5.4710604657174766e+00   3.0000000000000000e+00
   2.8617314578715569e+00   4.4357286333220873e+00   3.0000000000000000e+00
   4.1287548045925888e+00   3.3823437461533712e+00   3.0000000000000000e+00
   9.4646552163740090e+00   5.2288421093706638e+00   3.0000000000000000e+00
   5.7164802724782806e+00   3.6018983751168454e+00   3.0000000000000000e+00
   7.1517631314180754e+00   4.5479425760342025e+00   3.0000000000000000e+00
   6.9388582669273271e+00   4.8374134154931898e+00   3.0000000000000000e+00
   9.6799649565970025e+00   4.8575155117485878e+00   3.0000000000000000e+00
   4.6202057322583201e+00   3.3013333158823777e+00   3.0000000000000000e+00
   4.5010308638607874e+00   5.8150206194607517e+00   3.0000000000000000e+00
   5.6171121019213901e+00   4.0564686758527841e+00   3.0000000000000000e+00
   8.8073768299840598e+00   4.7654771291295637e+00   3.0000000000000000e+00
   5.0196214489464319e+00   3.5352019010087297e+00   3.0000000000000000e+00
   6.5683949125209482e+00   4.7412139112285248e+00   3.0000000000000000e+00
   8.9506344203255743e+00   4.9070180889314692e+00   3.0000000000000000e+00
   7.9736476346766105e+00   5.0112527914193183e+00   3.0000000000000000e+00
   5.2298056737203211e+00   9.3278174349515357e+00   3.0000000000000000e+00
   9.3109801981437261e+00   5.3010553862058343e+00   3.0000000000000000e+00
   4.3684992566752880e+00   3.4658863689724573e+00   3.0000000000000000e+00
   9.5255111001475861e+00   4.9424960817466790e+00   3.0000000000000000e+00
   4.8942779732756136e+00   5.3924799497609808e+00   3.0000000000000000e+00
   5.0575675915227070e+00   8.0909253492108206e+00   3.0000000000000000e+00
   4.4850748192037297e+00   2.6419820530999050e+00   3.0000000000000000e+00
   1.8078069571185351e+00   5.0113336432721347e+00   3.0000000000000000e+00
   4.7809797668080343e+00   5.6269504042175207e+00   3.0000000000000000e+00
   4.4859340635013654e+00   3.4568248844921525e+00   3.0000000000000000e+00
   4.3639009695841295e+00   2.7022326035283473e+00   3.0000000000000000e+00
   2.1655217446539221e+00   4.5647340827516807e+00   3.0000000000000000e+00
   6.1662387807945751e-01   5.1448337288060353e+00   3.0000000000000000e+00
   4.1395485950366702e+00   5.3666772940001364e+00   3.0000000000000000e+00
   4.6939583410184129e+00   7.0800809525661315e+00   3.0000000000000000e+00
   5.4151106379230631e+00   5.1401542045624735e+00   3.0000000000000000e+00
   6.2862610877303338e+00   4.5716897388669047e+00   3.0000000000000000e+00
   5.3400282940871877e+00   8.1881524121346025e+00   3.0000000000000000e+00
   4.6937765388547597e+00   4.9233964951941491e+00   3.0000000000000000e+00
   6.6641095872518044e+00   5.1525492051799402e+00   3.0000000000000000e+00
   2.4126734489070580e+00   5.0654772602258546e+00   3.0000000000000000e+00
   5.0852193464190441e+00   5.2348244875714558e+00   3.0000000000000000e+00
   4.0853366936525646e+00   5.2596630114789322e+00   3.0000000000000000e+00
   4.3669315359704068e+00   4.2710328365743333e+00   3.0000000000000000e+00
   4.6948592039860229e+00   3.1300176587139230e+00   3.0000000000000000e+00
   4.0949004985454422e+00   5.4073389969800276e+00   3.0000000000000000e+00
   5.0310411773211037e+00   9.7648773153617476e+00   3.0000000000000000e+00
   5.8366458970309187e+00   5.5278396181974152e+00   3.0000000000000000e+00
   6.1848386472988404e+00   5.9004752128227045e+00   3.0000000000000000e+00
   3.3704910397784413e+00   4.3483622558707911e+00   3.0000000000000000e+00
   5.5056589393299298e+00   5.6990784097591298e+00   3.0000000000000000e+00
   4.4727817693453424e+00   2.7168119097263190e+00   3.0000000000000000e+00
   6.0989337966638448e+00   4.3374480772567026e+00   3.0000000000000000e+00
   4.4849939707583140e+00   2.0959475140157577e+00   3.0000000000000000e+00
   5.3399808373972801e+00   4.3906926895236023e+00   3.0000000000000000e+00
   4.7172635036038999e+00   1.5891878009885085e+00   3.0000000000000000e+00
   5.2539219656684679e+00   1.6072739703193073e+00   3.0000000000000000e+00
   4.8307842066353714e+00   6.8865222401116766e+00   3.0000000000000000e+00
   4.7169149010337472e+00   7.9893840335308681e+00   3.0000000000000000e+00
   5.3866026414304216e+00   4.9707569796203934e+00   3.0000000000000000e+00
   4.8426511476735481e+00   6.4043690494034786e+00   3.0000000000000000e+00
   4.8278454976164920e+00   5.6852955508040468e+00   3.0000000000000000e+00
   8.5878315684660009e+00   5.2490704973292726e+00   3.0000000000000000e+00
   1.5004563172134333e+00   4.7153525558725908e+00   3.0000000000000000e+00
   5.3244923601694447e+00   5.7101100274399155e+00   3.0000000000000000e+00
   4.7050344560077999e+00   7.0957559063716702e-01   3.0000000000000000e+00
   4.8579411012750642e+00   8.3754391309905141e-01   3.0000000000000000e+00
   4.1806118586753183e+00   5.5372428408294274e+00   3.0000000000000000e+00
   5.3230838068836679e+00   5.4332884652564690e+00   3.0000000000000000e+00
   3.7309854923870334e+00   4.7760964110298278e+00   3.0000000000000000e+00
   8.4631446061172948e+00   4.8372559896065495e+00   3.0000000000000000e+00
   4.3759700072629828e+00   5.2676802081909448e+00   3.0000000000000000e+00
   4.0751597694526707e+00   3.5447235409599189e+00   3.0000000000000000e+00
   3.1232268366676497e+00   5.0806291997202733e+00   3.0000000000000000e+00
   4.7421261794707350e+00   1.5107161781278577e-01   3.0000000000000000e+00
   4.7597049917736456e+00   4.9985691900059970e-01   3.0000000000000000e+00
   5.2807955126349260e+00   7.8293645815765203e+00   3.0000000000000000e+00
   2.3842465815984704e-01   4.8885023754500692e+00   3.0000000000000000e+00
   6.8832263495829071e+00   5.1394236612701025e+00   3.0000000000000000e+00
   5.1749192432212894e+00   8.1854913544495354e+00   3.0000000000000000e+00
   7.3524083409452992e+00   4.8252183491137792e+00   3.0000000000000000e+00
   4.3302963958346918e+00   5.9740157649760937e+00   3.0000000000000000e+00
   2.8496163963753096e-01   4.9548211781851457e+00   3.0000000000000000e+00
   2.5676025575870454e-01   4.9604103394482522e+00   3.0000000000000000e+00
   5.9310264368572971e+00   6.3201703123013342e+00   3.0000000000000000e+00
   3.9418859028864284e+00   4.1473640344564586e+00   3.0000000000000000e+00
   6.9107533499739793e+00   4.9531703694241482e+00   3.0000000000000000e+00
   8.5540671638792958e+00   4.9649291379549210e+00   3.0000000000000000e+00
   5.1131773405336034e+00   1.5686193695437034e+00   3.0000000000000000e+00
   6.6898487473980461e+00   4.8141444597072400e+00   3.0000000000000000e+00
   8.9402124079283816e+00   5.2119047094977269e+00   3.0000000000000000e+00
   2.4420764781125150e+00   4.9047517944185257e+00   3.0000000000000000e+00
   5.5628752310643339e+00   6.6933862642863753e+00   3.0000000000000000e+00
   9.1978675869017419e+00   5.1712097767477303e+00   3.0000000000000000e+00
   5.9742707702396860e+00   4.7921860652341142e+00   3.0000000000000000e+00
   1.8554865328332903e+00   5.0314694984876196e+00   3.0000000000000000e+00
   4.3537157994344327e+00   4.5513377800380228e+00   3.0000000000000000e+00
   4.0618362599409501e+00   4.8105291429778516e+00   3.0000000000000000e+00
   4.7707758300609751e+00   4.1053979536225604e+00   3.0000000000000000e+00
   5.2022079536361545e+00   8.2398288061718716e+00   3.0000000000000000e+00
   7.8424805003195655e+00   5.0332863941038539e+00   3.0000000000000000e+00
   4.1352467185413051e+00   3.3406186877271216e+00   3.0000000000000000e+00
   5.0731633241074316e+00   3.9202649503274523e+00   3.0000000000000000e+00
   9.0680452464330656e+00   5.2769129902808878e+00   3.0000000000000000e+00
   2.7225360633352258e+00   4.6890865023264583e+00   3.0000000000000000e+00
   6.5498823905383858e+00   5.6321532855187053e+00   3.0000000000000000e+00
   7.7845949048915832e+00   4.6964288847078270e+00   3.0000000000000000e+00
   2.3476845221036635e+00   4.9729751838434675e+00   3.0000000000000000e+00
   4.6614418411089673e+00   5.1788238585995927e+00   3.0000000000000000e+00
   7.3852613562302221e+00   5.4077256997573198e+00   3.0000000000000000e+00
   8.1330799472758404e+00   4.9689506605255147e+00   3.0000000000000000e+00
   4.3856381504485160e+00   3.2763486303333900e+00   3.0000000000000000e+00
   4.2952008605711223e+00   5.1785084136736454e+00   3.0000000000000000e+00
   6.7748944658342864e+00   4.7385074999123891e+00   3.0000000000000000e+00
   4.5212082139474301e+00   2.8220919976751979e+00   3.0000000000000000e+00
   5.4546245794013668e+00   3.2436204332096965e+00   3.0000000000000000e+00
   4.8572751310300415e+00   2.6207854037758738e+00   3.0000000000000000e+00
   5.3333475653313931e+00   9.2051361011023403e+00   3.0000000000000000e+00
   4.6771318992892477e+00   3.6236794528056251e+00   3.0000000000000000e+00
   4.1285687551554515e+00   5.6866908121841249e+00   3.0000000000000000e+00
   6.8542813977990154e+00   4.7956923213521225e+00   3.0000000000000000e+00
   5.2834841152157992e+00   3.7136417157686985e+00   3.0000000000000000e+00
   5.1699469764884851e+00   3.6243478249998020e+00   3.0000000000000000e+00
   6.1628081435200475e+00   5.7746665584350438e+00   3.0000000000000000e+00
   6.2216182684946455e+00   5.0002612399327093e+00   3.0000000000000000e+00
   3.1201995889723797e+00   4.9288104074250949e+00   3.0000000000000000e+00
   6.6006129430799012e+00   4.6681635200582194e+00   3.0000000000000000e+00
   9.4208984057809246e+00   5.0602350843756820e+00   3.0000000000000000e+00
   2.9911562997697616e+00   5.3873194589078635e+00   3.0000000000000000e+00
   7.3108367380604653e+00   5.1613741119554692e+00   3.0000000000000000e+00
   4.6177673763178104e+00   4.3699001174035859e+00   3.0000000000000000e+00
   5.2990972090199628e+00   8.4921238617996035e+00   3.0000000000000000e+00
   7.4341554346926140e+00   4.9152530830534626e+00   3.0000000000000000e+00
   5.4472765293157988e+00   6.8530646625312190e+00   3.0000000000000000e+00
   5.8487702422479515e+00   4.1743767198593922e+00   3.0000000000000000e+00
   4.3800266440424673e-02   4.7446369000502422e+00   3.0000000000000000e+00
   3.8394317549815771e+00   5.0213518569440492e+00   3.0000000000000000e+00
   6.1491411141756576e+00   5.0617112017038570e+00   3.0000000000000000e+00
   5.1150688505419684e+00   9.2936584757356044e+00   3.0000000000000000e+00
   4.8489508030430395e+00   1.1945567201046203e+00   3.0000000000000000e+00
   5.2911843533180267e+00   4.0192509537688963e+00   3.0000000000000000e+00
   6.4973023869994400e+00   5.6851191617777150e+00   3.0000000000000000e+00
   2.9217477268688063e+00   4.5115086170709180e+00   3.0000000000000000e+00
   4.2587481000360459e+00   5.2291923728514131e+00   3.0000000000000000e+00
   4.0391158995177907e+00   4.4995256800313257e+00   3.0000000000000000e+00
   4.9292916719767632e+00   6.0132227229597488e+00   3.0000000000000000e+00
   5.3393448453042991e+00   2.5586687084634741e+00   3.0000000000000000e+00
   4.5278229180511795e+00   2.2285555958290351e+00   3.0000000000000000e+00
   1.8434647555394346e+00   4.7978638760820616e+00   3.0000000000000000e+00
   4.8844220031947359e+00   2.7968733556579171e+00   3.0000000000000000e+00
   4.8269469293462883e+00   4.8225231114412459e-01   3.0000000000000000e+00
   5.2628405485518934e+00   9.3894635482830076e+00   3.0000000000000000e+00
   5.0159872070403519e+00   5.2049209075788827e+00   3.0000000000000000e+00
   5.0853911209829894e+00   1.2452417374341540e+00   3.0000000000000000e+00
   5.5152957125057958e+00   3.4515548471208901e+00   3.0000000000000000e+00
   5.4778127392680940e+00   6.0409486325747164e+00   3.0000000000000000e+00
   5.1928296276631052e+00   9.6100174064658468e+00   3.0000000000000000e+00
   3.9431554341469943e-01   4.8764095110538141e+00   3.0000000000000000e+00
   1.8336818268078758e-01   4.8184547677423462e+00   3.0000000000000000e+00
   4.7676853816969800e+00   7.6754950523710832e+00   3.0000000000000000e+00
   5.3520594599668581e+00   8.9873566179950650e+00   3.0000000000000000e+00
   7.0274615551733488e+00   7.7449659433594329e+00   4.0000000000000000e+00
   6.1557597845028598e+00   9.6063917572425996e+00   4.0000000000000000e+00
   5.7363700443727774e+00   8.7332513821177589e+00   4.0000000000000000e+00
   9.2515484947124964e+00   5.8233415922823637e+00   4.0000000000000000e+00
   1.7333169456125741e+00   3.8401401533029866e+00   4.0000000000000000e+00
   7.4473807967628547e+00   6.2934550121578781e+00   4.0000000000000000e+00
   7.2845802833311204e+00   6.9388183924729674e+00   4.0000000000000000e+00
   8.5010534986506077e+00   5.7079124779599821e+00   4.0000000000000000e+00
   5.9151401346755703e+00   7.4309728556939589e+00   4.0000000000000000e+00
   4.5052854097242134e+00   5.2949820239665546e-01   4.0000000000000000e+00
   3.5867899283937597e+00   3.8312541561091242e+00   4.0000000000000000e+00
   6.1047688429841003e+00   7.5818488312350585e+00   4.0000000000000000e+00
   8.3612408622134886e+00   6.2003292731833595e+00   4.0000000000000000e+00
   6.4081563518657356e+00   8.2509442624851346e+00   4.0000000000000000e+00
   3.1190724667670477e-01   4.3322723940984007e+00   4.0000000000000000e+00
   1.5724287931533343e+00   3.6527460204917608e+00   4.0000000000000000e+00
   7.6094848378684654e+00   6.2969462454586402e+00   4.0000000000000000e+00
   3.9338499727800738e+00   3.3654264950846735e+00   4.0000000000000000e+00
   5.7419467549162393e+00   7.1030752579400325e+00   4.0000000000000000e+00
   9.1574587162493497e+00   6.4416366487435024e+00   4.0000000000000000e+00
   3.7904598611119713e+00   3.8323282200674713e-01   4.0000000000000000e+00
   4.2494573540833898e+00   2.5189299897242279e+00   4.0000000000000000e+00
   8.4691766382670757e+00   6.5319442406309491e+00   4.0000000000000000e+00
   8.7798727429674024e+00   6.2999271318169043e+00   4.0000000000000000e+00
   3.5254345608022417e+00   2.7302503617159224e+00   4.0000000000000000e+00
   5.4924858039820545e+00   8.1273212797292427e+00   4.0000000000000000e+00
   9.6035747386639194e+00   5.3810588300225852e+00   4.0000000000000000e+00
   4.2539790933795310e+00   4.3580672216820826e-01   4.0000000000000000e+00
   3.7671508782645837e+00   2.4042215332960728e+00   4.0000000000000000e+00
   4.5322543122597683e+00   3.1210880484441206e-01   4.0000000000000000e+00
   1.9660704692585451e+00   3.6131881371966901e+00   4.0000000000000000e+00
   8.0761311499730457e+00   6.8247193017094174e+00   4.0000000000000000e+00
   5.9305713089331498e+00   8.3266753633157737e+00   4.0000000000000000e+00
   1.0240754579617362e+00   4.2330435887556153e+00   4.0000000000000000e+00
   4.2799680989121605e+00   4.0997077319917197e-01   4.0000000000000000e+00
   5.6733278102680114e+00   7.8256532549590609e+00   4.0000000000000000e+00
   5.8255553155938200e+00   7.8602282959547951e+00   4.0000000000000000e+00
   1.8130221904272603e-01   3.7431037264789566e+00   4.0000000000000000e+00
   6.8758659357997640e+00   6.7441191542607495e+00   4.0000000000000000e+00
   4.1190965180954855e+00   2.8922909028180719e+00   4.0000000000000000e+00
   8.4719481932487977e+00   5.5720363736132725e+00   4.0000000000000000e+00
   4.4140091073729284e+00   5.5812873286976483e-01   4.0000000000000000e+00
   6.6504979710029000e+00   5.9863475432108917e+00   4.0000000000000000e+00
   1.7716138567471651e+00   3.6449849215027132e+00   4.0000000000000000e+00
   3.5410446298644960e+00   2.8008751255866970e+00   4.0000000000000000e+00
   6.4492755861659812e-01   4.5472850528347495e+00   4.0000000000000000e+00
   2.3639985862930288e+00   4.2332963978346916e+00   4.0000000000000000e+00
   7.7744661871963334e+00   6.8340126747984078e+00   4.0000000000000000e+00
   3.3849497984128005e+00   1.5800764347410112e+00   4.0000000000000000e+00
   3.8613893899877971e+00   2.9652890728517303e+00   4.0000000000000000e+00
   3.6832715844903108e+00   5.1535016147326806e-01   4.0000000000000000e+00
   1.3967443283418457e+00   4.4217070966090057e+00   4.0000000000000000e+00
   6.3430752271496278e+00   7.6500750183148796e+00   4.0000000000000000e+00
   3.6812235560411977e+00   3.6944471699618697e+00   4.0000000000000000e+00
   7.7715803053940817e+00   6.4292599763109930e+00   4.0000000000000000e+00
   8.8988681716261731e+00   5.9803593525020871e+00   4.0000000000000000e+00
   5.5027877008686898e+00   8.6677449613157371e+00   4.0000000000000000e+00
   8.2104542318952092e+00   6.1970633644001865e+00   4.0000000000000000e+00
   4.0153948815309253e+00   2.4691782282877304e+00   4.0000000000000000e+00
   3.1772365252916721e+00   2.5366797335069933e+00   4.0000000000000000e+00
   2.0484903158704091e+00   4.4686435064147902e+00   4.0000000000000000e+00
   4.6817031083420058e-01   3.7999050672925594e+00   4.0000000000000000e+00
   3.8322372214235720e+00   6.9009895214874106e-01   4.0000000000000000e+00
   6.6842278633007481e+00   8.4934242956372987e+00   4.0000000000000000e+00
   6.0047102447730154e+00   6.8640133341439764e+00   4.0000000000000000e+00
   6.6788352242627980e+00   6.2937199305481979e+00   4.0000000000000000e+00
   7.0561586175440913e+00   5.8047474442319587e+00   4.0000000000000000e+00
   7.1548695671886708e+00   7.4125820007213958e+00   4.0000000000000000e+00
   3.3601725039122554e+00   4.0136310238709907e+00   4.0000000000000000e+00
   2.8737760508993704e+00   4.1082536529922269e+00   4.0000000000000000e+00
   2.9565261238921781e-01   3.9681774498454869e+00   4.0000000000000000e+00
   3.1062922617616451e+00   2.1469647333129926e+00   4.0000000000000000e+00
   4.6654003127999886e+00   2.4636872909192808e-01   4.0000000000000000e+00
   2.8040889260682622e+00   3.2178195131499567e+00   4.0000000000000000e+00
   5.5400484411244868e+00   9.9683442765094412e+00   4.0000000000000000e+00
   3.3853127091764943e+00   1.9933093164253735e+00   4.0000000000000000e+00
   6.0306192106539802e+00   8.2884877769559058e+00   4.0000000000000000e+00
   6.1426349955808393e+00   7.5861092647622108e+00   4.0000000000000000e+00
   4.2713963560658241e+00   1.5752545893435477e+00   4.0000000000000000e+00
   6.0286872337268358e+00   6.6590288800768676e+00   4.0000000000000000e+00
   5.7518825465659589e+00   8.7520185710255287e+00   4.0000000000000000e+00
   3.0729809569860067e+00   2.8640582603366802e+00   4.0000000000000000e+00
   7.9511172741785838e+00   5.5817883392166916e+00   4.0000000000000000e+00
   5.9467055745859279e+00   7.7992048280989028e+00   4.0000000000000000e+00
   6.3181331469311282e+00   6.9868659660891206e+00   4.0000000000000000e+00
   3.6566526737511351e+00   3.3075812108802860e+00   4.0000000000000000e+00
   5.4024614822266290e+00   8.8299422529108291e+00   4.0000000000000000e+00
   1.7629258461397601e+00   3.5394901968986514e+00   4.0000000000000000e+00
   5.8179758962745165e+00   9.9545563671175721e+00   4.0000000000000000e+00
   3.4354236657991546e+00   3.9226080595873505e+00   4.0000000000000000e+00
   3.2891550698518399e+00   1.8131517836982192e+00   4.0000000000000000e+00
   7.4911116525657668e+00   6.1341832283555240e+00   4.0000000000000000e+00
   8.2397147668942541e+00   6.3105309342151656e+00   4.0000000000000000e+00
   9.6321187268179980e+00   5.7755227783769687e+00   4.0000000000000000e+00
   5.6543105648112650e+00   8.8266086995055417e+00   4.0000000000000000e+00
   1.8842271181527748e+00   4.0761063801547035e+00   4.0000000000000000e+00
   3.6843139022624860e+00   1.7555949585800312e+00   4.0000000000000000e+00
   5.4853981045657472e+00   9.5061636755895247e+00   4.0000000000000000e+00
   5.5487293683933565e+00   9.3600342031571557e+00   4.0000000000000000e+00
   7.4856537112442449e+00   6.6621640079130806e+00   4.0000000000000000e+00
   8.4439636341556383e+00   6.5263499870473032e+00   4.0000000000000000e+00
   6.3098131498930732e+00   8.2395384007521102e+00   4.0000000000000000e+00
   1.6000630007301841e+00   4.4444085570256302e+00   4.0000000000000000e+00
   3.7929997801626025e+00   2.5340897964253828e+00   4.0000000000000000e+00
   6.8565178082299703e+00   6.9865110259454042e+00   4.0000000000000000e+00
   1.1607718098999487e+00   4.4823839181455272e+00   4.0000000000000000e+00
   7.9441951894362282e+00   6.8567376276574326e+00   4.0000000000000000e+00
   1.4596588710198966e+00   4.2504606277354231e+00   4.0000000000000000e+00
   8.5977752558367744e+00   6.0979907471856265e+00   4.0000000000000000e+00
   3.8882935362531788e+00   5.7309983507815687e-01   4.0000000000000000e+00
   8.4647394911318896e-01   3.7624469696437810e+00   4.0000000000000000e+00
   3.7161402940758572e+00   6.8550513035637639e-01   4.0000000000000000e+00
   2.0650657852186418e+00   3.4490405319557063e+00   4.0000000000000000e+00
   4.7012272265834709e-01   3.7731381490566052e+00   4.0000000000000000e+00
   2.9198884281559803e+00   3.6493408514078709e+00   4.0000000000000000e+00
   4.2891481283544106e+00   1.6129715799451771e+00   4.0000000000000000e+00
   5.3838475132679751e+00   9.1997373209335827e+00   4.0000000000000000e+00
   3.4922478947464120e+00   1.8861090482968457e+00   4.0000000000000000e+00
   7.1232274075171684e+00   6.9344370479904018e+00   4.0000000000000000e+00
   5.5734055734780954e+00   8.4254099277176557e+00   4.0000000000000000e+00
   5.7327233375788520e+00   9.1085524137192735e+00   4.0000000000000000e+00
   7.2875883992730888e+00   6.0187214234760855e+00   4.0000000000000000e+00
   2.6157113051172076e+00   2.9009478441165260e+00   4.0000000000000000e+00
   4.0511671078775660e+00   1.3953340709826767e+00   4.0000000000000000e+00
   2.3035220948089883e+00   4.2685535889963679e+00   4.0000000000000000e+00
   6.6809757527067486e+00   7.6205660717459134e+00   4.0000000000000000e+00
   3.6393082891689010e+00   3.7139364483030359e+00   4.0000000000000000e+00
   3.8917416310891872e+00   2.2767531670632057e+00   4.0000000000000000e+00
   2.6577707873270615e+00   3.1550638804786981e+00   4.0000000000000000e+00
   3.6337649505527625e+00   1.8014287709626042e+00   4.0000000000000000e+00
   3.9937363188027164e+00   2.1231926479748795e+00   4.0000000000000000e+00
   2.9786073462037468e+00   3.6354383795826695e+00   4.0000000000000000e+00
   5.8423060977123615e+00   7.8493284947407922e+00   4.0000000000000000e+00
   9.8155772155538052e+00   5.5312701101396469e+00   4.0000000000000000e+00
   6.1639954855708172e+00   6.6264596169456800e+00   4.0000000000000000e+00
   2.8785558474885162e+00   3.3711436064811604e+00   4.0000000000000000e+00
   9.6552435328413360e+00   5.8913800052732235e+00   4.0000000000000000e+00
   8.1244605515207069e-01   4.2576293373687513e+00   4.0000000000000000e+00
   3.6279899210990720e+00   2.6501360140358168e+00   4.0000000000000000e+00
   6.2978812224394440e+00   9.4344412822110826e+00   4.0000000000000000e+00
   6.0580694738768637e+00   6.7576857167388500e+00   4.0000000000000000e+00
   6.1246364109548646e+00   9.0010692085011961e+00   4.0000000000000000e+00
   4.3608137186624170e+00   9.8859263944344300e-01   4.0000000000000000e+00
   7.0908864361085779e+00   7.5030484686554741e+00   4.0000000000000000e+00
   7.4220844475290280e+00   7.2789328271199398e+00   4.0000000000000000e+00
   4.4505938747371987e+00   2.0623548056852679e+00   4.0000000000000000e+00
   6.3260784447805731e+00   8.3604658945051273e+00   4.0000000000000000e+00
   6.4427661354304782e+00   9.0220161506907086e+00   4.0000000000000000e+00
   3.4988856503334889e+00   1.4481398684922897e+00   4.0000000000000000e+00
   5.5554176265161530e+00   9.2221920052617108e+00   4.0000000000000000e+00
   7.1086216186052660e+00   6.2390378751072753e+00   4.0000000000000000e+00
   6.1455223768076230e+00   6.7831195426341164e+00   4.0000000000000000e+00
   4.2196367408928159e+00   2.4046404735300619e+00   4.0000000000000000e+00
   6.2580625738809719e+00   6.2292634271912437e+00   4.0000000000000000e+00
   6.6087234507091299e+00   7.4284272862109955e+00   4.0000000000000000e+00
   2.2746542446703266e+00   2.8811637159721979e+00   4.0000000000000000e+00
   3.2755652232427090e+00   4.0854910108296183e+00   4.0000000000000000e+00
   6.0381809069742411e+00   8.9304608213799277e+00   4.0000000000000000e+00
   8.1528298565066208e+00   5.6498482479604455e+00   4.0000000000000000e+00
   8.4080353136500605e+00   6.4721662982047921e+00   4.0000000000000000e+00
   9.5860413077018549e+00   5.5500854444348091e+00   4.0000000000000000e+00
   3.5123593334687397e+00   3.4868413183004643e+00   4.0000000000000000e+00
   4.4128767915931348e+00   9.8237146428996724e-01   4.0000000000000000e+00
   3.1267363759427624e-01   3.8351915504464018e+00   4.0000000000000000e+00
   8.4695428358752576e+00   6.7183770106191503e+00   4.0000000000000000e+00
   8.4551988350819922e+00   5.8340346847995939e+00   4.0000000000000000e+00
   6.3216007169277191e+00   7.8010176549370858e+00   4.0000000000000000e+00
   3.8192046386023435e+00   1.2832530235560791e+00   4.0000000000000000e+00
   1.5530669686423515e+00   3.6008971020204439e+00   4.0000000000000000e+00
   8.4797619231148396e+00   5.6399135002905680e+00   4.0000000000000000e+00
   4.4243746233225920e+00   2.3144240326425845e+00   4.0000000000000000e+00
   1.4919559796824389e+00   3.4820848499490973e+00   4.0000000000000000e+00
   6.3002420679775861e+00   7.0886049957101882e+00   4.0000000000000000e+00
   3.6626089736907930e+00   1.6894081641400738e+00   4.0000000000000000e+00
   2.6608044956422972e+00   3.5799727111119886e+00   4.0000000000000000e+00
   3.2357333461034363e+00   2.4378725273351409e+00   4.0000000000000000e+00
   4.0082066280428874e-01   3.7219413883690402e+00   4.0000000000000000e+00
   6.8220796504971917e+00   6.0459800792355454e+00   4.0000000000000000e+00
   3.3005592101582835e+00   1.9833228259858138e+00   4.0000000000000000e+00
   6.6615613840311276e+00   6.7123208796180736e+00   4.0000000000000000e+00
   8.4680214044100541e+00   5.8742826445088454e+00   4.0000000000000000e+00
   6.2050062634138463e+00   8.6738018812842093e+00   4.0000000000000000e+00
   8.1526925843304134e+00   5.6240993550904994e+00   4.0000000000000000e+00
   8.3251374750096616e+00   9.1118791550815228e+00   5.0000000000000000e+00
   1.7836934662990356e+00   2.7262410616390342e-01   5.0000000000000000e+00
   9.4255176132756482e+00   8.1566030026165652e+00   5.0000000000000000e+00
   9.2147497860638357e+00   7.1914053566084952e+00   5.0000000000000000e+00
   8.6710765010363922e+00   8.3141185554749448e+00   5.0000000000000000e+00
   8.9564591736976986e+00   9.2102788515393073e+00   5.0000000000000000e+00
   1.8840399726017898e+00   6.2373894705897714e-01   5.0000000000000000e+00
   2.0437703009194852e+00   1.5379798276219303e+00   5.0000000000000000e+00
   1.3078709258501775e+00   2.6375851756502966e+00   5.0000000000000000e+00
   1.3447605400821305e+00   2.7633714306905088e-01   5.0000000000000000e+00
   7.7975396272110098e+00   8.8351868692112596e+00   5.0000000000000000e+00
   2.2741627811522438e+00   1.0441036889673205e+00   5.0000000000000000e+00
   7.4961138675193828e-01   2.4133492180442726e+00   5.0000000000000000e+00
   1.0639476415476923e+00   2.5732644494848733e+00   5.0000000000000000e+00
   7.7026151061959389e+00   9.0724379973577136e+00   5.0000000000000000e+00
   6.8872211843405209e+00   9.5076862081926290e+00   5.0000000000000000e+00
   7.6216712193082135e+00   8.2484495726700011e+00   5.0000000000000000e+00
   7.6542634675330321e+00   7.3924715981401388e+00   5.0000000000000000e+00
   1.9488749809121375e+00   2.6255601201700562e-01   5.0000000000000000e+00
   8.1348348569593263e+00   6.9383849756410623e+00   5.0000000000000000e+00
   3.6798470884580325e+00   1.6122429387175896e-01   5.0000000000000000e+00
   1.9021101912021243e+00   1.6780158514664234e+00   5.0000000000000000e+00
   1.3067869160450429e+00   6.5627311094308416e-02   5.0000000000000000e+00
   9.6334354418537185e+00   9.2894612810970472e+00   5.0000000000000000e+00
   9.7612303037943811e+00   9.0223061589077620e+00   5.0000000000000000e+00
   8.4115952554307665e+00   7.7893519422649593e+00   5.0000000000000000e+00
   8.0435937235638661e+00   9.3025716863216843e+00   5.0000000000000000e+00
   5.4722257350231063e-01   3.5103407876908954e+00   5.0000000000000000e+00
   2.0386657213811930e+00   1.5591386098070359e+00   5.0000000000000000e+00
   5.5131752002128831e-01   2.0541691867614151e+00   5.0000000000000000e+00
   1.2926964405683039e+00   2.8291662393353056e+00   5.0000000000000000e+00
   2.0146418645168698e+00   2.5409149663818811e+00   5.0000000000000000e+00
   9.5326765946394652e+00   7.3430489413793563e+00   5.0000000000000000e+00
   9.0326745680105152e+00   7.3621003286715183e+00   5.0000000000000000e+00
   2.8497541626889120e+00   7.0423368504057948e-01   5.0000000000000000e+00
   7.5039323398894231e+00   8.0858169196842873e+00   5.0000000000000000e+00
   7.7234013505247132e+00   9.9073076547096246e+00   5.0000000000000000e+00
   9.9232290164332930e+00   7.9039394259229319e+00   5.0000000000000000e+00
   3.3999446824238913e+00   1.1875560897028392e+00   5.0000000000000000e+00
   1.3877192105002645e+00   1.9156782167009023e+00   5.0000000000000000e+00
   1.9444123460408080e+00   2.2891416209090734e+00   5.0000000000000000e+00
   9.4337598463444614e+00   7.4918622668721095e+00   5.0000000000000000e+00
   9.5793150109174405e+00   7.8934317415542523e+00   5.0000000000000000e+00
   7.9117110481218820e+00   9.3137185197961685e+00   5.0000000000000000e+00
   9.3685287734776850e+00   6.5317160601213669e+00   5.0000000000000000e+00
   1.7464212292925585e+00   1.8199183551146725e+00   5.0000000000000000e+00
   8.0398851421315864e+00   7.0292764176778535e+00   5.0000000000000000e+00
   8.7189245766368106e-01   4.5688030405146907e-01   5.0000000000000000e+00
   1.6327062920069557e+00   4.1139261986536946e-01   5.0000000000000000e+00
   2.4126108395244561e+00   2.0572898575754781e+00   5.0000000000000000e+00
   2.1930166790416572e+00   4.7312556738421385e-02   5.0000000000000000e+00
   8.2027308129271645e+00   6.9053196076288650e+00   5.0000000000000000e+00
   9.2178838602042763e+00   8.3558905774684114e+00   5.0000000000000000e+00
   6.9859329961943994e-01   2.8426609634907249e+00   5.0000000000000000e+00
   8.6774355103359859e+00   8.1281111481935149e+00   5.0000000000000000e+00
   8.3746893627509458e+00   7.3816419376788422e+00   5.0000000000000000e+00
   8.4319240357837124e+00   6.7564382617059158e+00   5.0000000000000000e+00
   3.4006293592273771e+00   6.5169260329225986e-01   5.0000000000000000e+00
   1.1658832088486748e+00   2.7399345868199312e+00   5.0000000000000000e+00
   8.8007177803874814e+00   9.6487495930097715e+00   5.0000000000000000e+00
   1.8860675089253043e-01   2.7071903324344868e+00   5.0000000000000000e+00
   6.5482681735451020e-01   2.1281028255215864e+00   5.0000000000000000e+00
   1.1943760791518931e-01   4.5644541366142599e-01   5.0000000000000000e+00
   7.6571635791288077e+00   7.8623103165956651e+00   5.0000000000000000e+00
   8.3525028527739824e+00   8.8179006900041497e+00   5.0000000000000000e+00
   2.7135218328120745e+00   6.1711085271856758e-01   5.0000000000000000e+00
   7.3215375997338654e+00   9.2748289146828782e+00   5.0000000000000000e+00
   8.8368981753395506e+00   7.1005470408996629e+00   5.0000000000000000e+00
   9.9518414691064763e+00   8.5354609181086474e+00   5.0000000000000000e+00
   9.8449320809230354e+00   6.4641626371900269e+00   5.0000000000000000e+00
   7.2066584223922838e+00   9.7515181353915565e+00   5.0000000000000000e+00
   9.0234235528853510e+00   6.6676322215864623e+00   5.0000000000000000e+00
   6.8738743607181805e+00   9.0824138005364290e+00   5.0000000000000000e+00
   9.7762016383442720e+00   9.5113893940244232e+00   5.0000000000000000e+00
   8.5543130819870719e+00   9.9299320134198439e+00   5.0000000000000000e+00
   3.6511308462880332e+00   9.2387660186534770e-02   5.0000000000000000e+00
   3.3514128900647955e+00   4.1487543334540300e-01   5.0000000000000000e+00
   7.2163201520329165e+00   9.5026011810770736e+00   5.0000000000000000e+00
   9.2169669227219622e+00   8.6908668168029060e+00   5.0000000000000000e+00
   8.8725932678119843e+00   9.0164825505580453e+00   5.0000000000000000e+00
   8.3905306858921467e+00   8.5560249868222567e+00   5.0000000000000000e+00
   9.7691051385366023e+00   9.0884822303602810e+00   5.0000000000000000e+00
   7.4007433436621302e+00   8.1025915802184123e+00   5.0000000000000000e+00
   8.1855030873809405e+00   9.0462255514572494e+00   5.0000000000000000e+00
   8.1494397986006479e+00   8.6215178677556512e+00   5.0000000000000000e+00
   9.2822807777773750e+00   8.2595259054384780e+00   5.0000000000000000e+00
   6.8725736086110594e+00   9.4801635024886046e+00   5.0000000000000000e+00
   1.6338441573505413e+00   6.9292542037465488e-01   5.0000000000000000e+00
   1.4614551271921605e+00   1.8336974453279264e+00   5.0000000000000000e+00
   7.9064108771145154e+00   8.6365582516667292e+00   5.0000000000000000e+00
   2.6830451234572950e-02   2.7204507424596280e+00   5.0000000000000000e+00
   2.7862288478206834e+00   7.3884189302172332e-01   5.0000000000000000e+00
   3.9228119124135818e-01   2.5681824241254860e+00   5.0000000000000000e+00
   9.9407541035602787e-01   3.9015371417293832e-01   5.0000000000000000e+00
   5.7579884317715546e-02   2.1639102585818240e+00   5.0000000000000000e+00
   8.1146493554452137e-01   1.1838720527494762e+00   5.0000000000000000e+00
   6.9277382572392767e+00   9.3929681319612381e+00   5.0000000000000000e+00
   9.6031479230276382e+00   6.7965255962491806e+00   5.0000000000000000e+00
   7.9099362181242476e+00   9.6420278579627290e+00   5.0000000000000000e+00
   9.6584067144023216e+00   9.2419086810154827e+00   5.0000000000000000e+00
   2.5971900797879810e+00   1.8797666382344813e+00   5.0000000000000000e+00
   8.0094357784145647e+00   7.2893494680258710e+00   5.0000000000000000e+00
   7.4641852860447671e+00   9.2057143931524639e+00   5.0000000000000000e+00
   2.0131288190156873e+00   1.7337197670435123e+00   5.0000000000000000e+00
   3.4213173333490832e-01   8.6278581249071173e-01   5.0000000000000000e+00
   8.3313251814288929e+00   7.0037018396686168e+00   5.0000000000000000e+00
   1.8056767661734296e+00   4.3675087618852526e-01   5.0000000000000000e+00
   9.2919023634692177e-01   2.6186366358387527e+00   5.0000000000000000e+00
   1.8834694447225142e+00   1.0126664577083833e+00   5.0000000000000000e+00
   2.4376032459368435e+00   1.5728177442201752e+00   5.0000000000000000e+00
   8.7497350397147962e+00   7.0437077110779658e+00   5.0000000000000000e+00
   9.7634035703350861e+00   7.2829170586971950e+00   5.0000000000000000e+00
   1.8113421349337988e+00   1.4113306580995022e+00   5.0000000000000000e+00
   4.4165342043145150e-01   1.8807392753230612e+00   5.0000000000000000e+00
   2.6916302195012989e+00   8.1928423026664032e-01   5.0000000000000000e+00
   2.6936096013780353e+00   3.6870904697322682e-01   5.0000000000000000e+00
   9.1180691066993589e+00   6.8461702812567014e+00   5.0000000000000000e+00
   9.6426586037184627e+00   9.6086732961242820e+00   5.0000000000000000e+00
   1.5395940557518939e+00   2.2145376605813505e-01   5.0000000000000000e+00
   1.4871821215785852e+00   2.6364641829573920e+00   5.0000000000000000e+00
   9.2596717068457028e+00   7.8150043562207108e+00   5.0000000000000000e+00
   1.1493560899322719e+00   2.2064989539894775e-01   5.0000000000000000e+00
   1.6221791956778731e+00   2.8540207445509589e+00   5.0000000000000000e+00
   3.4489436719338604e+00   7.7201756334730809e-01   5.0000000000000000e+00
   2.8361862789940497e+00   2.4402977070376530e-01   5.0000000000000000e+00
   3.0199207782927671e+00   9.7216057047850857e-01   5.0000000000000000e+00
   8.5332478648363317e+00   7.0478813560609197e+00   5.0000000000000000e+00
   6.2072107180061176e-02   2.2908600936830306e+00   5.0000000000000000e+00
   6.9087375366481849e+00   8.5244942986978440e+00   5.0000000000000000e+00
   7.7713856011722351e+00   9.7425907454854546e+00   5.0000000000000000e+00
   7.0691687712664111e+00   8.0871560424417517e+00   5.0000000000000000e+00
   7.0100806857953515e+00   9.4260432941711088e+00   5.0000000000000000e+00
   2.5821463944160286e+00   1.9435344694447609e+00   5.0000000000000000e+00
   8.2475128077165394e+00   9.8551867786222918e+00   5.0000000000000000e+00
   9.7776975182976091e+00   8.9812799929792284e+00   5.0000000000000000e+00
   9.4745985955489260e+00   6.4621635809153801e+00   5.0000000000000000e+00
   9.0423565279978853e+00   8.3250829388185732e+00   5.0000000000000000e+00
   9.7980274499135174e+00   9.3823728724982463e+00   5.0000000000000000e+00
   6.0867517617350098e-01   2.0602064244721650e+00   5.0000000000000000e+00
   9.8399257931387432e+00   6.2687560789641008e+00   5.0000000000000000e+00
   9.5521123334925999e+00   9.9198737509528954e+00   5.0000000000000000e+00
   6.8664038640981957e+00   9.1337557829984330e+00   5.0000000000000000e+00
   9.6274759186753105e+00   7.3555937887024401e+00   5.0000000000000000e+00
   2.4723312748774608e+00   2.5433694247589447e+00   5.0000000000000000e+00
   8.6822647887332516e-01   2.6165262642852127e+00   5.0000000000000000e+00
   8.8021246766126602e+00   7.4872926333423830e+00   5.0000000000000000e+00
   6.8357884811216536e+00   8.6364354245297896e+00   5.0000000000000000e+00
   8.8859639670019313e+00   8.0539527389249059e+00   5.0000000000000000e+00
   6.2220248232478181e-01   2.2023593618173654e+00   5.0000000000000000e+00
   7.6901983509276892e+00   9.2235729328942657e+00   5.0000000000000000e+00
   3.0441202640016884e+00   1.3869730862292828e+00   5.0000000000000000e+00
   8.6819751643154817e+00   8.4585747379922456e+00   5.0000000000000000e+00
   7.8369107956994055e+00   9.2105683202281678e+00   5.0000000000000000e+00
   9.8213918468453176e+00   6.8318463539517706e+00   5.0000000000000000e+00
   1.4741023231298156e+00   3.3455511878115352e-01   5.0000000000000000e+00
   8.0395190623624853e+00   9.3915723722099607e+00   5.0000000000000000e+00
   9.5067470847639939e+00   8.5470150735649533e+00   5.0000000000000000e+00
   8.5572474811781820e+00   8.1789803745882939e+00   5.0000000000000000e+00
   9.8472960468424446e+00   6.7870073108191047e+00   5.0000000000000000e+00
   8.4139064803013053e+00   6.9471373751177703e+00   5.0000000000000000e+00
   8.2088327553056839e+00   7.7113300203314683e+00   5.0000000000000000e+00
   1.9481842862223253e+00   1.8173227345418397e+00   5.0000000000000000e+00
   2.2099507297557208e+00   3.8949974502866525e-03   5.0000000000000000e+00
   1.8112429347978920e+00   3.0905923215013118e+00   5.0000000000000000e+00
   7.8295243818290139e+00   8.8723704591654347e+00   5.0000000000000000e+00
   1.5085755505245779e+00   3.2390394243913234e+00   5.0000000000000000e+00
   7.1370638363036552e+00   9.3911276999050859e+00   5.0000000000000000e+00
   6.8538717589126836e+00   9.5139272236056005e+00   5.0000000000000000e+00
   7.2930107041720871e-01   2.3253167062411229e+00   5.0000000000000000e+00
   2.9179527320787213e-01   2.6407443855043766e+00   5.0000000000000000e+00
   3.2463524940290234e+00   1.3910903297841926e+00   5.0000000000000000e+00
   2.3031718686679858e-01   4.7127569366540834e-01   5.0000000000000000e+00
   4.6875328088784585e-02   3.6570249075135530e+00   5.0000000000000000e+00
   8.5942978625573492e+00   8.2040917552300456e+00   5.0000000000000000e+00
   2.5466144269410105e+00   5.4010474993063662e-01   5.0000000000000000e+00
   3.1410013278897697e+00   1.1624975354822753e+00   5.0000000000000000e+00
   8.0064596655854086e+00   9.5898322606296880e+00   5.0000000000000000e+00
   9.1488589779311429e+00   6.5012374166623621e+00   5.0000000000000000e+00
   2.1638093892937982e+00   9.4823733755813322e-02   5.0000000000000000e+00
   5.6256705355870129e-01   2.9217514713155879e+00   5.0000000000000000e+00
   3.7423532906543624e+00   2.1633388282285337e-01   5.0000000000000000e+00
   1.4617501935901134e+00   2.1643784176026051e+00   5.0000000000000000e+00
   8.4668519455151134e+00   8.6069200488737057e+00   5.0000000000000000e+00
   9.4985281659322158e+00   7.2071846333609866e+00   5.0000000000000000e+00
   1.5514740877182664e+00   2.5709458198726054e+00   5.0000000000000000e+00
   9.5013048091835994e+00   9.6810674355576651e+00   5.0000000000000000e+00
   8.4234002767125329e+00   9.2589634504699454e+00   5.0000000000000000e+00
   9.7376365660766933e+00   9.6139304912962089e+00   5.0000000000000000e+00
   9.5109512945550403e+00   8.9964423144242485e+00   5.0000000000000000e+00
   6.4219392952572445e+00   9.7828564974099024e+00   5.0000000000000000e+00
