   9.4326405371388109e+00   1.4864883435780618e+00   1.0000000000000000e+00
   8.8183134237378269e+00   1.2822452446982724e+00   1.0000000000000000e+00
   2.5192218112225753e+00   8.2013523598063482e+00   1.0000000000000000e+00
   9.1572387133807602e+00   8.9237902649219603e-03   1.0000000000000000e+00
   1.7934512305282824e+00   9.8522775235440125e+00   1.0000000000000000e+00
   5.4488068467667405e-02   6.7618466907867028e+00   1.0000000000000000e+00
   7.2637052786871106e+00   2.1620297577736238e+00   1.0000000000000000e+00
   3.3844849445690994e+00   8.7708398337304043e+00   1.0000000000000000e+00
   2.0858515687186650e+00   8.7884364106294974e+00   1.0000000000000000e+00
   7.5782738808134553e+00   2.3069427215721561e+00   1.0000000000000000e+00
   2.5504117828163206e+00   8.5181434937768898e+00   1.0000000000000000e+00
   3.0132865277913234e+00   8.2326345417241527e+00   1.0000000000000000e+00
   1.6883152192252115e-01   9.7034172150999627e+00   1.0000000000000000e+00
   7.8232701102572726e+00   1.6495206175457333e+00   1.0000000000000000e+00
   9.7952285291943948e+00   3.6031460250420935e+00   1.0000000000000000e+00
   7.3137813230266593e+00   2.3228907866084669e+00   1.0000000000000000e+00
   2.4218283167036869e+00   7.4569277906438867e+00   1.0000000000000000e+00
   8.4968223485246464e-01   7.8204538143509552e+00   1.0000000000000000e+00
   8.3772474925289941e+00   1.0226696401790070e+00   1.0000000000000000e+00
   2.6803098036719577e+00   8.7855982688602072e+00   1.0000000000000000e+00
   8.2322856613132185e+00   2.1366972124213479e+00   1.0000000000000000e+00
   2.3299159866404184e-01   7.9969642281220477e+00   1.0000000000000000e+00
   9.4206782547451287e+00   2.3815101321651810e+00   1.0000000000000000e+00
   9.0403657888001163e+00   9.0780256300463380e-01   1.0000000000000000e+00
   9.7962833698622696e+00   2.2550425878259803e+00   1.0000000000000000e+00
   8.2172056525605051e+00   1.6222103736695659e+00   1.0000000000000000e+00
   2.4936419552346933e+00   8.2372283563047723e+00   1.0000000000000000e+00
   7.9083388242799444e+00   2.3521292332400390e+00   1.0000000000000000e+00
   2.5499321510045037e+00   8.4906835823633351e+00   1.0000000000000000e+00
   9.5572914334045240e+00   8.3337634362812274e-02   1.0000000000000000e+00
   2.1735427122296924e-01   8.1149642883361359e+00   1.0000000000000000e+00
   3.7536740976119187e+00   9.8340769890735906e+00   1.0000000000000000e+00
   1.5487624247648490e+00   7.8248181744285494e+00   1.0000000000000000e+00
   9.9979201757573009e+00   1.4514286499330520e+00   1.0000000000000000e+00
   9.1272072538798721e+00   2.4810849999811015e+00   1.0000000000000000e+00
   9.8705644214021646e+00   2.6748867964194423e+00   1.0000000000000000e+00
   9.4886828900710078e+00   2.4251887849919984e+00   1.0000000000000000e+00
   1.5658384668172221e+00   7.9543769475226274e+00   1.0000000000000000e+00
   6.3550908686399121e-01   7.7575393286846586e+00   1.0000000000000000e+00
   2.8111822761754066e+00   9.3795579431965290e+00   1.0000000000000000e+00
   1.9107362388068294e+00   9.8180072867203485e+00   1.0000000000000000e+00
   9.1354778968980330e+00   2.0781813591100340e+00   1.0000000000000000e+00
   2.3171150960126696e+00   9.5124360618613402e+00   1.0000000000000000e+00
   1.2696630876468296e+00   8.8575900111465327e+00   1.0000000000000000e+00
   5.2376654376596221e-01   8.5311545395961144e+00   1.0000000000000000e+00
   9.5855762232023238e+00   7.8697561815000983e-01   1.0000000000000000e+00
   5.2007237909685977e-01   6.5359677818629160e+00   1.0000000000000000e+00
   1.0558720751178774e+00   7.9920901000234945e+00   1.0000000000000000e+00
   9.7012955435445907e+00   2.6194635821834087e+00   1.0000000000000000e+00
   2.4030611162310143e+00   9.3100171696331397e+00   1.0000000000000000e+00
   8.8815647653135450e+00   2.9311759421573980e+00   1.0000000000000000e+00
   8.9452552381934147e+00   4.3862709033673508e-01   1.0000000000000000e+00
   8.9203676056286945e+00   3.0018030702251419e+00   1.0000000000000000e+00
   1.6026081626430655e+00   9.4436639373990783e+00   1.0000000000000000e+00
   9.8468763598343010e+00   2.1721912603576587e-01   1.0000000000000000e+00
   7.9310797741444494e+00   2.2052977977022636e+00   1.0000000000000000e+00
   1.9867368902599880e+00   7.0594635879426271e+00   1.0000000000000000e+00
   6.8770302683664184e+00   1.5696364371717531e+00   1.0000000000000000e+00
   6.4116367672823440e+00   3.4834750191357400e-01   1.0000000000000000e+00
   9.7419083260986934e+00   2.0105892902081122e+00   1.0000000000000000e+00
   1.1739199326003591e+00   7.2503486181615227e+00   1.0000000000000000e+00
   8.8522178255782276e+00   2.1133809857494024e+00   1.0000000000000000e+00
   9.6791486862396834e+00   2.2015946273484523e+00   1.0000000000000000e+00
   7.9821129244237090e+00   2.2649313557348472e+00   1.0000000000000000e+00
   1.4024132528295463e+00   9.3121982896011382e+00   1.0000000000000000e+00
   9.3167514621409673e+00   8.1882979144140999e-01   1.0000000000000000e+00
   5.2023032950327952e-01   8.1010287268565442e+00   1.0000000000000000e+00
   2.8284798621939977e+00   8.6135018846471958e+00   1.0000000000000000e+00
   7.3498639620905610e+00   1.7271934438512559e+00   1.0000000000000000e+00
   7.8629075766568457e+00   1.3339717256608585e+00   1.0000000000000000e+00
   8.5785873891363611e+00   2.8846410577443127e+00   1.0000000000000000e+00
   8.4405590675766060e+00   1.9599046874485937e+00   1.0000000000000000e+00
   6.6260317008991905e+00   1.1358519738344153e+00   1.0000000000000000e+00
   1.4580671478458840e+00   9.4278286846187758e+00   1.0000000000000000e+00
   6.8321186324674654e-01   6.6303681612493488e+00   1.0000000000000000e+00
   7.3687642755679326e+00   1.1926445531448704e+00   1.0000000000000000e+00
   9.9830884507226418e+00   3.8034973967224728e+00   1.0000000000000000e+00
   9.7070414156558709e+00   3.6154437090999725e+00   1.0000000000000000e+00
   8.7983103406187126e+00   6.4542612095900065e-01   1.0000000000000000e+00
   2.6175125842193667e+00   7.5374781994592048e+00   1.0000000000000000e+00
   6.6972286524114182e+00   1.2243372208487502e+00   1.0000000000000000e+00
   7.3567179470095168e+00   1.6430213594586274e+00   1.0000000000000000e+00
   2.0952572682822557e+00   8.0702149856355945e+00   1.0000000000000000e+00
   2.7565175711522647e+00   9.2456103444650850e+00   1.0000000000000000e+00
   8.8733104019714055e+00   1.9838551681700234e-01   1.0000000000000000e+00
   3.0419153524037155e+00   9.2405988364355611e+00   1.0000000000000000e+00
   2.4405980583951803e+00   7.3452807376303531e+00   1.0000000000000000e+00
   2.7969472414663143e+00   9.4948703708345974e+00   1.0000000000000000e+00
   3.0550942287778460e+00   9.7101128105365415e+00   1.0000000000000000e+00
   7.8401730882104452e+00   2.8113396851397021e-01   1.0000000000000000e+00
   2.1497991637931757e+00   8.5329372293737400e+00   1.0000000000000000e+00
   2.6859747502259412e+00   8.8017535416499086e+00   1.0000000000000000e+00
   8.2872493543241923e+00   2.4963334288351002e+00   1.0000000000000000e+00
   9.9318782652507718e+00   3.2977745252973123e+00   1.0000000000000000e+00
   2.9971064474813094e+00   8.0672925341913082e+00   1.0000000000000000e+00
   3.3246836980448693e+00   9.5779641507106099e+00   1.0000000000000000e+00
   7.6408667255885865e+00   5.2242907842391717e-01   1.0000000000000000e+00
   2.5629795016645005e+00   9.3098953606467791e+00   1.0000000000000000e+00
   9.9997891542856578e+00   3.2814325083424958e+00   1.0000000000000000e+00
   2.8291519844058186e+00   9.9128246344937558e+00   1.0000000000000000e+00
   2.2870252796475352e+00   7.6931702813726064e+00   1.0000000000000000e+00
   7.9065556638521270e+00   8.3491689459731844e-01   1.0000000000000000e+00
   1.3738449122973362e+00   9.0932125988656161e+00   1.0000000000000000e+00
   7.2360289645477476e+00   9.6151077649223926e-01   1.0000000000000000e+00
   7.3489143703226256e+00   1.8860138959994910e+00   1.0000000000000000e+00
   9.2814662847318150e+00   1.4816292134020481e+00   1.0000000000000000e+00
   2.8208071305081250e+00   9.2610892286087516e+00   1.0000000000000000e+00
   1.4894924920951413e+00   9.4949700710908083e+00   1.0000000000000000e+00
   1.8151301400891895e+00   8.7389628982024234e+00   1.0000000000000000e+00
   8.4348262450481215e+00   1.2317132977844858e+00   1.0000000000000000e+00
   7.7220608923184866e+00   2.7182617930921826e+00   1.0000000000000000e+00
   2.2462615709455971e+00   9.6528400439136917e+00   1.0000000000000000e+00
   8.9211585654596419e+00   3.3776700690850459e+00   1.0000000000000000e+00
   6.6211428517546356e-01   9.9632680177476747e+00   1.0000000000000000e+00
   9.2509596571374750e+00   3.2830462215030587e+00   1.0000000000000000e+00
   8.7669651969614399e+00   1.7590699698916690e-01   1.0000000000000000e+00
   1.3961587826722455e+00   6.8495479251038374e+00   1.0000000000000000e+00
   8.5613525691661572e+00   1.3073778735962527e+00   1.0000000000000000e+00
   5.7607088084418834e-01   6.7672203461049900e+00   1.0000000000000000e+00
   4.3910233893248440e-01   9.0478052406622371e+00   1.0000000000000000e+00
   1.4941537118463333e+00   7.2955006402057423e+00   1.0000000000000000e+00
   9.2577121003882112e+00   3.2812771726944145e+00   1.0000000000000000e+00
   8.7853850518097021e-01   8.3534790299197290e+00   1.0000000000000000e+00
   9.3713579511825387e+00   2.5179459327253784e+00   1.0000000000000000e+00
   6.4323236034904161e+00   4.4231860589310723e-01   1.0000000000000000e+00
   8.6233302052006451e+00   3.2446064115139950e+00   1.0000000000000000e+00
   1.9233373621871341e+00   9.0764434437691204e+00   1.0000000000000000e+00
   1.9242816952028063e+00   8.2403820177861213e+00   1.0000000000000000e+00
   2.4843736423088880e+00   7.5457631677089489e+00   1.0000000000000000e+00
   2.5255530998064604e+00   9.8559208985411502e+00   1.0000000000000000e+00
   9.1301056436895500e+00   3.3151105196659572e+00   1.0000000000000000e+00
   8.9639084071775184e+00   1.5453313444311068e+00   1.0000000000000000e+00
   9.7398517180332096e+00   2.4221807674912634e+00   1.0000000000000000e+00
   2.6690180388526641e+00   9.2660512051810997e+00   1.0000000000000000e+00
   8.2519476872332964e-01   9.6702580709045272e+00   1.0000000000000000e+00
   1.6582559955023513e+00   9.6966651473910996e+00   1.0000000000000000e+00
   1.0128159762041566e+00   8.1566091990272511e+00   1.0000000000000000e+00
   8.9176509698810200e+00   2.6104190390921147e+00   1.0000000000000000e+00
   5.9138335594336788e-01   9.8294950475203002e+00   1.0000000000000000e+00
   8.4108815475326910e+00   1.0024463193005761e-01   1.0000000000000000e+00
   8.3715598315323803e+00   2.6186076752917131e+00   1.0000000000000000e+00
   9.7940604842954855e+00   1.3200368516400218e+00   1.0000000000000000e+00
   5.6089848936440534e-01   7.9401962079085839e+00   1.0000000000000000e+00
   6.7844075539366591e+00   3.5661811948308197e-01   1.0000000000000000e+00
   2.1593413218507020e+00   7.9178453485255540e+00   1.0000000000000000e+00
   9.6940110409397491e+00   1.5972891856388949e-01   1.0000000000000000e+00
   2.5108379150451721e-01   9.0079376638817710e+00   1.0000000000000000e+00
   9.8814854181228160e+00   2.7348145525472378e+00   1.0000000000000000e+00
   8.7633886641356611e+00   3.0385790227099587e+00   1.0000000000000000e+00
   1.7949927686911804e+00   8.7850954048278478e+00   1.0000000000000000e+00
   1.9256514695891402e+00   9.9603170661887557e+00   1.0000000000000000e+00
   9.4484656361654888e+00   4.8424329101383168e-01   1.0000000000000000e+00
   9.5005507308406099e+00   1.4033970380355265e+00   1.0000000000000000e+00
   3.8965076155758060e-02   6.5803800459599406e+00   1.0000000000000000e+00
   9.0811551132500963e+00   2.2995096319904573e+00   1.0000000000000000e+00
   4.0898965853513713e-01   6.8856618312916922e+00   1.0000000000000000e+00
   1.9784365931463610e+00   7.9631468159868710e+00   1.0000000000000000e+00
   1.0483195956809277e+00   8.8236452546083868e+00   1.0000000000000000e+00
   1.4891162783665057e+00   7.0307395724088195e+00   1.0000000000000000e+00
   8.1053742583817705e+00   2.1201018429330909e+00   1.0000000000000000e+00
   2.3678138506770030e-01   7.5803564476865235e+00   1.0000000000000000e+00
   6.2987908593705813e+00   8.0091020932865353e-02   1.0000000000000000e+00
   9.9326469318810755e+00   2.5655578403256718e-01   1.0000000000000000e+00
   9.7465257724728698e+00   6.2343886032935059e-02   1.0000000000000000e+00
   9.1440033766837221e+00   1.4790414374717364e+00   1.0000000000000000e+00
   3.0048695754788102e+00   9.4907994281760875e+00   1.0000000000000000e+00
   8.0334032979545871e+00   2.4424710715399045e+00   1.0000000000000000e+00
   7.0848515320122303e+00   7.7445849771289987e-01   1.0000000000000000e+00
   1.4778144124367731e-02   7.3702041444064728e+00   1.0000000000000000e+00
   9.1031520746750303e+00   3.0715663703007667e+00   1.0000000000000000e+00
   7.2227810380472599e+00   1.5169350518331048e+00   1.0000000000000000e+00
   7.9656940698074830e-01   7.7838322642483559e+00   1.0000000000000000e+00
   9.9706048958296751e+00   3.6877246146986673e+00   1.0000000000000000e+00
   7.7263115253288737e+00   2.5004821765774841e+00   1.0000000000000000e+00
   6.7963254439129894e+00   7.1787560766131575e-01   1.0000000000000000e+00
   2.5779834011130811e+00   9.8394034369177099e+00   1.0000000000000000e+00
   9.0723272443565897e+00   2.6136901086789366e+00   1.0000000000000000e+00
   1.0756931839580819e-01   9.4961730819272088e+00   1.0000000000000000e+00
   7.4282367397473292e-01   6.6466208772914612e+00   1.0000000000000000e+00
   7.5233929931203232e+00   1.2215976497143066e+00   1.0000000000000000e+00
   1.1254243810978115e+00   7.5639514500147200e+00   1.0000000000000000e+00
   9.4789106711151554e+00   4.3043843034206275e-01   1.0000000000000000e+00
   3.0385447467962114e+00   8.9011230391296259e+00   1.0000000000000000e+00
   8.7014113700587519e+00   4.0755539032487631e-02   1.0000000000000000e+00
   9.8421345995407137e+00   2.3935613862908198e+00   1.0000000000000000e+00
   2.6654285470090153e+00   8.0181513904590229e+00   1.0000000000000000e+00
   7.8020512734487957e-01   6.6649990838807396e+00   1.0000000000000000e+00
   2.4555743618885817e+00   9.1311751882358632e+00   1.0000000000000000e+00
   6.5332243708043176e+00   4.6412072996135700e-01   1.0000000000000000e+00
   9.6387593695563822e-01   7.9593561579886689e+00   1.0000000000000000e+00
   2.2956261046345414e+00   9.8870256058713561e+00   1.0000000000000000e+00
   2.3976473751278293e+00   7.6749374205142598e+00   1.0000000000000000e+00
   7.0289184906704829e+00   8.0760819314803722e-01   1.0000000000000000e+00
   5.3371659392322690e-01   7.5543914634045652e+00   1.0000000000000000e+00
   9.0363084547812971e+00   5.1096329805099927e-01   1.0000000000000000e+00
   1.3049133130678647e+00   8.1161964511842584e+00   1.0000000000000000e+00
   1.1781206440448189e+00   8.0477665534207290e+00   1.0000000000000000e+00
   1.9221199368121389e-01   9.7099119060035317e+00   1.0000000000000000e+00
   1.1422335368803627e+00   9.9246139833514881e+00   1.0000000000000000e+00
   9.4692200849306101e+00   2.0078427517589525e+00   1.0000000000000000e+00
   7.5383518567149066e+00   1.5239884158211581e+00   1.0000000000000000e+00
   9.1117864586888206e+00   1.7911631154171526e+00   1.0000000000000000e+00
   1.6219570183615661e+00   7.1024946463055834e+00   1.0000000000000000e+00
   8.0812444925469826e+00   3.0926413324616950e+00   1.0000000000000000e+00
   8.8700276412737562e+00   3.4670220838123100e-01   1.0000000000000000e+00
   9.5583440606311143e+00   2.3279282289124446e+00   1.0000000000000000e+00
   1.4137244936053039e+00   9.5177836398884779e+00   1.0000000000000000e+00
   2.7827254164516715e+00   8.3905080908036407e+00   1.0000000000000000e+00
   7.4483643339747219e-01   8.0504363829222356e+00   1.0000000000000000e+00
   1.0808962070934791e+00   8.6375485656960116e+00   1.0000000000000000e+00
   1.6091605940029419e+00   7.8178438331510813e+00   1.0000000000000000e+00
   7.3160371904762762e+00   1.2900471558419624e+00   1.0000000000000000e+00
   5.1242723227706843e-02   8.5913892781522669e+00   1.0000000000000000e+00
   2.0351778515580108e+00   7.8974100141377725e+00   1.0000000000000000e+00
   5.1549941150009326e-01   6.5050454614512550e+00   1.0000000000000000e+00
   3.9646391139487425e-01   9.8467569343867467e+00   1.0000000000000000e+00
   8.1313954837510654e+00   7.4186836226616926e-01   1.0000000000000000e+00
   9.9984085751743446e-01   8.9481213186239472e+00   1.0000000000000000e+00
   3.1174111468029730e-02   8.8708192389710465e+00   1.0000000000000000e+00
   9.8361624383052835e+00   3.5198453923478024e+00   1.0000000000000000e+00
   8.1107434519201060e+00   1.2739164556172256e+00   1.0000000000000000e+00
   3.7622205126527630e+00   9.8787741768799080e+00   1.0000000000000000e+00
   2.8691727104063136e+00   6.8274308933460102e+00   2.0000000000000000e+00
   8.5345787901312047e+00   4.5650564542986372e+00   2.0000000000000000e+00
   4.3895458510987151e+00   9.8680906662666388e+00   2.0000000000000000e+00
   5.4559800165813153e+00   2.2573865975707532e+00   2.0000000000000000e+00
   3.9450898664323719e-01   5.7744216754260957e+00   2.0000000000000000e+00
   2.8249047713159090e+00   5.6039169921402232e+00   2.0000000000000000e+00
   4.4163086923948489e+00   9.0521990774192105e+00   2.0000000000000000e+00
   3.0110081740306938e-01   5.7199732584178600e+00   2.0000000000000000e+00
   3.1026931750000966e+00   7.5510253821548154e+00   2.0000000000000000e+00
   3.1581026732120030e+00   8.1999823644428353e+00   2.0000000000000000e+00
   3.0512124222540891e+00   6.4991889642122302e+00   2.0000000000000000e+00
   4.0773553274418184e+00   7.8078773969275126e+00   2.0000000000000000e+00
   4.0492814180349548e+00   6.1646215394132735e+00   2.0000000000000000e+00
   3.3741112285495332e+00   7.7196393624591337e+00   2.0000000000000000e+00
   2.9831727598927471e+00   5.6987051152022126e+00   2.0000000000000000e+00
   3.2526964435222339e+00   7.6561770229933899e+00   2.0000000000000000e+00
   9.6427460526257232e+00   4.7426742172764271e+00   2.0000000000000000e+00
   4.2704835506793346e+00   9.3130831078244327e+00   2.0000000000000000e+00
   7.4121004522012113e+00   4.2063564760369045e+00   2.0000000000000000e+00
   3.4162633778377627e+00   8.1977628065438211e+00   2.0000000000000000e+00
   7.8568822337890012e+00   4.2282354248043665e+00   2.0000000000000000e+00
   1.6324035060585662e+00   6.3108104187905791e+00   2.0000000000000000e+00
   5.6865543789758703e+00   4.0850693421973672e-01   2.0000000000000000e+00
   2.0204684081188615e+00   5.6346475646077163e+00   2.0000000000000000e+00
   1.8657908057234551e+00   5.4649041860161827e+00   2.0000000000000000e+00
   8.1547434948135211e-01   6.1131980617763215e+00   2.0000000000000000e+00
   3.7441045687654348e+00   7.6861157310137020e+00   2.0000000000000000e+00
   6.8112632646998144e+00   2.8425417824569066e+00   2.0000000000000000e+00
   5.8533294300067320e+00   7.4728726264974288e-01   2.0000000000000000e+00
   1.8990992369834048e+00   5.3615686362096691e+00   2.0000000000000000e+00
   6.7475044265366524e+00   3.2740434481538641e+00   2.0000000000000000e+00
   2.9297312558359065e+00   7.7176427045965248e+00   2.0000000000000000e+00
   7.1532191118558011e+00   2.3490363246841062e+00   2.0000000000000000e+00
   9.2388502271649187e-01   5.6794090006772722e+00   2.0000000000000000e+00
   1.5028824043386146e+00   6.2186697626050060e+00   2.0000000000000000e+00
   9.5340186317751430e-01   5.4999995890500406e+00   2.0000000000000000e+00
   4.3350173157418563e+00   8.2284830563047624e+00   2.0000000000000000e+00
   7.9773929283878857e+00   3.8039544600729291e+00   2.0000000000000000e+00
   8.6253174557491512e+00   3.7459451526318146e+00   2.0000000000000000e+00
   7.7757861508655495e+00   4.1295399294045776e+00   2.0000000000000000e+00
   5.3682168227215605e+00   2.1816934670433308e+00   2.0000000000000000e+00
   4.1728269803523741e+00   9.8991464890142655e+00   2.0000000000000000e+00
   2.5029501382076536e+00   5.4814355352524222e+00   2.0000000000000000e+00
   2.5734291393013420e-01   6.1992500599626528e+00   2.0000000000000000e+00
   9.4411986289871983e+00   4.5543978639813023e+00   2.0000000000000000e+00
   7.0682609695113454e+00   3.8814653153923304e+00   2.0000000000000000e+00
   5.3025407227943431e+00   1.9819693480934475e+00   2.0000000000000000e+00
   9.3470702034899933e-01   5.6921456289684240e+00   2.0000000000000000e+00
   2.3771824549022833e+00   7.0277337628960819e+00   2.0000000000000000e+00
   5.9626875208405465e+00   2.3872037370813448e-01   2.0000000000000000e+00
   6.1255245195948174e+00   3.6344685206584026e+00   2.0000000000000000e+00
   6.0073386186949076e+00   1.9659850362282627e+00   2.0000000000000000e+00
   4.5882383583036477e+00   7.6707577584820346e+00   2.0000000000000000e+00
   5.4282728260156201e+00   8.8471530374369722e-01   2.0000000000000000e+00
   2.1520312323736688e+00   6.4034460561428101e+00   2.0000000000000000e+00
   2.6639854306794044e+00   6.1840188066895401e+00   2.0000000000000000e+00
   7.9996192274082869e+00   4.0785623753510389e+00   2.0000000000000000e+00
   2.9915014946930940e-01   6.2761909489897150e+00   2.0000000000000000e+00
   1.7250387537361467e+00   6.4882127837817594e+00   2.0000000000000000e+00
   5.8889613437937545e+00   3.3352029070320102e+00   2.0000000000000000e+00
   6.3904867674514021e+00   2.8926248180650918e+00   2.0000000000000000e+00
   6.2359994094311393e+00   5.2891484956801071e-01   2.0000000000000000e+00
   6.8843071815298913e+00   4.0217812639589612e+00   2.0000000000000000e+00
   3.7870456518545725e+00   6.3125213345907554e+00   2.0000000000000000e+00
   4.4454243654468284e+00   7.9793858696658386e+00   2.0000000000000000e+00
   7.5893512760970006e-01   5.3320872189442650e+00   2.0000000000000000e+00
   8.1734303731324065e+00   3.5842467170747860e+00   2.0000000000000000e+00
   9.6127447632215564e+00   4.0244249067521496e+00   2.0000000000000000e+00
   4.1161646197163932e+00   9.2262082756060515e+00   2.0000000000000000e+00
   3.4258135841847173e+00   7.7351786500834949e+00   2.0000000000000000e+00
   5.3276855048469729e+00   1.2727518025218842e+00   2.0000000000000000e+00
   2.8981651378482187e-01   6.0989840562924424e+00   2.0000000000000000e+00
   4.4624362061352070e+00   7.4954564511600408e+00   2.0000000000000000e+00
   6.7607663907721935e+00   2.8792143404929060e+00   2.0000000000000000e+00
   6.6010122795114290e+00   3.6169497774855852e+00   2.0000000000000000e+00
   3.5049139493332970e+00   7.6798059948759967e+00   2.0000000000000000e+00
   5.3140797088984124e+00   5.1000995781156022e-01   2.0000000000000000e+00
   4.0741856865514361e+00   7.0953220325288013e+00   2.0000000000000000e+00
   6.4162581024907652e+00   2.6010544999762164e+00   2.0000000000000000e+00
   4.4226754382773246e+00   9.7910346095380980e+00   2.0000000000000000e+00
   4.0151577473652811e+00   8.5138973039490295e+00   2.0000000000000000e+00
   6.2352658223364070e+00   2.2356911975508345e+00   2.0000000000000000e+00
   3.9675714529837047e+00   6.7405728365080861e+00   2.0000000000000000e+00
   6.5411935229116054e+00   2.9309134525035354e+00   2.0000000000000000e+00
   7.0306656026173542e+00   2.6115516544469397e+00   2.0000000000000000e+00
   1.0301128725270392e+00   5.5379748590222899e+00   2.0000000000000000e+00
   1.0401735840864856e+00   5.8415352985842759e+00   2.0000000000000000e+00
   7.4981591820460221e+00   4.6342902012160625e+00   2.0000000000000000e+00
   7.4623209500852745e+00   3.1261108212359492e+00   2.0000000000000000e+00
   3.4188244453805625e+00   6.7307918302239926e+00   2.0000000000000000e+00
   6.3577761867678051e+00   9.5017762135109152e-01   2.0000000000000000e+00
   3.9269883016479468e+00   7.0742066511090593e+00   2.0000000000000000e+00
   7.3251150515922490e+00   2.6772342449136719e+00   2.0000000000000000e+00
   2.0810918518946497e+00   6.0543609788431496e+00   2.0000000000000000e+00
   5.8911619370483397e+00   1.7593180971058109e-01   2.0000000000000000e+00
   2.5500544376419665e+00   6.5988938680018014e+00   2.0000000000000000e+00
   6.7768559909345258e+00   3.7861325003941513e+00   2.0000000000000000e+00
   2.4941057824225799e+00   6.1541312555287675e+00   2.0000000000000000e+00
   6.8642931772295874e+00   2.0315382369926596e+00   2.0000000000000000e+00
   3.0574504688370330e+00   6.6985745396663710e+00   2.0000000000000000e+00
   8.1439822014250911e+00   4.5161022945342175e+00   2.0000000000000000e+00
   9.9264989538587187e+00   4.6893617383385235e+00   2.0000000000000000e+00
   3.6090668146534477e+00   9.2993525926884075e+00   2.0000000000000000e+00
   9.5348514383182454e+00   4.3688790744010539e+00   2.0000000000000000e+00
   8.0026953505398648e+00   3.9616152889365788e+00   2.0000000000000000e+00
   4.3137175433257369e+00   7.0910136326502400e+00   2.0000000000000000e+00
   2.7837189049988909e+00   7.2039585952339449e+00   2.0000000000000000e+00
   3.3022152962173545e+00   5.5730216422646688e+00   2.0000000000000000e+00
   7.4176492258359259e+00   3.5201097897032518e+00   2.0000000000000000e+00
   8.2128753744776724e+00   4.2163615784113970e+00   2.0000000000000000e+00
   4.3252131340970026e+00   9.5059089440031865e+00   2.0000000000000000e+00
   3.3103913485650995e+00   7.1139338988744907e+00   2.0000000000000000e+00
   3.5867938139793329e+00   7.5218569329107678e+00   2.0000000000000000e+00
   1.1902794613048040e+00   6.0773827495219068e+00   2.0000000000000000e+00
   8.2278311073663541e+00   3.9121291931540689e+00   2.0000000000000000e+00
   3.6060012922401130e+00   5.7111373958623055e+00   2.0000000000000000e+00
   3.1333597817725489e+00   6.6423584526873345e+00   2.0000000000000000e+00
   6.6641047293779963e+00   4.4656368098825716e+00   2.0000000000000000e+00
   3.5517973471537201e+00   6.5730613645626690e+00   2.0000000000000000e+00
   6.9244654295939174e+00   2.8085499031827310e+00   2.0000000000000000e+00
   8.8425081171557771e+00   4.7424802707495717e+00   2.0000000000000000e+00
   2.6994190449321476e+00   6.6497441102882551e+00   2.0000000000000000e+00
   2.8706261099677310e+00   7.4831514275505482e+00   2.0000000000000000e+00
   5.8383754616782415e+00   1.8687216961241426e+00   2.0000000000000000e+00
   3.5372550616489082e+00   5.6725472383347473e+00   2.0000000000000000e+00
   5.3244885471375802e+00   1.5527274355353637e+00   2.0000000000000000e+00
   3.4671710769618649e+00   8.9179447333725221e+00   2.0000000000000000e+00
   8.1249632316496290e-01   5.3875416675474401e+00   2.0000000000000000e+00
   6.6371192341015313e+00   2.1816677681642069e+00   2.0000000000000000e+00
   5.7594522825632168e+00   3.0207047340718471e+00   2.0000000000000000e+00
   9.2154898916734869e+00   4.1644665370403642e+00   2.0000000000000000e+00
   6.5105788315326176e+00   3.7279580422780834e+00   2.0000000000000000e+00
   5.5007288772202942e+00   2.7702925470781414e+00   2.0000000000000000e+00
   2.4513167691428430e+00   6.0066637779763532e+00   2.0000000000000000e+00
   8.7410652097254484e+00   3.4650453248905944e+00   2.0000000000000000e+00
   7.5057606893871762e+00   3.3481830580239667e+00   2.0000000000000000e+00
   8.7448094992083565e+00   4.1386112890551310e+00   2.0000000000000000e+00
   3.6651956344811518e+00   7.6718889267215351e+00   2.0000000000000000e+00
   7.7905108325118562e+00   4.4184164680202489e+00   2.0000000000000000e+00
   3.9223485700218896e+00   6.7020749522522696e+00   2.0000000000000000e+00
   4.0166131845954736e+00   9.9649578261269660e+00   2.0000000000000000e+00
   9.2068957223730337e+00   4.2414093261289469e+00   2.0000000000000000e+00
   5.9929587686740762e+00   3.2183800620429159e+00   2.0000000000000000e+00
   9.7927120466028814e+00   4.2144942067685029e+00   2.0000000000000000e+00
   3.1258283192265601e+00   7.0228372406826960e+00   2.0000000000000000e+00
   1.8450434900098500e+00   5.3446869601134654e+00   2.0000000000000000e+00
   7.4109246044019450e+00   3.9917975105971202e+00   2.0000000000000000e+00
   6.2621516284820942e+00   3.3947792007114752e+00   2.0000000000000000e+00
   4.4123862786189063e+00   9.9661963686336676e+00   2.0000000000000000e+00
   2.3128462580868958e+00   6.4241266880300687e+00   2.0000000000000000e+00
   4.3110671536361593e+00   8.7878778098298618e+00   2.0000000000000000e+00
   4.5308606162919931e+00   9.6734353605323413e+00   2.0000000000000000e+00
   2.3489843683351044e+00   6.5484654775041564e+00   2.0000000000000000e+00
   4.5613466846084663e+00   9.1873356357602667e+00   2.0000000000000000e+00
   1.6814158757665654e+00   6.4779631623838485e+00   2.0000000000000000e+00
   4.4270451478503183e+00   7.8097204872851620e+00   2.0000000000000000e+00
   4.2127034855808843e+00   6.6755277328036566e+00   2.0000000000000000e+00
   6.9887434107145037e+00   3.4169608769615936e+00   2.0000000000000000e+00
   4.4594623929169854e+00   7.5296197866137078e+00   2.0000000000000000e+00
   3.3217299378375298e+00   5.7439868568987418e+00   2.0000000000000000e+00
   2.7263726190472304e+00   6.7741193267896129e+00   2.0000000000000000e+00
   7.1530174130927051e+00   2.9940838424074503e+00   2.0000000000000000e+00
   1.0152125668730239e+00   6.0834357733121891e+00   2.0000000000000000e+00
   6.7778162591102511e+00   2.5318851798472499e+00   2.0000000000000000e+00
   7.8006282004084184e+00   3.7116376738189660e+00   2.0000000000000000e+00
   3.4300770844583783e+00   7.1075476064301828e+00   2.0000000000000000e+00
   3.7825488763700577e+00   5.9981454633603342e+00   2.0000000000000000e+00
   9.7266013242326981e+00   4.3106569940825077e+00   2.0000000000000000e+00
   8.6054937975735477e+00   4.6578612161500219e+00   2.0000000000000000e+00
   9.9101549463469301e+00   4.1062722975569566e+00   2.0000000000000000e+00
   5.7752989509257970e+00   1.2005344537195994e+00   2.0000000000000000e+00
   6.9271314755281832e+00   3.7835119692889041e+00   2.0000000000000000e+00
   9.3381396188697803e+00   3.9592535096807078e+00   2.0000000000000000e+00
   5.4830038448935934e+00   2.1594467683268723e+00   2.0000000000000000e+00
   3.5686706959735304e+00   7.3615478809794377e+00   2.0000000000000000e+00
   2.8993470207991212e+00   7.4018340183936111e+00   2.0000000000000000e+00
   4.1922454859899609e+00   7.0193045885206349e+00   2.0000000000000000e+00
   9.1014828684310274e+00   4.3429411119918262e+00   2.0000000000000000e+00
   4.8592609953898913e-01   6.0567295738285285e+00   2.0000000000000000e+00
   6.6049264746243370e+00   3.0003637854088461e+00   2.0000000000000000e+00
   5.8952855536117399e+00   1.6989950874191595e+00   2.0000000000000000e+00
   9.6290190755487650e+00   3.9152745759605931e+00   2.0000000000000000e+00
   6.0953504558873188e+00   3.1780694064604988e+00   2.0000000000000000e+00
   8.3795984292235719e+00   3.2255115177064733e+00   2.0000000000000000e+00
   3.8876832794270677e+00   8.0437585684781610e+00   2.0000000000000000e+00
   4.2371522082004356e+00   7.7461899612542107e+00   2.0000000000000000e+00
   5.2854230499655515e+00   5.1269585060082501e-01   2.0000000000000000e+00
   2.8566540076034186e+00   6.6319600831088366e+00   2.0000000000000000e+00
   9.9734800363169853e+00   4.5522625014326010e+00   2.0000000000000000e+00
   2.0401724564205526e-01   5.3130469899445583e+00   2.0000000000000000e+00
   1.5914675874092488e+00   6.1076449958437387e+00   2.0000000000000000e+00
   6.4858463222559006e+00   4.0076051611515542e+00   2.0000000000000000e+00
   6.5549039967734659e+00   2.5622149005287920e+00   2.0000000000000000e+00
   4.4805632179938337e+00   9.9992753299558768e+00   2.0000000000000000e+00
   2.6229217435467511e+00   5.5555416664256585e+00   2.0000000000000000e+00
   1.8384301679345816e+00   5.8192476208312804e+00   2.0000000000000000e+00
   3.5560066966169570e+00   9.1065781667005332e+00   2.0000000000000000e+00
   1.2329807306948315e+00   5.9797405698870501e+00   2.0000000000000000e+00
   6.1423583481422783e+00   1.8566854384853804e+00   2.0000000000000000e+00
   9.1653321977230622e+00   4.4861552883428493e+00   2.0000000000000000e+00
   2.7204173962721190e+00   5.8627897012458554e+00   2.0000000000000000e+00
   1.9180385371596842e+00   5.9459413331120592e+00   2.0000000000000000e+00
   3.6117629778799509e+00   8.7568246498838338e+00   2.0000000000000000e+00
   2.8244669026486102e+00   7.0273070456907138e+00   2.0000000000000000e+00
   5.7631331834023101e+00   1.8061540531993614e+00   2.0000000000000000e+00
   3.3075510846270118e+00   6.4083723316494448e+00   2.0000000000000000e+00
   8.4643719416082099e+00   3.9001762844563159e+00   2.0000000000000000e+00
   5.4111832959384571e+00   8.9991727588209391e-01   2.0000000000000000e+00
   2.1127405576825495e+00   6.9221035107610884e+00   2.0000000000000000e+00
   5.0714470573702153e+00   1.7108298000464539e+00   3.0000000000000000e+00
   3.4129836554807813e+00   5.4465834554762385e+00   3.0000000000000000e+00
   4.5654726083694017e+00   3.0087039625630774e+00   3.0000000000000000e+00
   4.3274667701672564e+00   6.0821932229537623e+00   3.0000000000000000e+00
   6.7819091510213543e+00   4.9984512390284808e+00   3.0000000000000000e+00
   4.2882637223058140e+00   3.0039933162836463e+00   3.0000000000000000e+00
   4.8784629789838210e+00   9.6293404241457594e+00   3.0000000000000000e+00
   4.8646962475996567e+00   4.9744095698601605e+00   3.0000000000000000e+00
   2.3125443944711033e+00   4.4991140111527503e+00   3.0000000000000000e+00
   7.8678498477973591e+00   5.1420811555302057e+00   3.0000000000000000e+00
   5.7930029461256325e+00   5.9833478265960931e+00   3.0000000000000000e+00
   3.7528318016494957e+00   5.3224750975570636e+00   3.0000000000000000e+00
   4.5981861207883403e+00   6.4036459686555496e+00   3.0000000000000000e+00
   5.3255526458825262e+00   7.2607207506139204e+00   3.0000000000000000e+00
   4.7617699681473704e+00   2.2110204983720081e+00   3.0000000000000000e+00
   5.1414830511005309e+00   4.7149605047624332e+00   3.0000000000000000e+00
   3.8659288424027394e+00   5.5090675331425611e+00   3.0000000000000000e+00
   4.5727690679679416e+00   1.5631392506198027e+00   3.0000000000000000e+00
   5.0853911209829894e+00   1.2452417374341540e+00   3.0000000000000000e+00
   4.1111704123945749e+00   3.6552337191021755e+00   3.0000000000000000e+00
   5.9704510943750897e+00   4.7410949260866841e+00   3.0000000000000000e+00
   6.8728989592566752e+00   5.4879953317717076e+00   3.0000000000000000e+00
   4.5837933146637591e+00   6.7405729977976740e+00   3.0000000000000000e+00
   3.7798925638512513e+00   4.6509178112809790e+00   3.0000000000000000e+00
   4.7269950428828080e+00   3.5650545673355571e+00   3.0000000000000000e+00
   5.9016353351675619e+00   4.6191508962132790e+00   3.0000000000000000e+00
   6.8726885609683563e+00   5.6230076523544010e+00   3.0000000000000000e+00
   5.2809429737954483e+00   3.3662744295871230e+00   3.0000000000000000e+00
   2.5677585138418468e+00   5.3155842301827700e+00   3.0000000000000000e+00
   7.7137758153611866e+00   5.2506284114519879e+00   3.0000000000000000e+00
   4.8390125400295432e+00   4.7604746652902916e+00   3.0000000000000000e+00
   4.9224321616750011e+00   1.6377158868028785e+00   3.0000000000000000e+00
   5.2071917251698361e+00   3.1453946175026792e+00   3.0000000000000000e+00
   7.4341554346926140e+00   4.9152530830534626e+00   3.0000000000000000e+00
   4.4454719819358619e+00   2.9676076894434589e+00   3.0000000000000000e+00
   4.8207707751333109e+00   9.9880743288687568e-01   3.0000000000000000e+00
   4.8649146729327697e+00   7.4767329021356055e+00   3.0000000000000000e+00
   5.3244923601694447e+00   5.7101100274399155e+00   3.0000000000000000e+00
   6.6689099664962797e+00   4.6954121157941611e+00   3.0000000000000000e+00
   6.8832263495829071e+00   5.1394236612701025e+00   3.0000000000000000e+00
   5.3400282940871877e+00   8.1881524121346025e+00   3.0000000000000000e+00
   7.2531037591085425e+00   5.6088656878669996e+00   3.0000000000000000e+00
   6.0808601699532101e+00   5.7557579151727767e+00   3.0000000000000000e+00
   4.8137446818811185e+00   5.4832403857701415e+00   3.0000000000000000e+00
   3.1971594124462701e+00   4.8029986057047678e+00   3.0000000000000000e+00
   5.3879599334097890e+00   8.4472759444429837e+00   3.0000000000000000e+00
   5.5670258162912090e+00   6.3804050929067895e+00   3.0000000000000000e+00
   2.2267069121664518e+00   4.8154352072724471e+00   3.0000000000000000e+00
   4.1968520400447851e-01   4.7123948123372639e+00   3.0000000000000000e+00
   4.7480336880064460e+00   4.1522455139061698e+00   3.0000000000000000e+00
   8.0266915062120354e+00   4.9106110255262960e+00   3.0000000000000000e+00
   9.4602162584570326e-01   4.8777197822661531e+00   3.0000000000000000e+00
   4.0914499382472558e+00   3.6003916094414254e+00   3.0000000000000000e+00
   5.8525360383360203e-02   5.0930947752073008e+00   3.0000000000000000e+00
   5.1202000717789584e+00   7.2998098395446744e+00   3.0000000000000000e+00
   8.1311311223170541e+00   5.4421362929372794e+00   3.0000000000000000e+00
   4.5810885078968946e+00   2.9601129910763890e+00   3.0000000000000000e+00
   5.1853673542579584e+00   6.6190063812318400e-01   3.0000000000000000e+00
   5.3520275306313660e+00   6.5632482347057755e+00   3.0000000000000000e+00
   4.7983999839340852e+00   3.2151386110787996e+00   3.0000000000000000e+00
   1.4872163810936256e+00   4.6972670595400414e+00   3.0000000000000000e+00
   5.2707330751875734e+00   3.0934976932863654e+00   3.0000000000000000e+00
   4.5429434258649000e+00   2.9194014128215304e+00   3.0000000000000000e+00
   4.9468608248193409e+00   3.8691614070354010e+00   3.0000000000000000e+00
   1.0159947349951315e+00   5.2019491024981690e+00   3.0000000000000000e+00
   4.9436200645119914e+00   4.2454680925110777e+00   3.0000000000000000e+00
   4.0032219449084430e+00   5.2770473104331046e+00   3.0000000000000000e+00
   1.0932963587762834e+00   5.1148000595063685e+00   3.0000000000000000e+00
   5.2187040808580019e+00   1.2367786108914025e+00   3.0000000000000000e+00
   2.0403853451085152e+00   4.8241580711137608e+00   3.0000000000000000e+00
   7.9600345971479616e+00   4.8680043185473707e+00   3.0000000000000000e+00
   5.8477491710935023e+00   6.6166679832527091e+00   3.0000000000000000e+00
   8.6535053668119826e+00   5.0389515093409685e+00   3.0000000000000000e+00
   7.7565253371586653e+00   5.3854516008397644e+00   3.0000000000000000e+00
   3.8003916295727826e+00   4.5827381736066650e+00   3.0000000000000000e+00
   5.2452152803597656e+00   2.2210827627307248e+00   3.0000000000000000e+00
   5.2581161478330243e+00   6.8485038811963648e+00   3.0000000000000000e+00
   5.3204572992442944e+00   2.6904462707491561e+00   3.0000000000000000e+00
   4.8990727509430476e+00   2.9573425789224848e+00   3.0000000000000000e+00
   5.4416039115817485e+00   6.3324956640655152e+00   3.0000000000000000e+00
   7.1305804552438765e+00   4.7598553899275364e+00   3.0000000000000000e+00
   4.5537317291285859e+00   4.7803569231753631e+00   3.0000000000000000e+00
   6.8157991112692127e+00   4.8573692964816146e+00   3.0000000000000000e+00
   5.7692637151229036e+00   5.5790552406209679e+00   3.0000000000000000e+00
   4.7163529795881480e+00   7.3546569413778347e+00   3.0000000000000000e+00
   4.9318645197648916e+00   2.5226883586953641e+00   3.0000000000000000e+00
   3.2552824635537103e+00   4.7214058693946157e+00   3.0000000000000000e+00
   4.3843270962052747e+00   2.9423063076409961e+00   3.0000000000000000e+00
   8.7862574329508245e+00   4.8470863428016733e+00   3.0000000000000000e+00
   5.5511186294039474e+00   6.0288444456878052e+00   3.0000000000000000e+00
   5.9212379866429483e+00   5.2554551739134672e+00   3.0000000000000000e+00
   2.7225360633352258e+00   4.6890865023264583e+00   3.0000000000000000e+00
   2.7413129841147010e+00   4.4929593899001983e+00   3.0000000000000000e+00
   1.4798030509734617e+00   5.0218165781136692e+00   3.0000000000000000e+00
   4.5564126673860095e+00   5.4976179535966185e+00   3.0000000000000000e+00
   7.0809247379787967e+00   5.0395001918968543e+00   3.0000000000000000e+00
   4.9859088226914654e+00   1.2324812694135434e-01   3.0000000000000000e+00
   1.1509073193784913e+00   4.8211716243368645e+00   3.0000000000000000e+00
   4.4536637838873760e+00   5.5076366667360377e+00   3.0000000000000000e+00
   6.1332626119858888e+00   4.2377382299145969e+00   3.0000000000000000e+00
   5.3350758533226941e+00   7.1667852370547127e+00   3.0000000000000000e+00
   7.3385330078294171e+00   4.9081358268898869e+00   3.0000000000000000e+00
   3.7495987927177099e+00   5.1017187864289735e+00   3.0000000000000000e+00
   1.1493655704540184e+00   4.9061772546424463e+00   3.0000000000000000e+00
   5.1349165880612988e+00   3.6965823404092046e+00   3.0000000000000000e+00
   7.6899145554673587e-01   5.0329623234553500e+00   3.0000000000000000e+00
   4.8682512189875951e+00   6.8896152379796591e+00   3.0000000000000000e+00
   5.1606452555100599e+00   6.6867856634011402e-01   3.0000000000000000e+00
   4.7339319590161599e+00   6.9801019399808144e+00   3.0000000000000000e+00
   4.3920392709488461e+00   5.0684182521711474e+00   3.0000000000000000e+00
   6.5628978542242056e+00   4.8337112757259959e+00   3.0000000000000000e+00
   4.7040223101238183e+00   2.1147201536332307e+00   3.0000000000000000e+00
   8.4712060516141960e+00   4.8996247113000084e+00   3.0000000000000000e+00
   5.2007708833728019e+00   7.0280550885237130e+00   3.0000000000000000e+00
   4.9603434033926028e+00   1.2104086694610017e+00   3.0000000000000000e+00
   5.0165336527593327e+00   2.6270874370129849e+00   3.0000000000000000e+00
   4.1869092679271827e+00   5.9483913387139005e+00   3.0000000000000000e+00
   5.2536725497434063e+00   7.2169603701568263e+00   3.0000000000000000e+00
   4.9092365283051826e+00   5.0449604340631566e+00   3.0000000000000000e+00
   4.8570537766740891e+00   2.6841643598390474e+00   3.0000000000000000e+00
   5.3694576647835532e+00   5.7313575310465232e+00   3.0000000000000000e+00
   4.8935578504894641e+00   3.5119459480357929e+00   3.0000000000000000e+00
   7.9951714205695499e+00   5.0152786540824863e+00   3.0000000000000000e+00
   1.0824015318271984e+00   4.7027271402766901e+00   3.0000000000000000e+00
   5.0659148729065286e+00   5.2229180302170528e+00   3.0000000000000000e+00
   6.2593726623081096e+00   5.9979796422136253e+00   3.0000000000000000e+00
   5.4520965262507106e+00   6.7223150150976334e+00   3.0000000000000000e+00
   2.8473185206752794e+00   5.2138954484273272e+00   3.0000000000000000e+00
   5.1040937347090329e+00   1.1000590097859886e+00   3.0000000000000000e+00
   1.1878978754813285e+00   5.0605855724997504e+00   3.0000000000000000e+00
   4.7942831163355795e+00   5.4307483657048747e+00   3.0000000000000000e+00
   8.5598204915186500e+00   5.0645545489201300e+00   3.0000000000000000e+00
   5.0902634538186415e+00   1.6560095946171161e+00   3.0000000000000000e+00
   4.8869979678066366e+00   1.2035745701575395e+00   3.0000000000000000e+00
   4.9560561889485459e+00   3.6723027575929104e+00   3.0000000000000000e+00
   4.8311107431296998e+00   7.8583704073678078e+00   3.0000000000000000e+00
   2.1414225031743550e+00   4.8112286011996890e+00   3.0000000000000000e+00
   6.0461950999333078e+00   5.8584290290568202e+00   3.0000000000000000e+00
   5.4582969931240939e+00   3.2196773198895956e+00   3.0000000000000000e+00
   4.6549674263355207e+00   7.6437559065818039e+00   3.0000000000000000e+00
   5.8843135719529505e+00   5.5040646495680337e+00   3.0000000000000000e+00
   5.2035213363569008e+00   5.3590261725144384e+00   3.0000000000000000e+00
   4.4066627407240198e+00   5.2599239273323910e+00   3.0000000000000000e+00
   6.0012121277151671e+00   6.3942801407900651e+00   3.0000000000000000e+00
   9.2835199140344837e+00   4.9144947822461127e+00   3.0000000000000000e+00
   4.4884235196097713e+00   4.7728550677031443e+00   3.0000000000000000e+00
   4.6902109708401127e+00   1.2752796162566327e+00   3.0000000000000000e+00
   4.8982121517898438e+00   4.6162212393259701e+00   3.0000000000000000e+00
   4.2362156772568049e+00   3.3355293956161214e+00   3.0000000000000000e+00
   2.0734404092431822e+00   4.8037443791754031e+00   3.0000000000000000e+00
   4.7146431157661075e+00   2.5040323825437403e+00   3.0000000000000000e+00
   4.9067276904915156e+00   7.9623347019457356e+00   3.0000000000000000e+00
   4.9514865429518204e+00   9.9737006501382588e+00   3.0000000000000000e+00
   4.6057960356301573e+00   6.4441836864121242e+00   3.0000000000000000e+00
   4.8540059386726000e+00   3.2231136581694897e+00   3.0000000000000000e+00
   5.7963705326293802e+00   6.0325568593842958e+00   3.0000000000000000e+00
   7.1911573954045540e+00   4.8023593890311229e+00   3.0000000000000000e+00
   4.6958055196118123e+00   5.2153287297190412e+00   3.0000000000000000e+00
   1.6150729506495298e+00   5.0810950929138921e+00   3.0000000000000000e+00
   9.8467924329549428e-02   4.9764510194325471e+00   3.0000000000000000e+00
   1.6899527808177950e+00   4.5738944905523091e+00   3.0000000000000000e+00
   8.9505759351752374e+00   4.9507689358967593e+00   3.0000000000000000e+00
   4.8860073191028084e+00   2.8701440526092101e+00   3.0000000000000000e+00
   9.4646552163740090e+00   5.2288421093706638e+00   3.0000000000000000e+00
   9.0966519589225925e+00   5.2433907358062557e+00   3.0000000000000000e+00
   5.0932333119902147e+00   9.7463499580032718e+00   3.0000000000000000e+00
   4.7929901607290262e+00   6.8643600661650295e+00   3.0000000000000000e+00
   1.9196408936903442e-02   4.7822796803431302e+00   3.0000000000000000e+00
   9.0148239999331157e+00   4.7820994470949980e+00   3.0000000000000000e+00
   4.4214188451778549e+00   3.4855084280987891e+00   3.0000000000000000e+00
   4.8784435059979678e+00   2.4442959376904372e+00   3.0000000000000000e+00
   4.9486574560593075e+00   3.8435067276595944e+00   3.0000000000000000e+00
   1.8905770030990199e+00   4.8287907023480594e+00   3.0000000000000000e+00
   4.9607132497983111e+00   2.3896065040570589e+00   3.0000000000000000e+00
   4.9924406557728753e+00   8.4997002209310835e-01   3.0000000000000000e+00
   8.1850127254080256e+00   4.8993828435274276e+00   3.0000000000000000e+00
   4.5149707517888960e+00   3.9759149905666114e+00   3.0000000000000000e+00
   5.7275228424137534e+00   3.8580893647342029e+00   3.0000000000000000e+00
   2.9258948338966473e+00   4.7583722711164196e+00   3.0000000000000000e+00
   5.8251824890212536e+00   5.0363212956713719e+00   3.0000000000000000e+00
   4.4890600853649669e+00   2.5815368383602957e+00   3.0000000000000000e+00
   3.9824647969072711e+00   4.1256907563508811e+00   3.0000000000000000e+00
   4.9899880699424379e+00   1.8940758009038339e+00   3.0000000000000000e+00
   5.3437276659574220e+00   4.7273751045225589e+00   3.0000000000000000e+00
   3.2613635278833595e+00   5.4912012048548542e+00   3.0000000000000000e+00
   5.0107692453094987e+00   8.4811154192607159e+00   3.0000000000000000e+00
   3.9897950539256088e+00   5.8742786960591067e+00   3.0000000000000000e+00
   6.5032706937151064e+00   5.5365860865721448e+00   3.0000000000000000e+00
   4.9838611074020971e+00   1.7318927802842299e+00   3.0000000000000000e+00
   4.4024471018146674e+00   5.2463986147701309e+00   3.0000000000000000e+00
   6.7276736601857792e+00   4.7301982508155866e+00   3.0000000000000000e+00
   4.0562527242019710e+00   5.7744296285128529e+00   3.0000000000000000e+00
   9.9284740167707408e+00   5.6231802189433289e+00   4.0000000000000000e+00
   5.5028547126980225e+00   7.9736411951635331e+00   4.0000000000000000e+00
   8.0520195732581019e+00   6.7306214178358816e+00   4.0000000000000000e+00
   1.0936958064792690e+00   4.4928744295035852e+00   4.0000000000000000e+00
   6.4555551704314968e+00   8.8635509263730015e+00   4.0000000000000000e+00
   7.2275259443641389e+00   6.7796340814541702e+00   4.0000000000000000e+00
   9.1370502655353167e+00   5.6174357360194636e+00   4.0000000000000000e+00
   6.3550480408229877e+00   8.0570706145365545e+00   4.0000000000000000e+00
   6.7473420868641645e+00   6.3838673012960427e+00   4.0000000000000000e+00
   2.2273582102451672e-01   4.4802942718226788e+00   4.0000000000000000e+00
   4.3009221884246998e+00   1.8559863813961619e+00   4.0000000000000000e+00
   8.2623331031003229e+00   6.2084915603867250e+00   4.0000000000000000e+00
   9.4052656905555523e+00   5.7986609286906834e+00   4.0000000000000000e+00
   6.6568983865210427e+00   6.3498595365944057e+00   4.0000000000000000e+00
   8.5610057288284191e-01   3.7771409113573098e+00   4.0000000000000000e+00
   2.2778724534987416e+00   2.9424917544155758e+00   4.0000000000000000e+00
   1.4049706813862128e+00   3.3991752058328508e+00   4.0000000000000000e+00
   4.3154833014058647e-01   3.8747240155728999e+00   4.0000000000000000e+00
   5.6752689639063716e+00   7.7551883174197966e+00   4.0000000000000000e+00
   6.4308834844668228e+00   7.6248946446761492e+00   4.0000000000000000e+00
   6.1735412715990350e+00   8.4830392692484917e+00   4.0000000000000000e+00
   6.5607895919531023e+00   6.9150976186669775e+00   4.0000000000000000e+00
   1.0729158770416980e+00   4.1277298912525175e+00   4.0000000000000000e+00
   8.6535531442964739e+00   6.1242093155392716e+00   4.0000000000000000e+00
   3.4829734897241158e+00   2.7433089685094494e+00   4.0000000000000000e+00
   3.5218495914593220e+00   2.8363362280860493e+00   4.0000000000000000e+00
   6.0089215050061204e+00   9.9416007682289411e+00   4.0000000000000000e+00
   3.4492328036404638e+00   1.6138583259134398e+00   4.0000000000000000e+00
   3.3403423158779200e-01   4.2554499036515185e+00   4.0000000000000000e+00
   2.4539555758827234e+00   3.9997942586109625e+00   4.0000000000000000e+00
   4.4140091073729284e+00   5.5812873286976483e-01   4.0000000000000000e+00
   7.0376430845372964e+00   6.3528487846486410e+00   4.0000000000000000e+00
   7.2772509838330031e+00   6.5684470224079492e+00   4.0000000000000000e+00
   8.4485763777715874e+00   6.2868959152026065e+00   4.0000000000000000e+00
   3.4399285335364551e+00   3.7056515257238845e+00   4.0000000000000000e+00
   8.5385694268872800e+00   5.7427723221784541e+00   4.0000000000000000e+00
   3.0126576221568255e+00   2.0748062068769988e+00   4.0000000000000000e+00
   2.8910254848920056e+00   4.1681210987736854e+00   4.0000000000000000e+00
   5.8889672855398354e+00   8.4822849137623830e+00   4.0000000000000000e+00
   7.6126262376722154e-01   4.0915312909129495e+00   4.0000000000000000e+00
   3.6565019534107410e+00   3.2724605026718900e+00   4.0000000000000000e+00
   2.9011882614594287e+00   2.2195417356838520e+00   4.0000000000000000e+00
   6.2813888160201605e+00   7.7157922213844525e+00   4.0000000000000000e+00
   3.7904598611119713e+00   3.8323282200674713e-01   4.0000000000000000e+00
   7.8721363520015579e+00   5.9243268516126797e+00   4.0000000000000000e+00
   3.7663345277822460e+00   1.1620385664663091e+00   4.0000000000000000e+00
   6.6233168752098690e+00   7.8834640803823159e+00   4.0000000000000000e+00
   7.4179642220173170e+00   5.8159042246040729e+00   4.0000000000000000e+00
   2.8121134445779594e+00   3.0628258448525747e+00   4.0000000000000000e+00
   5.7857414525327053e+00   9.7777816939134592e+00   4.0000000000000000e+00
   6.3459863807803343e+00   7.4810306690094128e+00   4.0000000000000000e+00
   1.4461092573817136e+00   4.4542558567808364e+00   4.0000000000000000e+00
   6.4791934851723383e+00   6.9903860204662136e+00   4.0000000000000000e+00
   1.4919559796824389e+00   3.4820848499490973e+00   4.0000000000000000e+00
   8.4612040770445329e+00   5.5886514995966117e+00   4.0000000000000000e+00
   7.4541868752210192e+00   5.8045556709418431e+00   4.0000000000000000e+00
   2.9047350390524116e+00   4.1318397039900967e+00   4.0000000000000000e+00
   5.8672322313040981e+00   7.8789779963441084e+00   4.0000000000000000e+00
   7.5924713705433855e-01   4.0937744591062062e+00   4.0000000000000000e+00
   5.5487293683933565e+00   9.3600342031571557e+00   4.0000000000000000e+00
   1.7412900689160704e+00   4.3929641598750537e+00   4.0000000000000000e+00
   3.7415100783639375e+00   3.4202670363600909e+00   4.0000000000000000e+00
   3.6743595097512283e+00   7.0018148081748777e-01   4.0000000000000000e+00
   7.9018743757038266e+00   5.5582874513665050e+00   4.0000000000000000e+00
   9.5488481822407127e+00   5.9795071600257002e+00   4.0000000000000000e+00
   6.2902312409125916e-01   4.4318914104568607e+00   4.0000000000000000e+00
   3.0388251643301487e+00   2.5775028531528532e+00   4.0000000000000000e+00
   2.3395016933960902e+00   4.1862864659635690e+00   4.0000000000000000e+00
   3.2583377403274358e+00   2.6470769730665236e+00   4.0000000000000000e+00
   3.4978020796647282e+00   1.3881621378426534e+00   4.0000000000000000e+00
   6.5896619540512855e+00   6.4183591456663533e+00   4.0000000000000000e+00
   3.1572092641965366e+00   3.7259316495466943e+00   4.0000000000000000e+00
   3.8931039299012395e+00   6.5254222212563273e-01   4.0000000000000000e+00
   7.6795151714907584e-01   3.8184282309414597e+00   4.0000000000000000e+00
   7.6576789078670169e+00   6.0778944912091024e+00   4.0000000000000000e+00
   8.5092283932508259e+00   5.8442378675562043e+00   4.0000000000000000e+00
   6.3435787899408069e-01   3.9752919065230232e+00   4.0000000000000000e+00
   3.0887683329030793e+00   3.9880208618877564e+00   4.0000000000000000e+00
   3.5520023002063326e+00   1.9799385167528327e+00   4.0000000000000000e+00
   6.4503763475129938e+00   7.6599129654850611e+00   4.0000000000000000e+00
   2.7243999940134045e-01   4.1806961212239271e+00   4.0000000000000000e+00
   6.0548857027983445e+00   8.1573001081257939e+00   4.0000000000000000e+00
   3.9470337452714332e+00   8.5576763015995594e-01   4.0000000000000000e+00
   3.6561172493656735e+00   8.5888228199733407e-01   4.0000000000000000e+00
   8.8177543692086928e+00   6.1102483039012112e+00   4.0000000000000000e+00
   4.0058476259808353e+00   2.8619824437928987e-01   4.0000000000000000e+00
   8.5479731048130088e+00   6.3125272507166876e+00   4.0000000000000000e+00
   1.5529652741503341e+00   4.3225944692255913e+00   4.0000000000000000e+00
   7.6726604269829632e+00   6.3109611172719120e+00   4.0000000000000000e+00
   2.4753013551857270e+00   3.0073014682678432e+00   4.0000000000000000e+00
   8.8088298271357446e-01   3.6566632191108939e+00   4.0000000000000000e+00
   5.2061052891528070e-01   4.2042489543770145e+00   4.0000000000000000e+00
   5.8569634032126450e+00   7.6284148225557882e+00   4.0000000000000000e+00
   1.4799366209881670e+00   4.1727420056083506e+00   4.0000000000000000e+00
   6.1893880491392075e+00   7.9912303118291046e+00   4.0000000000000000e+00
   5.5932034032695386e+00   9.8018321059124141e+00   4.0000000000000000e+00
   3.4099671826353672e+00   2.0539952208237922e+00   4.0000000000000000e+00
   8.0672140484480046e+00   6.8502656369370882e+00   4.0000000000000000e+00
   6.4236045650499873e+00   7.3504635713988637e+00   4.0000000000000000e+00
   6.3568182181596624e+00   7.6483740993243980e+00   4.0000000000000000e+00
   5.6001964712143693e+00   9.0631777855057187e+00   4.0000000000000000e+00
   6.9363618374629232e-01   4.1835814283385133e+00   4.0000000000000000e+00
   8.3789647407082573e+00   6.6311156103913271e+00   4.0000000000000000e+00
   4.3237428298538161e-01   4.3965508940331155e+00   4.0000000000000000e+00
   3.5479609365666800e+00   3.0779306025008610e+00   4.0000000000000000e+00
   5.8524133611809361e+00   7.3035277412581303e+00   4.0000000000000000e+00
   8.0788390929806688e+00   6.5450700714329457e+00   4.0000000000000000e+00
   5.6645776482434282e+00   8.2013027947500188e+00   4.0000000000000000e+00
   8.6721424652922945e+00   5.5177084703896107e+00   4.0000000000000000e+00
   8.4647394911318896e-01   3.7624469696437810e+00   4.0000000000000000e+00
   6.3528724560348104e+00   8.4531388296251091e+00   4.0000000000000000e+00
   6.6789642809271044e+00   6.4032129318572428e+00   4.0000000000000000e+00
   6.2136029300513886e+00   9.4080662399027855e+00   4.0000000000000000e+00
   2.0132350713480616e+00   3.0868204677136379e+00   4.0000000000000000e+00
   2.2032395755010725e+00   4.3709899832586174e+00   4.0000000000000000e+00
   2.9213295714041099e+00   3.6006946110618019e+00   4.0000000000000000e+00
   3.3951771426832442e+00   3.4865952402118427e+00   4.0000000000000000e+00
   8.2227561707543693e+00   5.7249543569409456e+00   4.0000000000000000e+00
   2.3926735144933753e+00   2.7221882332985925e+00   4.0000000000000000e+00
   6.6250556802603855e+00   6.6227321621687327e+00   4.0000000000000000e+00
   3.9447176264339125e+00   4.0431996996257769e-01   4.0000000000000000e+00
   1.5600555458881904e+00   3.3641398758249186e+00   4.0000000000000000e+00
   7.3332180682229673e+00   7.3764773331910440e+00   4.0000000000000000e+00
   5.5593308039340066e+00   8.3897315338362191e+00   4.0000000000000000e+00
   6.3342486800715170e+00   8.9320954761051947e+00   4.0000000000000000e+00
   1.3290379591644352e+00   3.9657954368605997e+00   4.0000000000000000e+00
   7.4856537112442449e+00   6.6621640079130806e+00   4.0000000000000000e+00
   7.6525081866264291e+00   5.5771687893841388e+00   4.0000000000000000e+00
   5.3685573638140802e+00   9.4958474357640146e+00   4.0000000000000000e+00
   3.1488352248613749e+00   3.6736937537737333e+00   4.0000000000000000e+00
   7.8449765974586079e+00   5.7261694455439196e+00   4.0000000000000000e+00
   1.2915461475161005e+00   4.5553887115380327e+00   4.0000000000000000e+00
   1.4635362537667063e-01   3.9155409017722009e+00   4.0000000000000000e+00
   6.1465215529714934e+00   9.6218719218093050e+00   4.0000000000000000e+00
   7.9551670629208369e+00   6.2785143911708357e+00   4.0000000000000000e+00
   3.9256444826810641e+00   2.2848820722321395e+00   4.0000000000000000e+00
   3.7085762575437076e+00   3.8124608461312715e+00   4.0000000000000000e+00
   3.5955543066636606e+00   1.2532942214700560e+00   4.0000000000000000e+00
   2.2617932308936628e+00   3.4359931887742370e+00   4.0000000000000000e+00
   2.3048854613771184e+00   3.7665795291562478e+00   4.0000000000000000e+00
   6.0626910313191456e+00   8.0766358309837099e+00   4.0000000000000000e+00
   6.0966521994006593e+00   9.0600520898265451e+00   4.0000000000000000e+00
   7.6282655294590027e+00   6.0866133366233033e+00   4.0000000000000000e+00
   2.5325414318855213e+00   3.6936206950050754e+00   4.0000000000000000e+00
   7.2875883992730888e+00   6.0187214234760855e+00   4.0000000000000000e+00
   4.2539790933795310e+00   4.3580672216820826e-01   4.0000000000000000e+00
   3.4370658951036637e+00   1.3709610517936310e+00   4.0000000000000000e+00
   7.5275389888210595e+00   5.6999381269653853e+00   4.0000000000000000e+00
   3.4243690475438804e+00   1.2753099356302822e+00   4.0000000000000000e+00
   6.6677950775544286e+00   6.5361144661217843e+00   4.0000000000000000e+00
   2.2369639819618383e+00   3.4411088075805196e+00   4.0000000000000000e+00
   7.2041214345085267e+00   6.8000769891318544e+00   4.0000000000000000e+00
   5.9678504614507988e+00   8.5257767306123533e+00   4.0000000000000000e+00
   3.2565076226697687e-01   4.6661881887879195e+00   4.0000000000000000e+00
   1.4863782222692545e+00   3.4313265104958601e+00   4.0000000000000000e+00
   5.9720573794513134e+00   7.8022526694223924e+00   4.0000000000000000e+00
   5.6423651696059354e+00   7.4493608580134927e+00   4.0000000000000000e+00
   2.4047407751555894e+00   4.3427661322093325e+00   4.0000000000000000e+00
   6.6724089918433558e+00   6.9912114515334913e+00   4.0000000000000000e+00
   9.4854247407226246e+00   5.5273850689274777e+00   4.0000000000000000e+00
   1.8226305075054605e+00   3.3866274225685924e+00   4.0000000000000000e+00
   2.9353395417983199e+00   2.2562794976394516e+00   4.0000000000000000e+00
   1.7168760851694509e+00   3.4009335821524154e+00   4.0000000000000000e+00
   8.6154405832186125e+00   5.8049058983537458e+00   4.0000000000000000e+00
   5.7715226174800041e+00   8.1730481896006992e+00   4.0000000000000000e+00
   2.7161940374434757e+00   2.6506358037513165e+00   4.0000000000000000e+00
   2.6565316708717068e+00   4.0429647869515861e+00   4.0000000000000000e+00
   2.4431666661370057e+00   3.3912839582707566e+00   4.0000000000000000e+00
   2.2076913262456066e+00   4.2308426091415008e+00   4.0000000000000000e+00
   7.6380646519779898e+00   6.3231577540406771e+00   4.0000000000000000e+00
   5.6040441061308233e+00   9.8130329494188953e+00   4.0000000000000000e+00
   4.1476288489381314e+00   2.0592828026181866e+00   4.0000000000000000e+00
   9.2339698975107236e+00   5.4604331421736498e+00   4.0000000000000000e+00
   1.4472054514105182e+00   3.7589337755059882e+00   4.0000000000000000e+00
   5.9531585770802682e+00   6.9815591491383167e+00   4.0000000000000000e+00
   6.3578125762153048e+00   8.2850538342844544e+00   4.0000000000000000e+00
   4.3243386342580834e+00   2.0052401328265979e+00   4.0000000000000000e+00
   2.4718391921771588e+00   3.5698201968034580e+00   4.0000000000000000e+00
   8.3146194270459794e+00   6.2905351044263922e+00   4.0000000000000000e+00
   1.8435803558331099e+00   3.8391027936643072e+00   4.0000000000000000e+00
   3.7843628614249489e+00   3.6133322758218167e+00   4.0000000000000000e+00
   9.1706109784313039e-02   6.3332162034315909e-01   5.0000000000000000e+00
   9.4357078210710252e+00   6.4604996288623493e+00   5.0000000000000000e+00
   8.7067198085098809e+00   7.4629192297049567e+00   5.0000000000000000e+00
   4.9040050277395220e-01   4.3205881169073646e-01   5.0000000000000000e+00
   8.2886747278593660e+00   7.4531628559272232e+00   5.0000000000000000e+00
   8.9201168811660789e+00   8.9795029356948426e+00   5.0000000000000000e+00
   9.6746868589113744e-02   1.6116109609826190e+00   5.0000000000000000e+00
   9.9504008248435412e+00   7.7136477750137686e+00   5.0000000000000000e+00
   1.6622449378212301e+00   5.1424008770172058e-01   5.0000000000000000e+00
   3.9228119124135818e-01   2.5681824241254860e+00   5.0000000000000000e+00
   2.7664198852418331e+00   1.5546277300201750e+00   5.0000000000000000e+00
   2.5130003546912949e+00   1.6009030017696491e-01   5.0000000000000000e+00
   2.8007760153581529e+00   2.1104115459940975e+00   5.0000000000000000e+00
   9.0279086630676879e+00   9.6893516948741087e+00   5.0000000000000000e+00
   1.7896899181943771e+00   3.0956931292973944e-01   5.0000000000000000e+00
   1.2856081740422931e+00   1.7329625455867026e-01   5.0000000000000000e+00
   3.4813153523387430e-01   7.1618256947441172e-01   5.0000000000000000e+00
   2.2471070319225928e+00   1.5823370535326675e-01   5.0000000000000000e+00
   7.1198522177625234e+00   9.9026628078270722e+00   5.0000000000000000e+00
   2.0776811541514117e-01   1.7784563597347802e+00   5.0000000000000000e+00
   8.7611632613174866e+00   6.9204735638977963e+00   5.0000000000000000e+00
   8.7179050028520422e+00   8.7344079577551064e+00   5.0000000000000000e+00
   5.5906544576646455e-01   3.0093163342328433e+00   5.0000000000000000e+00
   9.5282053963702307e+00   8.5728093859131835e+00   5.0000000000000000e+00
   7.0882143471106884e-01   1.6903702254975583e+00   5.0000000000000000e+00
   8.7658444639054132e+00   6.9545625228315346e+00   5.0000000000000000e+00
   1.6338441573505413e+00   6.9292542037465488e-01   5.0000000000000000e+00
   7.5888151801623334e+00   9.5001248143548089e+00   5.0000000000000000e+00
   6.2072107180061176e-02   2.2908600936830306e+00   5.0000000000000000e+00
   2.2750787863344235e+00   3.6186823116771460e-01   5.0000000000000000e+00
   7.4405356239917904e+00   9.0618413553654129e+00   5.0000000000000000e+00
   9.7026203998445091e+00   8.6294032382721824e+00   5.0000000000000000e+00
   8.2181921143064489e+00   9.9525402184607437e+00   5.0000000000000000e+00
   6.6439951284150549e+00   9.5902341215485016e+00   5.0000000000000000e+00
   7.5544543393124926e+00   8.7408901912320029e+00   5.0000000000000000e+00
   4.8370185526135367e-01   1.5443719950762280e+00   5.0000000000000000e+00
   1.1078590029930580e+00   2.4365822243962998e-01   5.0000000000000000e+00
   7.4568102126983504e-01   1.2258296399726420e+00   5.0000000000000000e+00
   9.5013048091835994e+00   9.6810674355576651e+00   5.0000000000000000e+00
   8.1556827023533867e+00   9.3062338347674771e+00   5.0000000000000000e+00
   8.8870326789158085e+00   9.0567946681477096e+00   5.0000000000000000e+00
   7.5377887517506084e+00   8.2014031558094640e+00   5.0000000000000000e+00
   9.5689460475102877e+00   6.5297437075250651e+00   5.0000000000000000e+00
   7.6104160564824106e+00   9.0343948373857828e+00   5.0000000000000000e+00
   6.8725736086110594e+00   9.4801635024886046e+00   5.0000000000000000e+00
   7.1936824170429139e+00   8.9848343310749019e+00   5.0000000000000000e+00
   8.9590008103483481e+00   6.7925167987771147e+00   5.0000000000000000e+00
   8.2229577792884108e+00   9.6835602922010118e+00   5.0000000000000000e+00
   2.6123899284849248e+00   1.8521713623167224e+00   5.0000000000000000e+00
   7.7688152985270396e+00   8.5002448171170748e+00   5.0000000000000000e+00
   1.5933885892205346e-02   2.3840113104243810e+00   5.0000000000000000e+00
   8.3905306858921467e+00   8.5560249868222567e+00   5.0000000000000000e+00
   7.1548771770079274e+00   8.7697248425436296e+00   5.0000000000000000e+00
   9.9573477969975848e+00   8.2522234210493970e+00   5.0000000000000000e+00
   8.0608085123889737e+00   7.6389938077930903e+00   5.0000000000000000e+00
   9.0884038159089755e+00   7.1840376646819983e+00   5.0000000000000000e+00
   7.4505317594843827e+00   9.8437941355696097e+00   5.0000000000000000e+00
   6.4375040240166435e+00   9.9464170044465430e+00   5.0000000000000000e+00
   7.5614462688790676e+00   7.4687444935022018e+00   5.0000000000000000e+00
   9.0096411165409869e+00   6.9778263531033025e+00   5.0000000000000000e+00
   7.0804380941950260e+00   9.9095390948498316e+00   5.0000000000000000e+00
   8.9183470142734933e+00   8.7992378611399804e+00   5.0000000000000000e+00
   3.1850776360656017e+00   6.0117527817744043e-01   5.0000000000000000e+00
   3.9382653792433553e-01   2.1636812097323634e+00   5.0000000000000000e+00
   2.6409006413537881e+00   1.1549484083063921e+00   5.0000000000000000e+00
   6.4556027404807628e+00   9.8186052611070611e+00   5.0000000000000000e+00
   2.6830451234572950e-02   2.7204507424596280e+00   5.0000000000000000e+00
   1.4938527899578613e-01   1.8537255402142117e+00   5.0000000000000000e+00
   8.2856431781855520e+00   8.9141047930262545e+00   5.0000000000000000e+00
   8.1611397350355013e+00   9.8429763784063145e+00   5.0000000000000000e+00
   9.8457161932242308e+00   9.1313161331392863e+00   5.0000000000000000e+00
   1.2974738856628476e-01   1.2292223993442741e+00   5.0000000000000000e+00
   9.7105528377577048e+00   7.5324270878506301e+00   5.0000000000000000e+00
   9.5459401841780149e+00   9.5708273782991462e+00   5.0000000000000000e+00
   7.9961431382603276e+00   8.5378123351956461e+00   5.0000000000000000e+00
   1.8589359008646711e+00   2.9848999065360093e-01   5.0000000000000000e+00
   9.8468096480311722e+00   7.2097408417982614e+00   5.0000000000000000e+00
   9.3277808602802477e+00   9.7021333435181880e+00   5.0000000000000000e+00
   8.3831245124351188e+00   9.4427586877977507e+00   5.0000000000000000e+00
   8.4526353554059082e+00   7.6391139097297192e+00   5.0000000000000000e+00
   6.1177669617836328e-01   2.8572140640460617e+00   5.0000000000000000e+00
   9.6694546168774096e+00   6.7508876576297432e+00   5.0000000000000000e+00
   9.5326765946394652e+00   7.3430489413793563e+00   5.0000000000000000e+00
   1.6083885169794276e+00   6.6045561437745759e-01   5.0000000000000000e+00
   2.7310568564619775e-01   3.2261380020412700e+00   5.0000000000000000e+00
   1.3877192105002645e+00   1.9156782167009023e+00   5.0000000000000000e+00
   6.4494304743989170e+00   9.6777676541457804e+00   5.0000000000000000e+00
   8.4183149500680159e+00   7.5020062012386841e+00   5.0000000000000000e+00
   1.4393083135098850e+00   3.2481814969338627e+00   5.0000000000000000e+00
   9.0025949759863337e+00   7.7525641705565098e+00   5.0000000000000000e+00
   2.3304977499909638e+00   2.4977825515805852e+00   5.0000000000000000e+00
   8.2969251187730446e+00   8.9836206664430378e+00   5.0000000000000000e+00
   7.0100806857953515e+00   9.4260432941711088e+00   5.0000000000000000e+00
   1.4355763702053226e+00   1.0205666387155377e+00   5.0000000000000000e+00
   9.5090620974323192e-01   3.1758744332000388e+00   5.0000000000000000e+00
   7.1127326423738371e+00   9.4410178442462396e+00   5.0000000000000000e+00
   9.7545409113605097e-01   2.0795152890891400e+00   5.0000000000000000e+00
   3.5860216935577838e-01   2.0495285240951255e+00   5.0000000000000000e+00
   9.4476590850970563e+00   7.9494132782157223e+00   5.0000000000000000e+00
   3.5774116060158203e+00   1.4527726079800463e-02   5.0000000000000000e+00
   6.3332556093072423e-01   2.0301291449400694e+00   5.0000000000000000e+00
   7.2393874134768064e+00   8.0068628857984017e+00   5.0000000000000000e+00
   1.2103138239519884e+00   2.5697627432248940e+00   5.0000000000000000e+00
   5.4193303630677203e-01   3.6329931559122395e+00   5.0000000000000000e+00
   2.2270963122808518e-01   1.6220630617852028e+00   5.0000000000000000e+00
   7.4805318014589894e-01   3.2527998938899794e-01   5.0000000000000000e+00
   1.2960427244129491e+00   6.6490479698560034e-01   5.0000000000000000e+00
   8.8038701525500702e+00   9.9050404619514971e+00   5.0000000000000000e+00
   2.5114628640627434e+00   1.8446349604029599e+00   5.0000000000000000e+00
   2.2032340772822092e+00   1.5412738849087448e+00   5.0000000000000000e+00
   1.7985237282465694e+00   6.6941816235102758e-01   5.0000000000000000e+00
   9.4639565037049724e+00   8.3400810327442017e+00   5.0000000000000000e+00
   8.6912074931661087e-01   2.9345206391774736e+00   5.0000000000000000e+00
   9.7085778495598767e+00   9.1887206173511888e+00   5.0000000000000000e+00
   9.2664739417001609e+00   7.1213212197323381e+00   5.0000000000000000e+00
   4.8873048805268771e-01   9.8928218016484104e-02   5.0000000000000000e+00
   2.3983619430249870e+00   1.8438261086811658e+00   5.0000000000000000e+00
   4.9656665929018740e-02   6.9083974184275587e-01   5.0000000000000000e+00
   9.7328991208499840e+00   9.3581015565266483e+00   5.0000000000000000e+00
   7.3306219448571888e+00   9.2943523890668693e+00   5.0000000000000000e+00
   9.5236708833972994e+00   6.8755276490292676e+00   5.0000000000000000e+00
   3.3992762462157988e-01   2.5583347367032738e+00   5.0000000000000000e+00
   8.7807158076377476e+00   7.3073664944841354e+00   5.0000000000000000e+00
   8.5467519849772540e+00   8.6656040068477562e+00   5.0000000000000000e+00
   8.6655243066761223e+00   7.1842006078709906e+00   5.0000000000000000e+00
   1.2836449568625719e+00   2.1066714788035092e+00   5.0000000000000000e+00
   2.6315541565469571e+00   4.5654323565261334e-01   5.0000000000000000e+00
   6.8371056981227065e+00   8.9629891434747471e+00   5.0000000000000000e+00
   1.2788915411556456e+00   2.4260190714891250e+00   5.0000000000000000e+00
   2.2373543582889042e+00   1.8290067046280645e+00   5.0000000000000000e+00
   3.1387240823317084e+00   1.7190200970448566e+00   5.0000000000000000e+00
   9.8090392200281382e+00   8.6554496069788645e+00   5.0000000000000000e+00
   6.4041571790890695e+00   9.3998517338610927e+00   5.0000000000000000e+00
   8.5455743201931753e+00   6.8280500998557141e+00   5.0000000000000000e+00
   7.8806694362700416e+00   8.8864097118508454e+00   5.0000000000000000e+00
   9.3627473409454804e+00   9.7343678823760467e+00   5.0000000000000000e+00
   2.0695754698910851e+00   1.1093142926163935e+00   5.0000000000000000e+00
   7.0289874506867012e+00   8.1550821708958416e+00   5.0000000000000000e+00
   7.5613617635122932e+00   9.2070686547914455e+00   5.0000000000000000e+00
   7.1182752393479163e+00   7.8655200439658435e+00   5.0000000000000000e+00
   8.9664038876755612e+00   7.0968287172513946e+00   5.0000000000000000e+00
   1.1630682424206140e+00   3.4574796755941328e-01   5.0000000000000000e+00
   8.1006433689467574e+00   8.7464296457421682e+00   5.0000000000000000e+00
   7.0504616369150783e+00   8.5455527149262220e+00   5.0000000000000000e+00
   7.8761729125152948e+00   8.8300141524675713e+00   5.0000000000000000e+00
   9.6169786767638303e+00   9.8754259536530782e+00   5.0000000000000000e+00
   1.8770269072922929e+00   1.6261450719073989e+00   5.0000000000000000e+00
   9.7791807052351203e+00   7.7352428435069811e+00   5.0000000000000000e+00
   8.9596750947412023e+00   8.5771142124786106e+00   5.0000000000000000e+00
   1.6444692138702588e+00   1.6246726693127655e-01   5.0000000000000000e+00
   9.8966325436664739e+00   7.8256561024805062e+00   5.0000000000000000e+00
   3.1820989749542949e+00   4.2981538967090227e-01   5.0000000000000000e+00
   3.1771450634045104e+00   1.3515154759881576e+00   5.0000000000000000e+00
   2.8483235568308682e+00   5.6105251795190769e-01   5.0000000000000000e+00
   9.0884665886619089e+00   9.6446029498437564e+00   5.0000000000000000e+00
   2.2815494459881069e-01   2.0153206902228638e+00   5.0000000000000000e+00
   5.2931525184519046e-01   1.4692536487487651e+00   5.0000000000000000e+00
   3.4185660347244182e+00   6.3648925683955415e-01   5.0000000000000000e+00
   7.1639500940702971e+00   8.3938544214776947e+00   5.0000000000000000e+00
   9.2274792091184601e+00   7.5732414906852092e+00   5.0000000000000000e+00
   8.6396804115282411e+00   9.4134006750993144e+00   5.0000000000000000e+00
   7.1089964303417785e+00   8.7321110795572405e+00   5.0000000000000000e+00
   1.3449194518182861e+00   9.9915142693601022e-01   5.0000000000000000e+00
   7.2719199410120492e+00   8.5506367224922197e+00   5.0000000000000000e+00
   1.5224060594814937e+00   9.4696209773756146e-01   5.0000000000000000e+00
   7.0958912204323497e+00   9.4109074580357017e+00   5.0000000000000000e+00
   6.9185106411966402e-01   3.1489102145377776e+00   5.0000000000000000e+00
   8.7922825553288178e+00   7.3148022674549553e+00   5.0000000000000000e+00
   9.8166077262086109e+00   7.6211976245181177e+00   5.0000000000000000e+00
   6.9375087732680307e-01   5.2395777253599785e-01   5.0000000000000000e+00
   9.8660406185157399e+00   9.2488148355967823e+00   5.0000000000000000e+00
   8.4317346811938378e+00   8.7850541447758506e+00   5.0000000000000000e+00
   9.5997138148905954e+00   6.5377692463770352e+00   5.0000000000000000e+00
   7.8198858171391827e-01   3.6036939660205380e-01   5.0000000000000000e+00
   6.6210819981551730e+00   9.5147851563178047e+00   5.0000000000000000e+00
   1.5395940557518939e+00   2.2145376605813505e-01   5.0000000000000000e+00
   7.4065328256467531e+00   8.7806863353916533e+00   5.0000000000000000e+00
   9.9078844377691286e+00   8.5263511208413494e+00   5.0000000000000000e+00
   3.3956121026627839e+00   3.3773900304068238e-03   5.0000000000000000e+00
   8.8469085356333679e+00   8.0117146972966538e+00   5.0000000000000000e+00
   1.6523340261810815e+00   1.4038132107736567e+00   5.0000000000000000e+00
   2.8235275811350826e+00   1.6972547726641374e+00   5.0000000000000000e+00
   8.8728725795738494e+00   9.1262908000321712e+00   5.0000000000000000e+00
   9.1945892506302744e+00   8.6142942892233592e+00   5.0000000000000000e+00
   9.9498378483548713e+00   9.3498289266554568e+00   5.0000000000000000e+00
   9.9247525166390211e+00   8.3827681252522090e+00   5.0000000000000000e+00
   9.8354494522323535e+00   7.1688089508741415e+00   5.0000000000000000e+00
   1.4052933434272086e+00   2.3024235232429913e+00   5.0000000000000000e+00
   6.6431670957108011e+00   9.5315997950254161e+00   5.0000000000000000e+00
   7.1926695781580774e+00   9.9996990230784828e+00   5.0000000000000000e+00
   2.7707861064303794e+00   2.0897433494919282e+00   5.0000000000000000e+00
   2.0434702944725567e+00   1.0282420096761835e-01   5.0000000000000000e+00
   1.9964856088567351e+00   1.4809512058808894e+00   5.0000000000000000e+00
   8.3044945443463796e+00   8.4638298346311860e+00   5.0000000000000000e+00
   8.5423005842410511e+00   8.3305391372645001e+00   5.0000000000000000e+00
   7.8070424700770715e+00   8.8623338516301668e+00   5.0000000000000000e+00
