   9.8220925036271609e+00   1.2786034467374519e+00   1.0000000000000000e+00
   9.8006164891774503e+00   1.2544800986603932e+00   1.0000000000000000e+00
   6.9803245676723558e+00   7.5430685977399436e-01   1.0000000000000000e+00
   8.5109874096064408e-01   8.0057548659834605e+00   1.0000000000000000e+00
   7.1880820109439210e+00   1.0462876135332577e+00   1.0000000000000000e+00
   9.9157277364991248e-01   7.4475153709108968e+00   1.0000000000000000e+00
   1.2912339600555245e+00   6.7339247332620893e+00   1.0000000000000000e+00
   8.8447502292858804e-02   6.3443752288068289e+00   1.0000000000000000e+00
   2.3594224013192813e+00   7.6944189360210213e+00   1.0000000000000000e+00
   1.2258267866234729e+00   9.3250673716008130e+00   1.0000000000000000e+00
   4.7739351718072420e-02   9.7853542770558679e+00   1.0000000000000000e+00
   9.2301724504095795e-02   6.3575712591947777e+00   1.0000000000000000e+00
   9.1764579549882281e+00   1.9251629128755776e-01   1.0000000000000000e+00
   8.3625842605219418e+00   6.3294812541783152e-01   1.0000000000000000e+00
   8.4271569354938709e+00   6.5974219690203562e-02   1.0000000000000000e+00
   9.3929104773960646e+00   2.8945809922662971e+00   1.0000000000000000e+00
   1.2576571471757192e+00   9.4095010614201069e+00   1.0000000000000000e+00
   9.3150026874174667e+00   2.9701293564986884e+00   1.0000000000000000e+00
   6.9197468342721535e+00   1.6399570940607888e+00   1.0000000000000000e+00
   3.9722816573770081e-01   6.2970591480420843e+00   1.0000000000000000e+00
   6.9203374961815056e+00   1.0895486423655654e+00   1.0000000000000000e+00
   1.6222376324173560e-01   9.6391638766735923e+00   1.0000000000000000e+00
   6.7360150165688850e+00   2.3434255359701783e-01   1.0000000000000000e+00
   7.0174536072039881e+00   1.0344582039498373e+00   1.0000000000000000e+00
   8.0208717980151754e+00   1.6451490042063766e+00   1.0000000000000000e+00
   7.5828137796811488e+00   2.0169635200156022e+00   1.0000000000000000e+00
   6.8457083224933326e+00   2.4175108815681190e-01   1.0000000000000000e+00
   7.7815240811586044e+00   1.3894283373304728e+00   1.0000000000000000e+00
   1.8255523229589055e+00   8.6935622084299347e+00   1.0000000000000000e+00
   5.5921813653152075e-01   7.7869930501376601e+00   1.0000000000000000e+00
   8.5523387860636824e+00   1.4085448728975025e+00   1.0000000000000000e+00
   7.8196873568162095e+00   1.5435963364898719e+00   1.0000000000000000e+00
   1.1693080739619721e-01   8.9902377097316446e+00   1.0000000000000000e+00
   9.0534972197260171e+00   3.3101507174341007e+00   1.0000000000000000e+00
   1.8421124546478196e+00   8.6649279722023547e+00   1.0000000000000000e+00
   1.8920004171956428e+00   8.5487001893142782e+00   1.0000000000000000e+00
   2.6055729630583779e+00   9.0958954015652118e+00   1.0000000000000000e+00
   9.2619539671262530e+00   2.0336622201527743e+00   1.0000000000000000e+00
   2.2950575400723769e+00   9.2185084828524673e+00   1.0000000000000000e+00
   9.9623071842373285e+00   1.3308540304096705e+00   1.0000000000000000e+00
   1.5825119757490258e+00   9.6437193142888926e+00   1.0000000000000000e+00
   9.2229725886097551e+00   1.7284651610266966e+00   1.0000000000000000e+00
   3.1474097630249931e+00   9.9023937528727117e+00   1.0000000000000000e+00
   2.2611267192119278e+00   8.5668860768176209e+00   1.0000000000000000e+00
   1.7181790281494025e+00   6.9277615999590854e+00   1.0000000000000000e+00
   7.5097549984161125e+00   1.3061621576768145e+00   1.0000000000000000e+00
   8.5612625814386050e+00   1.2829099434501179e+00   1.0000000000000000e+00
   8.2680276468396290e+00   1.2618230191347413e+00   1.0000000000000000e+00
   1.2021142481434777e+00   8.6386147142696093e+00   1.0000000000000000e+00
   8.9211585654596419e+00   3.3776700690850459e+00   1.0000000000000000e+00
   6.7976684917142380e+00   1.3152964369282283e+00   1.0000000000000000e+00
   7.5253358618863029e+00   1.5657295384267300e-01   1.0000000000000000e+00
   8.6604389994477842e+00   5.1717105819647280e-01   1.0000000000000000e+00
   1.9897620264300453e+00   9.3244771781006524e+00   1.0000000000000000e+00
   8.5622571228893829e-03   6.8510328591170842e+00   1.0000000000000000e+00
   9.4976136540060931e+00   2.6814656847802421e+00   1.0000000000000000e+00
   7.8868596775687845e+00   5.7124958782858615e-01   1.0000000000000000e+00
   9.8853302405531558e+00   3.5446720246596364e+00   1.0000000000000000e+00
   2.6559651127225914e-02   8.0175529605250535e+00   1.0000000000000000e+00
   9.2124703765036635e+00   3.5032451499139317e+00   1.0000000000000000e+00
   2.3610965873091505e+00   8.7315291947768241e+00   1.0000000000000000e+00
   3.6440675518963461e-01   9.1191028791451920e+00   1.0000000000000000e+00
   8.8148594777652729e+00   2.1018043456402613e+00   1.0000000000000000e+00
   8.8609276797224412e-01   7.3444242964183672e+00   1.0000000000000000e+00
   1.0320472447015039e+00   8.7889631983792516e+00   1.0000000000000000e+00
   7.2889014140326323e+00   1.5099994295118935e+00   1.0000000000000000e+00
   1.8531036406596202e+00   8.0409376875456289e+00   1.0000000000000000e+00
   7.5648678412434087e+00   1.3509498881193238e+00   1.0000000000000000e+00
   7.9346542126575041e+00   1.9162385260502479e+00   1.0000000000000000e+00
   9.9326469318810755e+00   2.5655578403256718e-01   1.0000000000000000e+00
   7.4070259595960177e+00   2.3050328308448762e+00   1.0000000000000000e+00
   9.6501326518551362e+00   2.2478417948999274e+00   1.0000000000000000e+00
   1.6292673113538325e+00   9.5950041427502502e+00   1.0000000000000000e+00
   6.8777365486510087e+00   1.8303424500754828e+00   1.0000000000000000e+00
   8.0189161113526310e+00   2.0492737113409931e-01   1.0000000000000000e+00
   1.3178952341582018e+00   7.6763689815971397e+00   1.0000000000000000e+00
   1.6015968418638948e-02   7.3740593673433565e+00   1.0000000000000000e+00
   8.7983103406187126e+00   6.4542612095900065e-01   1.0000000000000000e+00
   9.8601198778999564e+00   3.5866491644119392e+00   1.0000000000000000e+00
   3.4573782677705021e+00   9.8290061545483809e+00   1.0000000000000000e+00
   2.2925790570005855e+00   7.4472731349005468e+00   1.0000000000000000e+00
   8.1002424415752969e+00   2.2787636562655535e+00   1.0000000000000000e+00
   7.5253452334874016e-01   8.0193343325039166e+00   1.0000000000000000e+00
   1.7954453497344258e-01   6.3718093066859627e+00   1.0000000000000000e+00
   3.1112322172259388e+00   8.6703263387334282e+00   1.0000000000000000e+00
   6.9685220347365129e-01   7.4623194606429708e+00   1.0000000000000000e+00
   4.0878686339412051e-01   7.1866764998436974e+00   1.0000000000000000e+00
   1.0533830606600858e+00   9.3000083603249344e+00   1.0000000000000000e+00
   9.6174055205801139e+00   3.3780661575966295e+00   1.0000000000000000e+00
   8.7672256002456113e+00   4.1431050041839446e-01   1.0000000000000000e+00
   3.6589739920985052e+00   9.5789475957013384e+00   1.0000000000000000e+00
   7.1757919384251299e+00   8.7883617332396025e-01   1.0000000000000000e+00
   1.8577166892814367e+00   8.3807635417407482e+00   1.0000000000000000e+00
   9.7519234547415046e+00   1.3394055407940164e+00   1.0000000000000000e+00
   1.7322604021316579e+00   9.8917105653742112e+00   1.0000000000000000e+00
   9.0716935418922056e+00   1.2940498988718352e+00   1.0000000000000000e+00
   7.2820416750097774e+00   2.0960139681657219e-01   1.0000000000000000e+00
   2.7107493013816986e-01   9.5866239308755823e+00   1.0000000000000000e+00
   1.7669871179100904e-01   8.2347252869303365e+00   1.0000000000000000e+00
   4.6012943685504348e-01   9.8438142584060930e+00   1.0000000000000000e+00
   8.6297475847901861e+00   9.0553426928629777e-01   1.0000000000000000e+00
   9.9545847800107516e+00   1.6009354480853044e+00   1.0000000000000000e+00
   9.4685761199871266e-01   9.1424883200688036e+00   1.0000000000000000e+00
   2.6789278302777952e+00   8.2594127707022231e+00   1.0000000000000000e+00
   3.8522785395776138e-01   6.2896377851395844e+00   1.0000000000000000e+00
   8.5912724066710950e+00   2.5480945115032338e+00   1.0000000000000000e+00
   9.6944348234419913e+00   2.9010183445752178e+00   1.0000000000000000e+00
   7.1793399691577275e-01   9.9339955091643937e+00   1.0000000000000000e+00
   9.6916372516300324e+00   4.8722362668817687e-01   1.0000000000000000e+00
   9.1990207800029840e+00   3.0961692509757608e+00   1.0000000000000000e+00
   7.8841661663477272e+00   1.0926986695592622e+00   1.0000000000000000e+00
   8.0292334789655087e+00   2.3375858394961102e+00   1.0000000000000000e+00
   9.8131809997694699e+00   1.0799666767863669e+00   1.0000000000000000e+00
   1.6484931781694456e+00   9.6285294835585677e+00   1.0000000000000000e+00
   3.1259827603772727e+00   9.9951564151977372e+00   1.0000000000000000e+00
   6.7011924918673191e+00   8.5708912108040214e-01   1.0000000000000000e+00
   6.0635573769480811e-02   7.5349404745940589e+00   1.0000000000000000e+00
   9.7741228377565701e+00   3.1704231486358969e+00   1.0000000000000000e+00
   2.1660682403337503e+00   9.9056377015370600e+00   1.0000000000000000e+00
   2.5666860467733810e+00   9.7926008188711453e+00   1.0000000000000000e+00
   8.2237516444767227e+00   1.7638604573011707e+00   1.0000000000000000e+00
   8.7686892096115994e+00   6.5676652396368995e-01   1.0000000000000000e+00
   6.1500128400410081e-01   7.1261140304566819e+00   1.0000000000000000e+00
   6.7757375738009884e+00   5.1712969183319024e-01   1.0000000000000000e+00
   8.8717073461568283e+00   1.9666728676694922e+00   1.0000000000000000e+00
   3.5397483839861197e+00   9.4710366097460508e+00   1.0000000000000000e+00
   9.5163306085062658e+00   2.6058528004683001e+00   1.0000000000000000e+00
   7.4565718182103446e-01   8.9009778019656931e+00   1.0000000000000000e+00
   2.6679573235680722e+00   8.4655177421064085e+00   1.0000000000000000e+00
   8.0887090082665640e+00   4.9394552602221808e-01   1.0000000000000000e+00
   8.6112206014359014e+00   3.1140379670339238e+00   1.0000000000000000e+00
   8.0861487574415527e+00   2.4766443254069506e+00   1.0000000000000000e+00
   9.9706048958296751e+00   3.6877246146986673e+00   1.0000000000000000e+00
   2.6289646458177209e+00   8.3841827570780083e+00   1.0000000000000000e+00
   1.5509902074841608e+00   7.2388358541280819e+00   1.0000000000000000e+00
   9.3171549853963889e+00   2.2842164607999251e+00   1.0000000000000000e+00
   1.4492711160267191e+00   7.7401818518627383e+00   1.0000000000000000e+00
   9.1031520746750303e+00   3.0715663703007667e+00   1.0000000000000000e+00
   3.3114486146801125e+00   8.6433378510945023e+00   1.0000000000000000e+00
   5.2974775785953665e-01   7.4550227094359318e+00   1.0000000000000000e+00
   8.8615075321558141e+00   1.1015624229952004e+00   1.0000000000000000e+00
   9.1892825290605327e+00   1.1876483452331721e-01   1.0000000000000000e+00
   2.0332207055678686e+00   8.7062564187987750e+00   1.0000000000000000e+00
   8.2275426226532105e+00   2.1384176368137831e+00   1.0000000000000000e+00
   1.9501075489305775e+00   7.2748904221568029e+00   1.0000000000000000e+00
   8.6672823372931784e+00   6.5244728469566859e-01   1.0000000000000000e+00
   3.2549383904244591e+00   9.9289492414874836e+00   1.0000000000000000e+00
   7.5473498730205515e+00   2.5420338726908653e+00   1.0000000000000000e+00
   9.4977666898563351e-01   9.3183235314839568e+00   1.0000000000000000e+00
   6.2649819590167741e+00   1.4564153018194803e-01   1.0000000000000000e+00
   2.2309526003731284e+00   9.1314796708321104e+00   1.0000000000000000e+00
   1.6653717738010754e+00   7.0442013971612472e+00   1.0000000000000000e+00
   2.2833342267210552e+00   8.3966127771266166e+00   1.0000000000000000e+00
   7.1041854350009870e-01   9.5372144109475361e+00   1.0000000000000000e+00
   2.4802408625003904e+00   9.0931938431816413e+00   1.0000000000000000e+00
   8.9748134305925653e+00   2.8771302431050296e+00   1.0000000000000000e+00
   8.9368103889776105e+00   1.1365607846428660e+00   1.0000000000000000e+00
   2.7090544714287770e+00   8.3943422020713818e+00   1.0000000000000000e+00
   2.5044449912965003e+00   8.5775748583037625e+00   1.0000000000000000e+00
   1.5149418572874773e+00   9.2705422199782586e+00   1.0000000000000000e+00
   1.7929431845538335e+00   7.3791886015804167e+00   1.0000000000000000e+00
   8.5871560039752879e+00   2.8290001231778539e+00   1.0000000000000000e+00
   7.9272763250386298e+00   5.0134268450125807e-01   1.0000000000000000e+00
   9.1877943622057963e+00   2.4992791478244039e+00   1.0000000000000000e+00
   8.5310461624038414e+00   1.7999992462964365e+00   1.0000000000000000e+00
   7.3709108829252576e+00   2.3566667050400278e+00   1.0000000000000000e+00
   1.1697252609256670e+00   8.5923836643679312e+00   1.0000000000000000e+00
   7.4449861717030865e+00   1.0510228460356663e+00   1.0000000000000000e+00
   3.1126666103262588e+00   9.8766240841890589e+00   1.0000000000000000e+00
   7.2799798747412678e+00   1.6005851025239881e-01   1.0000000000000000e+00
   2.3696664586726399e+00   7.5885156160243197e+00   1.0000000000000000e+00
   8.9639084071775184e+00   1.5453313444311068e+00   1.0000000000000000e+00
   7.4920207294616894e+00   1.4080632117589065e+00   1.0000000000000000e+00
   6.3550908686399121e-01   7.7575393286846586e+00   1.0000000000000000e+00
   1.8125705824535432e-01   7.4653454674695929e+00   1.0000000000000000e+00
   5.6089848936440534e-01   7.9401962079085839e+00   1.0000000000000000e+00
   3.0766264915993391e+00   8.7239507391566349e+00   1.0000000000000000e+00
   1.4441615753710646e+00   7.6051635578432073e+00   1.0000000000000000e+00
   9.0467185102256220e+00   8.1003304911842489e-01   1.0000000000000000e+00
   7.8558226829950417e+00   1.5234572947087699e+00   1.0000000000000000e+00
   3.5637268986597546e+00   9.6650112174861960e+00   1.0000000000000000e+00
   1.9073750622594321e+00   8.6361892275360681e+00   1.0000000000000000e+00
   1.9097111422432944e+00   7.7470737498132998e+00   1.0000000000000000e+00
   3.2496172179718275e+00   8.9714333815996579e+00   1.0000000000000000e+00
   2.5482093694772101e+00   9.6027566114603822e+00   1.0000000000000000e+00
   3.1145971319240919e+00   8.2340839796315830e+00   1.0000000000000000e+00
   6.3977778818841067e+00   5.7466452042516436e-01   1.0000000000000000e+00
   8.4684306347456708e+00   2.5596592508707641e+00   1.0000000000000000e+00
   8.6500206225077179e+00   5.2804613310490689e-01   1.0000000000000000e+00
   9.3624611589502447e+00   8.1132317890770356e-01   1.0000000000000000e+00
   5.1109305668237681e-01   8.0708762457560503e+00   1.0000000000000000e+00
   1.7881132259144161e+00   9.5484275703425290e+00   1.0000000000000000e+00
   7.8088042425688178e+00   1.5446709630181532e+00   1.0000000000000000e+00
   2.3377727181253851e+00   8.9105001276285538e+00   1.0000000000000000e+00
   8.2872797615994802e+00   2.8253082343738001e+00   1.0000000000000000e+00
   8.0499100259883747e+00   7.8364299832776374e-01   1.0000000000000000e+00
   1.2163789281643800e+00   8.0902660626282525e+00   1.0000000000000000e+00
   1.6557034373096013e+00   9.2013284105414410e+00   1.0000000000000000e+00
   1.0261505699954154e+00   7.7860235274450673e+00   1.0000000000000000e+00
   1.2418295678880431e+00   9.3308817196900744e+00   1.0000000000000000e+00
   8.4530038951969182e+00   3.2394778830904061e+00   1.0000000000000000e+00
   9.4188685821447002e+00   1.4977336298197030e+00   1.0000000000000000e+00
   9.7021889410679352e-01   9.2571857559278623e+00   1.0000000000000000e+00
   2.7395212071520350e+00   8.5914970345791613e+00   1.0000000000000000e+00
   2.5271012912621638e+00   8.0419922181327070e+00   1.0000000000000000e+00
   2.3699834867917069e+00   7.4060447332149302e+00   1.0000000000000000e+00
   2.4030611162310143e+00   9.3100171696331397e+00   1.0000000000000000e+00
   1.4399898852832749e+00   9.1316289044065719e+00   1.0000000000000000e+00
   9.6033978534177535e+00   3.2618625375403032e+00   1.0000000000000000e+00
   7.2706898179708546e-01   7.2807437010080447e+00   1.0000000000000000e+00
   1.9469087309206579e+00   8.3126569791538376e+00   1.0000000000000000e+00
   3.6264131132536370e+00   9.9491370605939142e+00   1.0000000000000000e+00
   8.4159813561307075e+00   3.1961085667823719e+00   1.0000000000000000e+00
   6.7588321373285156e+00   4.4741489484878105e-01   1.0000000000000000e+00
   7.3829729066478125e+00   1.6769123038141376e-01   1.0000000000000000e+00
   4.6618625099693944e-01   8.3543201559226699e+00   1.0000000000000000e+00
   8.1046136604490240e+00   1.2632260358982683e-01   1.0000000000000000e+00
   9.2675390205704016e+00   2.2679233970443748e+00   1.0000000000000000e+00
   9.4041898226026639e+00   2.8718847046179530e+00   1.0000000000000000e+00
   9.4789106711151554e+00   4.3043843034206275e-01   1.0000000000000000e+00
   9.9174910523334492e-01   8.0477018862915699e+00   1.0000000000000000e+00
   9.2613838248599700e-02   7.2586279269276366e+00   1.0000000000000000e+00
   8.1977649256646217e+00   8.0155384548240560e-01   1.0000000000000000e+00
   7.9974219975319976e+00   5.4035802349637452e-01   1.0000000000000000e+00
   9.2064017897223032e+00   2.2456131786486488e+00   1.0000000000000000e+00
   9.2290445885078203e+00   1.7949155746528511e+00   1.0000000000000000e+00
   1.8464335544593380e+00   7.3458887420916561e+00   1.0000000000000000e+00
   2.8836399041561833e+00   9.1128080825608748e+00   1.0000000000000000e+00
   9.4155374797919276e+00   2.2275804797002055e+00   1.0000000000000000e+00
   6.8486022831127951e+00   9.1031486326644817e-01   1.0000000000000000e+00
   9.4037324738210359e-01   8.0061968425770385e+00   1.0000000000000000e+00
   8.2246079933925138e+00   1.2185590241550082e+00   1.0000000000000000e+00
   1.1763806353884221e+00   9.0796242542674577e+00   1.0000000000000000e+00
   8.8010056649530686e+00   2.2799032996533173e+00   1.0000000000000000e+00
   1.6884558407100603e+00   6.4490839854583069e+00   2.0000000000000000e+00
   7.1298669847850125e+00   4.2797247915620238e+00   2.0000000000000000e+00
   7.7732668624526822e+00   3.9372711154160744e+00   2.0000000000000000e+00
   5.3954066344943330e+00   1.1998458441122539e+00   2.0000000000000000e+00
   3.9407257710313504e-01   5.4571789300063678e+00   2.0000000000000000e+00
   9.3938520243440511e+00   4.6583069227684382e+00   2.0000000000000000e+00
   4.2477260057688682e+00   7.4526068036250468e+00   2.0000000000000000e+00
   3.0482152341014288e+00   7.6227613678708295e+00   2.0000000000000000e+00
   5.8515957691887897e+00   6.3795676094193787e-02   2.0000000000000000e+00
   2.0260594650269259e+00   6.5535213673938770e+00   2.0000000000000000e+00
   2.9147922463702711e+00   7.3464426863872658e+00   2.0000000000000000e+00
   6.8722011478409852e+00   3.4886198220559339e+00   2.0000000000000000e+00
   1.1505639515068533e+00   5.3776365729262317e+00   2.0000000000000000e+00
   7.5766795992048781e+00   4.5715418133364487e+00   2.0000000000000000e+00
   4.0332914980227095e+00   8.0211490433975250e+00   2.0000000000000000e+00
   6.5195400600141920e+00   2.9901554849045153e+00   2.0000000000000000e+00
   4.3921610611606372e+00   7.9807630321087411e+00   2.0000000000000000e+00
   6.2621516284820942e+00   3.3947792007114752e+00   2.0000000000000000e+00
   2.8860229826723582e+00   7.8013523576852801e+00   2.0000000000000000e+00
   6.3813798884112662e+00   2.5179497148980090e+00   2.0000000000000000e+00
   8.5404955329201595e+00   3.7696310857569939e+00   2.0000000000000000e+00
   2.9690221813178197e+00   5.8302544020072151e+00   2.0000000000000000e+00
   6.8815411285769104e+00   4.3270616229143810e+00   2.0000000000000000e+00
   4.1313918887561316e+00   7.2921462650456137e+00   2.0000000000000000e+00
   6.8720358328484537e+00   1.9160109775881551e+00   2.0000000000000000e+00
   8.3561788905231786e+00   3.5949556102125104e+00   2.0000000000000000e+00
   4.6994132429325717e+00   9.6987767393842894e+00   2.0000000000000000e+00
   3.9473652272320381e+00   6.1175310568731156e+00   2.0000000000000000e+00
   5.8152930777541147e+00   2.1731517892595198e+00   2.0000000000000000e+00
   1.7128380612092398e+00   6.0705191859878322e+00   2.0000000000000000e+00
   4.3430600583436165e+00   6.3788017613129977e+00   2.0000000000000000e+00
   8.1466721798930593e+00   3.6221037156833455e+00   2.0000000000000000e+00
   9.1558208184048766e+00   4.5517697919925908e+00   2.0000000000000000e+00
   7.4333240455175265e+00   4.0186380497463716e+00   2.0000000000000000e+00
   4.0020816477462446e+00   7.1197640352507774e+00   2.0000000000000000e+00
   8.7840556198893012e+00   3.7589099162027217e+00   2.0000000000000000e+00
   7.0740230426676955e+00   2.1126972350264750e+00   2.0000000000000000e+00
   9.5340186317751430e-01   5.4999995890500406e+00   2.0000000000000000e+00
   1.5108870468748947e+00   6.5888405358766118e+00   2.0000000000000000e+00
   1.8013804278437773e+00   5.8487413476067918e+00   2.0000000000000000e+00
   1.1700984515683721e+00   6.2871453518801088e+00   2.0000000000000000e+00
   3.7684862173485820e+00   8.1139130944852287e+00   2.0000000000000000e+00
   9.6804761370887977e+00   4.7956518883824799e+00   2.0000000000000000e+00
   2.9319186435828550e+00   6.0412372815829212e+00   2.0000000000000000e+00
   6.4703880352855361e+00   2.7935136666467097e+00   2.0000000000000000e+00
   3.9563016528032859e+00   8.7951088898879934e+00   2.0000000000000000e+00
   9.8590079788659182e+00   4.2619999284789847e+00   2.0000000000000000e+00
   2.0189411658094789e+00   6.9393864827565777e+00   2.0000000000000000e+00
   5.9269923182580087e+00   2.0989532742609840e-01   2.0000000000000000e+00
   3.5982507426269308e+00   5.9508790559500904e+00   2.0000000000000000e+00
   5.7834551282216502e+00   3.9334514904806328e-01   2.0000000000000000e+00
   6.7194431423865844e+00   4.0262534881351471e+00   2.0000000000000000e+00
   5.6554071170540032e+00   4.6521794695533969e-01   2.0000000000000000e+00
   8.1533133872754835e+00   4.4420902436326779e+00   2.0000000000000000e+00
   7.3135599249637986e+00   2.6567573542606739e+00   2.0000000000000000e+00
   4.5963273144495398e+00   9.9475700892588268e+00   2.0000000000000000e+00
   1.1047866415647556e+00   6.0185697203254120e+00   2.0000000000000000e+00
   7.2422207260074476e+00   4.2858051206441141e+00   2.0000000000000000e+00
   9.9820447882479773e+00   4.0470815378208975e+00   2.0000000000000000e+00
   6.9966717213145539e+00   2.0990055800905072e+00   2.0000000000000000e+00
   5.8664658951979156e+00   2.3398592553858313e+00   2.0000000000000000e+00
   4.1728269803523741e+00   9.8991464890142655e+00   2.0000000000000000e+00
   3.8718010109797873e+00   8.3938688691454466e+00   2.0000000000000000e+00
   3.9342373478422035e+00   6.9807272400491360e+00   2.0000000000000000e+00
   7.6521763124820978e+00   2.7517311893860477e+00   2.0000000000000000e+00
   5.4830038448935934e+00   2.1594467683268723e+00   2.0000000000000000e+00
   8.9488357889208530e+00   4.0061455403739590e+00   2.0000000000000000e+00
   3.6564049225355078e+00   6.4389488633309586e+00   2.0000000000000000e+00
   7.6049485094363156e+00   2.9276836594414393e+00   2.0000000000000000e+00
   7.0930514165169045e+00   2.4984894112362301e+00   2.0000000000000000e+00
   4.2727738315718309e+00   9.1874910655812450e+00   2.0000000000000000e+00
   8.9434233108225829e+00   3.8231235696560182e+00   2.0000000000000000e+00
   8.9310884655480880e+00   3.6861319787782820e+00   2.0000000000000000e+00
   3.9488862237481683e+00   8.5376667223007310e+00   2.0000000000000000e+00
   9.5644587040793709e+00   4.7610176232326431e+00   2.0000000000000000e+00
   7.8239099508264252e+00   3.9478012039444597e+00   2.0000000000000000e+00
   2.8236417078190703e+00   5.8129843096089582e+00   2.0000000000000000e+00
   3.8148962061772829e+00   5.9022100141617724e+00   2.0000000000000000e+00
   3.7952958049720174e+00   9.6226904588056623e+00   2.0000000000000000e+00
   3.8927039943425248e+00   7.9384680578954594e+00   2.0000000000000000e+00
   5.7258869727987225e+00   6.2257088783146730e-01   2.0000000000000000e+00
   3.6713763436654556e-01   5.7548249016450441e+00   2.0000000000000000e+00
   8.8548481175115121e+00   4.3298293413537392e+00   2.0000000000000000e+00
   6.8582065592424080e+00   4.2222994310395130e+00   2.0000000000000000e+00
   3.4208730040399749e+00   6.5793254082636343e+00   2.0000000000000000e+00
   6.7981864698247407e-01   6.0374265145367012e+00   2.0000000000000000e+00
   1.2185046208684702e+00   5.7133968696819872e+00   2.0000000000000000e+00
   8.0012554880578222e+00   3.3027095199756729e+00   2.0000000000000000e+00
   9.8765856482474526e+00   4.5209102438005750e+00   2.0000000000000000e+00
   7.7977257460677905e+00   4.1310990293926872e+00   2.0000000000000000e+00
   4.3663818153698442e+00   9.2240330343441741e+00   2.0000000000000000e+00
   2.8941431042045829e+00   7.3809108890562181e+00   2.0000000000000000e+00
   7.9615401999387636e+00   3.1063261044361412e+00   2.0000000000000000e+00
   7.5654419167706708e+00   2.8272478437168633e+00   2.0000000000000000e+00
   6.6257263994812803e+00   4.1626540823931970e+00   2.0000000000000000e+00
   7.2008784551573708e+00   2.4549853016831769e+00   2.0000000000000000e+00
   6.9278942391617822e+00   2.1592235859660356e+00   2.0000000000000000e+00
   8.6270082617743196e+00   3.6909626159703657e+00   2.0000000000000000e+00
   2.4725065722343653e+00   5.7957636956023784e+00   2.0000000000000000e+00
   7.0867993028459839e+00   3.7623701286065412e+00   2.0000000000000000e+00
   5.3340750287274812e+00   1.6410632435454875e+00   2.0000000000000000e+00
   3.4723410727243187e+00   7.0380917812444546e+00   2.0000000000000000e+00
   4.1290713847786966e+00   6.9023162671026057e+00   2.0000000000000000e+00
   8.1578178664565648e+00   4.3931104178670939e+00   2.0000000000000000e+00
   6.3964976350948515e+00   2.3053866655607482e+00   2.0000000000000000e+00
   6.1678331111097151e+00   1.4405459515664965e+00   2.0000000000000000e+00
   4.0842170377266340e+00   6.7819414867306165e+00   2.0000000000000000e+00
   7.9182621497673411e+00   3.6657425881029235e+00   2.0000000000000000e+00
   5.7677735890467901e+00   5.2164033842589941e-02   2.0000000000000000e+00
   4.3612097978028590e+00   8.9662791831943185e+00   2.0000000000000000e+00
   3.4722654194395486e+00   5.7089717032288370e+00   2.0000000000000000e+00
   4.2722593911984017e+00   6.2299140350869706e+00   2.0000000000000000e+00
   5.9375311057745384e+00   3.9746469000569027e+00   2.0000000000000000e+00
   6.3278066888931459e+00   1.0707973149259531e+00   2.0000000000000000e+00
   7.2482697718492028e+00   3.6868072564448351e+00   2.0000000000000000e+00
   3.0820927594466085e-01   5.9846696060239548e+00   2.0000000000000000e+00
   3.8021211600212745e+00   8.5469189960849601e+00   2.0000000000000000e+00
   7.6868416283040304e+00   3.3929924574995707e+00   2.0000000000000000e+00
   2.0810918518946497e+00   6.0543609788431496e+00   2.0000000000000000e+00
   4.0474606029017410e+00   9.6132507080790610e+00   2.0000000000000000e+00
   7.3436336118487135e+00   4.5487093646579648e+00   2.0000000000000000e+00
   2.8946443066556271e+00   6.4150060256997037e+00   2.0000000000000000e+00
   5.4777199837631052e+00   1.4351836978964716e+00   2.0000000000000000e+00
   5.4661195639741162e+00   2.2934116468893997e+00   2.0000000000000000e+00
   2.1798594466611254e-01   6.2441598724542882e+00   2.0000000000000000e+00
   7.6800443484078773e+00   4.1161095352405432e+00   2.0000000000000000e+00
   3.9798930175882816e+00   6.2145759736017805e+00   2.0000000000000000e+00
   6.5593890311569645e+00   3.3842900787605670e+00   2.0000000000000000e+00
   3.6821201927011060e+00   9.0589054572017051e+00   2.0000000000000000e+00
   4.6579550042326021e+00   8.5168602343138673e+00   2.0000000000000000e+00
   2.3096118878343441e+00   5.3608901775561417e+00   2.0000000000000000e+00
   4.0335409513016005e+00   7.1022650821880182e+00   2.0000000000000000e+00
   8.8241468052511252e+00   3.5538733520530350e+00   2.0000000000000000e+00
   5.6032434372826847e+00   2.0837586548949183e+00   2.0000000000000000e+00
   5.6376527284695497e+00   3.2499359797676330e+00   2.0000000000000000e+00
   6.6857215089545203e+00   4.3274325943166261e+00   2.0000000000000000e+00
   5.9048707984761437e+00   8.9108248083862862e-01   2.0000000000000000e+00
   5.7855426515128938e+00   3.0550790836132888e+00   2.0000000000000000e+00
   8.0265502718551200e+00   3.0416504594645777e+00   2.0000000000000000e+00
   2.1191345417755461e+00   5.8847996705810823e+00   2.0000000000000000e+00
   9.6232351232008391e+00   3.7603969700119166e+00   2.0000000000000000e+00
   4.1811810703237686e+00   6.9771496169306326e+00   2.0000000000000000e+00
   2.9611908484067850e+00   5.9177630778236336e+00   2.0000000000000000e+00
   4.2788173141551775e+00   8.2981373639870153e+00   2.0000000000000000e+00
   7.7333967391551295e-01   5.6083028625065356e+00   2.0000000000000000e+00
   3.5276753256035400e+00   6.5799693240095003e+00   2.0000000000000000e+00
   8.8492653126915659e+00   3.8472459149804106e+00   2.0000000000000000e+00
   3.5698406687130744e+00   7.3904382917098985e+00   2.0000000000000000e+00
   1.6247559623355778e+00   6.3182766046657104e+00   2.0000000000000000e+00
   3.4161726396770620e-01   5.4353169199726921e+00   2.0000000000000000e+00
   4.1817060930994803e+00   9.4014076169998209e+00   2.0000000000000000e+00
   4.1848994964646664e+00   7.1718014488910384e+00   2.0000000000000000e+00
   3.7196752495143470e+00   8.5062879080318865e+00   2.0000000000000000e+00
   3.4121170204548901e+00   7.0928154635165495e+00   2.0000000000000000e+00
   4.4402805790092597e+00   9.3872450558198732e+00   2.0000000000000000e+00
   3.7676942550977488e+00   6.9080555699699158e+00   2.0000000000000000e+00
   2.0449184622246985e+00   5.8614880683892077e+00   2.0000000000000000e+00
   8.0583089284719005e+00   3.6009076230268509e+00   2.0000000000000000e+00
   3.9341549730489564e+00   8.2175163968705984e+00   2.0000000000000000e+00
   1.9392393036184608e+00   6.9425042480965882e+00   2.0000000000000000e+00
   7.5173911105866944e+00   2.6625092861404753e+00   2.0000000000000000e+00
   4.4996471374331790e+00   6.8370725844046554e+00   2.0000000000000000e+00
   6.6622378701561011e+00   2.9546672194779799e+00   2.0000000000000000e+00
   6.9295734318744575e+00   2.7377149301379555e+00   2.0000000000000000e+00
   8.6252111768282322e+00   4.0077358068757905e+00   2.0000000000000000e+00
   6.8290927656809677e+00   2.3618975319384692e+00   2.0000000000000000e+00
   8.7080815549307626e+00   4.4447586737042890e+00   2.0000000000000000e+00
   6.7122848257772825e+00   3.6888207417500594e+00   2.0000000000000000e+00
   3.4534412892787989e+00   6.9457186038719776e+00   2.0000000000000000e+00
   2.3386055948414231e+00   5.3500403960194554e+00   2.0000000000000000e+00
   6.6478328039921886e+00   1.4482548544208740e+00   2.0000000000000000e+00
   5.9870140003501344e+00   3.7122275654035466e+00   2.0000000000000000e+00
   6.2159962833026512e+00   9.1253379928977751e-01   2.0000000000000000e+00
   9.7483252245287915e+00   3.8929472836133172e+00   2.0000000000000000e+00
   7.8509912480677722e+00   2.9763625865103083e+00   2.0000000000000000e+00
   6.4091519896386320e+00   4.1404281735223059e+00   2.0000000000000000e+00
   6.2344656571669734e+00   2.5426255349799733e+00   2.0000000000000000e+00
   2.6954375015914156e+00   6.4803076714449190e+00   2.0000000000000000e+00
   4.0323220538725852e+00   6.2187380834404395e+00   2.0000000000000000e+00
   7.3267333331606697e+00   3.4588351412514462e+00   2.0000000000000000e+00
   2.3771824549022833e+00   7.0277337628960819e+00   2.0000000000000000e+00
   1.0663052402905682e+00   5.6722916644339660e+00   2.0000000000000000e+00
   3.7657609161093211e+00   6.6925262451136893e+00   2.0000000000000000e+00
   7.9988266370258474e+00   3.7084964028217038e+00   2.0000000000000000e+00
   6.5105788315326176e+00   3.7279580422780834e+00   2.0000000000000000e+00
   6.7759408732312956e+00   2.3668806389385910e+00   2.0000000000000000e+00
   5.6530631954132216e-01   5.8943344050878244e+00   2.0000000000000000e+00
   4.2741813153267056e+00   7.8525302595657429e+00   2.0000000000000000e+00
   6.2559675615100732e+00   3.8320381003041568e+00   2.0000000000000000e+00
   5.7082921717412525e+00   2.2754027142455779e+00   2.0000000000000000e+00
   2.0318229885337322e+00   6.0446139938038286e+00   2.0000000000000000e+00
   3.7363582493532910e+00   6.7902952274868760e+00   2.0000000000000000e+00
   4.0688056043781282e+00   8.5041333595000559e+00   2.0000000000000000e+00
   4.3906959745323721e+00   6.6968671534076982e+00   2.0000000000000000e+00
   5.9829671168836445e+00   2.5447061753722355e+00   2.0000000000000000e+00
   2.3375530883036379e+00   5.5647912234297632e+00   2.0000000000000000e+00
   2.2462284629623976e+00   5.6725547303265609e+00   2.0000000000000000e+00
   4.1765807088474389e+00   8.2253023634198410e+00   2.0000000000000000e+00
   7.1337420506409446e+00   3.2817653267721472e+00   2.0000000000000000e+00
   8.4492517907390088e+00   4.1929153116752707e+00   2.0000000000000000e+00
   4.1505334472056807e+00   6.8224067540128264e+00   2.0000000000000000e+00
   2.6416392947194844e+00   5.6580915504156923e+00   2.0000000000000000e+00
   4.6878274460474962e+00   8.3705041990015960e+00   2.0000000000000000e+00
   7.5360727298649088e+00   3.8406178128058222e+00   2.0000000000000000e+00
   6.8726885609683563e+00   5.6230076523544010e+00   3.0000000000000000e+00
   9.3179351284740584e+00   4.8230641077493743e+00   3.0000000000000000e+00
   5.3399808373972801e+00   4.3906926895236023e+00   3.0000000000000000e+00
   5.2288832992514802e+00   5.9133724157669354e+00   3.0000000000000000e+00
   5.0916620846660088e+00   3.3022828426984487e+00   3.0000000000000000e+00
   9.7081022737384011e+00   5.2460920612751121e+00   3.0000000000000000e+00
   9.2892745864190367e+00   4.8112577375350352e+00   3.0000000000000000e+00
   2.9911562997697616e+00   5.3873194589078635e+00   3.0000000000000000e+00
   4.7402059830367271e+00   1.6165166876198545e+00   3.0000000000000000e+00
   9.5007331041992664e+00   5.1332719032757144e+00   3.0000000000000000e+00
   4.2526286702903571e+00   3.7864937882401284e+00   3.0000000000000000e+00
   4.3310291774776575e+00   3.5694551300754931e+00   3.0000000000000000e+00
   5.4457869547345359e+00   5.2815986823177319e+00   3.0000000000000000e+00
   9.9969794079156067e+00   5.2375959133436574e+00   3.0000000000000000e+00
   5.1877196714820615e+00   7.8967152075876772e+00   3.0000000000000000e+00
   5.2389006526525117e+00   4.4315340520536886e+00   3.0000000000000000e+00
   3.3053736852205473e+00   4.9378322996795729e+00   3.0000000000000000e+00
   5.2703325413463284e+00   9.9489274060317285e+00   3.0000000000000000e+00
   4.8863404074812919e+00   3.2449915400686735e+00   3.0000000000000000e+00
   5.5948653443046616e+00   5.7949279887047904e+00   3.0000000000000000e+00
   2.6790948377417823e+00   5.3086660552678691e+00   3.0000000000000000e+00
   5.8907752760184549e+00   6.5071069874757113e+00   3.0000000000000000e+00
   9.4599633300803010e-01   4.6783162979521915e+00   3.0000000000000000e+00
   3.6538301042602250e+00   3.9003032283821448e+00   3.0000000000000000e+00
   5.1421279353643810e+00   4.8239709724228064e+00   3.0000000000000000e+00
   3.2965215279134794e+00   4.4528483853849323e+00   3.0000000000000000e+00
   5.8857672774471839e+00   4.6713449667402083e+00   3.0000000000000000e+00
   4.9772203517980484e+00   1.4335574840831433e+00   3.0000000000000000e+00
   8.4190485926826586e+00   5.1839294484368237e+00   3.0000000000000000e+00
   5.2864270168399035e+00   8.8655876397168267e+00   3.0000000000000000e+00
   4.8470471914217121e+00   3.0402613677793511e-01   3.0000000000000000e+00
   4.8145623287865247e+00   8.1254266283557151e+00   3.0000000000000000e+00
   3.8053920785028317e+00   5.1923309251310545e+00   3.0000000000000000e+00
   4.4162768385933315e+00   4.0453547434108543e+00   3.0000000000000000e+00
   3.9359133483853270e+00   4.4080312611178583e+00   3.0000000000000000e+00
   4.2147659029452260e+00   3.1209343666836489e+00   3.0000000000000000e+00
   4.7853499312889678e+00   7.5991914646751892e+00   3.0000000000000000e+00
   7.4506436286172395e+00   4.6627136075617779e+00   3.0000000000000000e+00
   4.7000296471341843e+00   7.4680853922331147e-01   3.0000000000000000e+00
   4.2863325251676878e+00   4.8006712496458706e+00   3.0000000000000000e+00
   5.5539219832760311e+00   6.0926142878348744e+00   3.0000000000000000e+00
   5.2937469594146416e+00   9.2765851759881315e+00   3.0000000000000000e+00
   2.5717589100063707e+00   4.4601009061567556e+00   3.0000000000000000e+00
   5.7317724229422717e-01   4.7909721384462500e+00   3.0000000000000000e+00
   9.0457592640021662e+00   4.9046508569534852e+00   3.0000000000000000e+00
   6.8699854179077047e+00   4.8625473067134131e+00   3.0000000000000000e+00
   4.6890975980997007e+00   7.5834941417701449e+00   3.0000000000000000e+00
   5.2632994419730572e+00   2.2107799439377072e+00   3.0000000000000000e+00
   4.9043136953492326e+00   7.9624729558035519e+00   3.0000000000000000e+00
   5.2186844851616776e+00   7.0197107679193307e+00   3.0000000000000000e+00
   7.6146081563778409e+00   5.1092234185582042e+00   3.0000000000000000e+00
   6.2907451818129321e+00   5.8557115669723796e+00   3.0000000000000000e+00
   9.3925830084435873e+00   5.0396087980465580e+00   3.0000000000000000e+00
   7.2632039658394945e+00   4.7037664152037051e+00   3.0000000000000000e+00
   1.5718355915887561e+00   4.7454964165828128e+00   3.0000000000000000e+00
   4.5882993071320062e+00   4.7560626265228310e+00   3.0000000000000000e+00
   6.2449152166627062e+00   4.8166752560397654e+00   3.0000000000000000e+00
   7.2636629581703822e+00   5.3960841079678898e+00   3.0000000000000000e+00
   4.9647064009605941e+00   7.2203126242040092e+00   3.0000000000000000e+00
   7.9951714205695499e+00   5.0152786540824863e+00   3.0000000000000000e+00
   6.4459271176371926e+00   5.0898072174701339e+00   3.0000000000000000e+00
   9.6259846312056006e+00   5.2605075385301427e+00   3.0000000000000000e+00
   5.1150688505419684e+00   9.2936584757356044e+00   3.0000000000000000e+00
   2.8617314578715569e+00   4.4357286333220873e+00   3.0000000000000000e+00
   5.3524716480477839e+00   6.0426826778434064e+00   3.0000000000000000e+00
   8.4253919507678390e+00   5.4453871311320796e+00   3.0000000000000000e+00
   6.2259484927509057e+00   4.6021861242045690e+00   3.0000000000000000e+00
   9.0436362662084502e+00   4.8715267234886355e+00   3.0000000000000000e+00
   5.2187040808580019e+00   1.2367786108914025e+00   3.0000000000000000e+00
   5.6718329277932931e+00   5.4825941214001297e+00   3.0000000000000000e+00
   5.4283935334730558e+00   2.9707160407376678e+00   3.0000000000000000e+00
   6.6179987248954530e+00   5.5490905652526044e+00   3.0000000000000000e+00
   4.5981861207883403e+00   6.4036459686555496e+00   3.0000000000000000e+00
   5.0283155346753290e+00   6.1912793043300542e+00   3.0000000000000000e+00
   5.2885070724125676e+00   4.5669307547363358e+00   3.0000000000000000e+00
   4.8497666898657155e+00   9.9799883131018525e+00   3.0000000000000000e+00
   3.7012791283286872e+00   5.0363214888515264e+00   3.0000000000000000e+00
   8.6102672327352581e-01   4.6532672320455379e+00   3.0000000000000000e+00
   9.1194015114926721e+00   5.3038811100107317e+00   3.0000000000000000e+00
   4.3350466077693914e+00   2.8669600532718977e+00   3.0000000000000000e+00
   5.8284115277413227e+00   4.7448387979809752e+00   3.0000000000000000e+00
   4.7827840378398836e+00   7.0902330074372841e+00   3.0000000000000000e+00
   5.4253045444556678e+00   4.4060185209111369e+00   3.0000000000000000e+00
   5.2800983189934581e+00   5.8729268438223547e+00   3.0000000000000000e+00
   5.1358713317040738e+00   8.9344568521145806e+00   3.0000000000000000e+00
   4.8134894760290079e+00   7.7324768022413313e+00   3.0000000000000000e+00
   5.0728299855597321e+00   3.4204933545504179e+00   3.0000000000000000e+00
   5.8312822791419352e+00   5.0338914385725095e+00   3.0000000000000000e+00
   2.5693873227612563e+00   4.3965027501992990e+00   3.0000000000000000e+00
   5.8168894206982733e+00   4.6428962640120064e+00   3.0000000000000000e+00
   2.6840047791168331e+00   4.7715066900434611e+00   3.0000000000000000e+00
   8.3656947924258436e+00   4.8771554227113736e+00   3.0000000000000000e+00
   2.1533967723134841e+00   5.0971734218565992e+00   3.0000000000000000e+00
   4.8516631012269587e+00   3.0406650386673171e+00   3.0000000000000000e+00
   3.8164313145750683e+00   5.6423460039066722e+00   3.0000000000000000e+00
   4.1996672393915553e+00   4.6489943915551262e+00   3.0000000000000000e+00
   8.7419011178759316e+00   4.9512423695330483e+00   3.0000000000000000e+00
   5.2232377319923904e+00   6.0448016825180364e+00   3.0000000000000000e+00
   8.6535053668119826e+00   5.0389515093409685e+00   3.0000000000000000e+00
   2.3909110061436865e+00   4.4660195505616525e+00   3.0000000000000000e+00
   4.5215611958284398e+00   3.8312978357579275e+00   3.0000000000000000e+00
   5.6011800150552453e+00   6.2875450020530321e+00   3.0000000000000000e+00
   4.3133526110267573e+00   5.8906141344744878e+00   3.0000000000000000e+00
   7.1517631314180754e+00   4.5479425760342025e+00   3.0000000000000000e+00
   5.8975967331609889e+00   6.2675076921429191e+00   3.0000000000000000e+00
   5.0715278446625494e+00   1.3953446961849969e-01   3.0000000000000000e+00
   5.0696985778743953e+00   9.2884058624442396e+00   3.0000000000000000e+00
   4.1003342961681710e+00   3.5033426174834368e+00   3.0000000000000000e+00
   1.4751171703802402e+00   4.7430740269933427e+00   3.0000000000000000e+00
   4.6481413719792091e+00   6.9417936100552788e+00   3.0000000000000000e+00
   5.5686228225535483e+00   5.6150001377615926e+00   3.0000000000000000e+00
   6.3662288507590281e+00   5.1226514677612558e+00   3.0000000000000000e+00
   5.6430683379954001e+00   5.1384881868341186e+00   3.0000000000000000e+00
   7.2150715062568951e+00   4.9104605707544895e+00   3.0000000000000000e+00
   5.2570272049970583e+00   5.3860316371904284e+00   3.0000000000000000e+00
   9.9875933749330130e+00   5.0801782256814620e+00   3.0000000000000000e+00
   5.3375396452577153e+00   7.6872623185799869e+00   3.0000000000000000e+00
   3.7024923571636412e+00   5.2072468288566940e+00   3.0000000000000000e+00
   6.7205687277235171e+00   4.9279807508235987e+00   3.0000000000000000e+00
   2.9384438243539512e+00   4.2973651843672727e+00   3.0000000000000000e+00
   5.6810640116297026e+00   7.0077500919322535e+00   3.0000000000000000e+00
   7.7632039103126278e+00   5.3266065411277523e+00   3.0000000000000000e+00
   5.3333475653313931e+00   9.2051361011023403e+00   3.0000000000000000e+00
   3.8762305710016154e-03   5.1399010028749048e+00   3.0000000000000000e+00
   9.1716759220310013e+00   4.8087628427046782e+00   3.0000000000000000e+00
   6.2218091323539131e+00   5.3397132538883083e+00   3.0000000000000000e+00
   5.3361232090931576e+00   3.7457697852869334e+00   3.0000000000000000e+00
   4.9273311473000554e+00   4.2292570596960899e-01   3.0000000000000000e+00
   4.2640040584390260e+00   3.0803173491102633e+00   3.0000000000000000e+00
   4.8798198399139228e+00   3.9005566580315398e-01   3.0000000000000000e+00
   7.7845949048915832e+00   4.6964288847078270e+00   3.0000000000000000e+00
   3.3818884083006240e+00   4.6123987914338560e+00   3.0000000000000000e+00
   5.1573586838313776e+00   2.9994706158470832e+00   3.0000000000000000e+00
   4.7861155831848476e+00   3.3536112377006297e+00   3.0000000000000000e+00
   5.0181610105412577e+00   9.9160345091565780e+00   3.0000000000000000e+00
   5.9892490077500495e+00   6.3354791299765072e+00   3.0000000000000000e+00
   4.7983999839340852e+00   3.2151386110787996e+00   3.0000000000000000e+00
   8.0711557884304739e+00   5.2800054775870899e+00   3.0000000000000000e+00
   2.3648084789875523e+00   4.5318029268126017e+00   3.0000000000000000e+00
   5.2573275948875695e+00   7.3809041419491095e+00   3.0000000000000000e+00
   4.8045154043395977e+00   9.2462786034291504e+00   3.0000000000000000e+00
   2.5437706769714028e+00   4.6596297479923985e+00   3.0000000000000000e+00
   3.7528318016494957e+00   5.3224750975570636e+00   3.0000000000000000e+00
   4.5331264313297392e+00   6.4746344274509138e+00   3.0000000000000000e+00
   5.6799931244906885e+00   4.2246930677355889e+00   3.0000000000000000e+00
   4.8628921416629218e+00   9.3775857754601937e+00   3.0000000000000000e+00
   7.3316251169384454e+00   4.9188532735140775e+00   3.0000000000000000e+00
   4.4180863902272574e+00   5.3915853573322163e+00   3.0000000000000000e+00
   3.9272755289439019e+00   4.8085016677981107e+00   3.0000000000000000e+00
   5.0299972368401580e+00   1.8216573256643187e+00   3.0000000000000000e+00
   3.7573537292977468e+00   4.5865863549356281e+00   3.0000000000000000e+00
   2.0367659341726538e+00   4.8830230127765031e+00   3.0000000000000000e+00
   2.4852152877227720e+00   5.0147971020677495e+00   3.0000000000000000e+00
   4.1287548045925888e+00   3.3823437461533712e+00   3.0000000000000000e+00
   8.1187931763191976e+00   5.4263536058060771e+00   3.0000000000000000e+00
   4.9892838682339011e+00   7.3679579825079076e+00   3.0000000000000000e+00
   8.7547836709216273e+00   4.8258873125712842e+00   3.0000000000000000e+00
   4.7778349926233101e+00   1.7240189369817971e+00   3.0000000000000000e+00
   5.1538835982207241e+00   1.6423020051835591e+00   3.0000000000000000e+00
   3.8842850239428248e+00   5.2215713014456222e+00   3.0000000000000000e+00
   4.8608850830846082e+00   4.8447628871004467e+00   3.0000000000000000e+00
   5.9054186313114743e+00   4.3116555193516568e+00   3.0000000000000000e+00
   8.4084827349256610e+00   5.3047459900614840e+00   3.0000000000000000e+00
   4.9292916719767632e+00   6.0132227229597488e+00   3.0000000000000000e+00
   5.6689836627114083e+00   3.7169194118499194e+00   3.0000000000000000e+00
   7.6159743675835001e-01   5.2230906011584803e+00   3.0000000000000000e+00
   7.5977203253289014e+00   5.1006081471074012e+00   3.0000000000000000e+00
   4.5744897480897571e+00   2.4784255039171157e+00   3.0000000000000000e+00
   4.7830524472226799e+00   4.6682964950378274e+00   3.0000000000000000e+00
   3.3295414336363294e+00   4.9727157853177175e+00   3.0000000000000000e+00
   6.0751755245596515e+00   4.6542865781009182e+00   3.0000000000000000e+00
   3.0700289402652201e+00   5.2263673793639196e+00   3.0000000000000000e+00
   4.5810885078968946e+00   2.9601129910763890e+00   3.0000000000000000e+00
   7.0856529022146306e+00   5.1942905763334499e+00   3.0000000000000000e+00
   5.1913922888969264e+00   6.7812025968973355e+00   3.0000000000000000e+00
   2.0612065997835440e+00   5.0378442670210859e+00   3.0000000000000000e+00
   3.1393377003560499e+00   5.3797125219040094e+00   3.0000000000000000e+00
   7.0045471441197105e-01   4.8944014676496099e+00   3.0000000000000000e+00
   5.1256209946857503e+00   8.7655221953441771e+00   3.0000000000000000e+00
   5.2326312395216270e+00   4.0713415490352727e+00   3.0000000000000000e+00
   5.0179682116826649e+00   3.7097282243167085e+00   3.0000000000000000e+00
   3.7567107283867687e+00   5.4330959247831290e+00   3.0000000000000000e+00
   3.5619509408900085e+00   4.2335956374270847e+00   3.0000000000000000e+00
   4.7587939619879505e+00   1.4973137624851329e+00   3.0000000000000000e+00
   3.8860057473910512e+00   4.0010185642445908e+00   3.0000000000000000e+00
   9.4902865088895467e+00   5.1720121161992525e+00   3.0000000000000000e+00
   5.5526086613105443e+00   3.5348483269348252e+00   3.0000000000000000e+00
   6.0196631474977549e+00   4.4614456138031429e+00   3.0000000000000000e+00
   8.8926679225040512e+00   4.9197135875755249e+00   3.0000000000000000e+00
   9.4811791404335679e+00   4.8453058975597472e+00   3.0000000000000000e+00
   4.6844016764977079e+00   1.4343556341650066e+00   3.0000000000000000e+00
   8.5399545302513342e+00   5.0409774997959280e+00   3.0000000000000000e+00
   4.8285503989932632e+00   5.3953754448038325e+00   3.0000000000000000e+00
   4.5016859071554425e+00   3.4845355496517505e+00   3.0000000000000000e+00
   3.9537015958485178e+00   2.8778411995026900e+00   4.0000000000000000e+00
   9.1379126735843141e-01   3.6842901268609762e+00   4.0000000000000000e+00
   8.4380961111360353e+00   6.3039826017501754e+00   4.0000000000000000e+00
   6.1952464826198934e+00   7.0440597465905794e+00   4.0000000000000000e+00
   7.2210251760230237e+00   7.4403417345522787e+00   4.0000000000000000e+00
   2.4621798031200126e-01   3.7552633895353251e+00   4.0000000000000000e+00
   5.5593308039340066e+00   8.3897315338362191e+00   4.0000000000000000e+00
   2.7939462800955708e+00   2.9693694902504952e+00   4.0000000000000000e+00
   2.7294137906525551e+00   2.7388594166840594e+00   4.0000000000000000e+00
   3.1934867794534707e+00   3.3805875136238974e+00   4.0000000000000000e+00
   4.3078641428965723e+00   2.1090987567161843e+00   4.0000000000000000e+00
   8.9502643777850217e+00   6.2053590270482282e+00   4.0000000000000000e+00
   1.0416294668989878e+00   3.7955775236761347e+00   4.0000000000000000e+00
   9.7959317883899306e+00   6.0133341177293644e+00   4.0000000000000000e+00
   7.5421304740117332e+00   5.8834153278357428e+00   4.0000000000000000e+00
   7.6726604269829632e+00   6.3109611172719120e+00   4.0000000000000000e+00
   6.2902312409125916e-01   4.4318914104568607e+00   4.0000000000000000e+00
   2.9886689398800415e+00   3.4360147895820612e+00   4.0000000000000000e+00
   1.4157023306181316e+00   4.3021173007105427e+00   4.0000000000000000e+00
   7.0376430845372964e+00   6.3528487846486410e+00   4.0000000000000000e+00
   3.7621862230786496e+00   6.4922286760692005e-01   4.0000000000000000e+00
   2.7859964479595600e+00   2.4406141607011920e+00   4.0000000000000000e+00
   6.2227613510745305e+00   9.5116610332612321e+00   4.0000000000000000e+00
   4.5733106392277567e-01   4.1564946092822597e+00   4.0000000000000000e+00
   3.2298820507367276e+00   2.4106890301995998e+00   4.0000000000000000e+00
   8.0623200572285096e+00   6.7629282402769810e+00   4.0000000000000000e+00
   2.9881347084711942e+00   3.2409853502242969e+00   4.0000000000000000e+00
   3.1333104761014328e+00   2.6718964288619684e+00   4.0000000000000000e+00
   3.7383404436950651e+00   3.5919723603757117e+00   4.0000000000000000e+00
   3.8588591703928401e+00   3.7813834990959472e-01   4.0000000000000000e+00
   3.5964259225284314e+00   3.1832429579646959e+00   4.0000000000000000e+00
   5.7374965162257974e+00   7.6850918582075654e+00   4.0000000000000000e+00
   1.0991742308724517e+00   4.3664001292325132e+00   4.0000000000000000e+00
   4.3197001986841954e+00   5.6339850733555741e-01   4.0000000000000000e+00
   3.3542005131198662e+00   3.7670648948795229e+00   4.0000000000000000e+00
   4.2093023145020521e+00   8.4194377724832958e-01   4.0000000000000000e+00
   3.8464957726289262e+00   9.4757600808911380e-01   4.0000000000000000e+00
   3.8393152877145709e+00   3.3900092302061493e+00   4.0000000000000000e+00
   8.3409591532703864e+00   5.7455094319621836e+00   4.0000000000000000e+00
   3.1888156625565545e+00   2.7611475558941501e+00   4.0000000000000000e+00
   1.6384514362479707e+00   3.4832803501889908e+00   4.0000000000000000e+00
   8.5251017419554547e+00   6.3004178114287264e+00   4.0000000000000000e+00
   4.2891481283544106e+00   1.6129715799451771e+00   4.0000000000000000e+00
   5.4924858039820545e+00   8.1273212797292427e+00   4.0000000000000000e+00
   5.7520064762167822e+00   9.0406919741125300e+00   4.0000000000000000e+00
   3.5520023002063326e+00   1.9799385167528327e+00   4.0000000000000000e+00
   6.0766522146949793e+00   8.9064196706279759e+00   4.0000000000000000e+00
   4.3922849029542927e+00   9.3026297044609518e-01   4.0000000000000000e+00
   4.0574313824147037e+00   3.9555364131829585e-01   4.0000000000000000e+00
   2.7450095674855737e+00   3.1588003291457678e+00   4.0000000000000000e+00
   4.5469976815289046e+00   2.6198731730756819e-01   4.0000000000000000e+00
   3.9030968070720506e+00   2.6373156190812539e+00   4.0000000000000000e+00
   9.5640160846296034e+00   5.3671883484822782e+00   4.0000000000000000e+00
   2.8535345194695436e+00   3.7285428993863157e+00   4.0000000000000000e+00
   3.1212859514449418e+00   1.8321649783757421e+00   4.0000000000000000e+00
   6.0671468264192105e+00   9.2588614345404796e+00   4.0000000000000000e+00
   6.5459399780582119e+00   7.1168892644155868e+00   4.0000000000000000e+00
   6.1824727586489550e+00   6.6923073406019151e+00   4.0000000000000000e+00
   5.8255553155938200e+00   7.8602282959547951e+00   4.0000000000000000e+00
   3.9704931506380738e+00   3.0590764657767275e+00   4.0000000000000000e+00
   3.8156923729644432e+00   1.0967395303307803e+00   4.0000000000000000e+00
   3.7466295458012135e+00   1.7494646354055399e+00   4.0000000000000000e+00
   6.0100720164080901e+00   6.8856969488966380e+00   4.0000000000000000e+00
   3.9858331953836190e+00   2.2913571267546953e+00   4.0000000000000000e+00
   2.2425660910242518e+00   3.1521416662788004e+00   4.0000000000000000e+00
   6.2389121367784628e-01   3.6774594493695059e+00   4.0000000000000000e+00
   3.1672461269429419e+00   2.9840301002163274e+00   4.0000000000000000e+00
   8.8409546063298823e+00   6.0730478620450192e+00   4.0000000000000000e+00
   7.2865187733427463e+00   6.9209731888858634e+00   4.0000000000000000e+00
   6.1664908132072940e+00   6.6976264111390424e+00   4.0000000000000000e+00
   5.7262388987368995e+00   9.2448014560243497e+00   4.0000000000000000e+00
   9.3819454524465424e+00   5.9231587838986943e+00   4.0000000000000000e+00
   2.7801318999480209e+00   3.8253836946379027e+00   4.0000000000000000e+00
   7.7229468196607876e+00   7.1902107725120201e+00   4.0000000000000000e+00
   2.0762571753646544e+00   3.3580798207035532e+00   4.0000000000000000e+00
   5.5092291994371356e+00   8.2125645892920982e+00   4.0000000000000000e+00
   5.7190636797297856e+00   7.3038207262375723e+00   4.0000000000000000e+00
   5.7923926803562509e+00   7.4470134145244966e+00   4.0000000000000000e+00
   6.3658211967314120e+00   7.8751655511085961e+00   4.0000000000000000e+00
   5.7134910843059217e+00   7.7177236235275251e+00   4.0000000000000000e+00
   5.3562838478585997e+00   9.1547164275236881e+00   4.0000000000000000e+00
   7.2283076509990787e+00   5.7950744769046016e+00   4.0000000000000000e+00
   9.7390118389700238e+00   5.6845611415845738e+00   4.0000000000000000e+00
   5.8889517636915434e+00   8.3817499162529536e+00   4.0000000000000000e+00
   3.2563436295010009e+00   3.7195591416851914e+00   4.0000000000000000e+00
   6.3772555567319253e+00   8.5401625158541243e+00   4.0000000000000000e+00
   1.8867731611355354e+00   4.4062915041590962e+00   4.0000000000000000e+00
   4.0157356265330302e+00   3.0216657820224588e+00   4.0000000000000000e+00
   8.9052865168337849e+00   6.4104611148533239e+00   4.0000000000000000e+00
   5.8501751543660419e+00   9.0113537455316646e+00   4.0000000000000000e+00
   4.3128765608816186e+00   3.4487347756285813e-01   4.0000000000000000e+00
   8.3941443158100899e+00   5.6847566291793257e+00   4.0000000000000000e+00
   3.3587209668594511e+00   2.2861139557323105e+00   4.0000000000000000e+00
   3.0524887824655558e+00   4.2238679153850303e+00   4.0000000000000000e+00
   6.6956106865592329e+00   6.1108838108065209e+00   4.0000000000000000e+00
   8.8235356412733279e-01   3.8130067825470118e+00   4.0000000000000000e+00
   6.2836399706894328e+00   7.3684821146934549e+00   4.0000000000000000e+00
   2.0004960187320298e+00   4.1889924752352572e+00   4.0000000000000000e+00
   4.3241233204184502e+00   1.6984192521022379e+00   4.0000000000000000e+00
   1.8468242552936653e+00   3.4937455094782113e+00   4.0000000000000000e+00
   6.6303276499793897e+00   7.3458473620151548e+00   4.0000000000000000e+00
   6.4492755861659812e-01   4.5472850528347495e+00   4.0000000000000000e+00
   4.2920556581603311e+00   1.3246567762407191e+00   4.0000000000000000e+00
   7.1909774449289721e+00   7.6104326136417804e+00   4.0000000000000000e+00
   4.1222603255669199e+00   3.3022005717324676e+00   4.0000000000000000e+00
   5.6948219134288101e+00   9.8067187259030000e+00   4.0000000000000000e+00
   8.6137057045934959e+00   6.3884707798130052e+00   4.0000000000000000e+00
   1.9202787001896959e+00   4.3743639873542506e+00   4.0000000000000000e+00
   7.6380646519779898e+00   6.3231577540406771e+00   4.0000000000000000e+00
   7.7253232823707556e+00   7.0180859467826835e+00   4.0000000000000000e+00
   4.4371172397961534e+00   1.5475648952237853e-02   4.0000000000000000e+00
   7.7944829453544173e+00   6.8006437578623169e+00   4.0000000000000000e+00
   6.5607895919531023e+00   6.9150976186669775e+00   4.0000000000000000e+00
   7.3766841629628654e-01   3.6223739780808293e+00   4.0000000000000000e+00
   8.2615165929837993e+00   6.6056998430899618e+00   4.0000000000000000e+00
   6.3104946918644664e+00   8.0491019916454682e+00   4.0000000000000000e+00
   6.1557597845028598e+00   9.6063917572425996e+00   4.0000000000000000e+00
   2.7275346813880064e+00   2.7049819475518664e+00   4.0000000000000000e+00
   8.4439636341556383e+00   6.5263499870473032e+00   4.0000000000000000e+00
   6.8768418970822429e+00   7.5955991193710934e+00   4.0000000000000000e+00
   6.0695059215308351e+00   7.9438010803059287e+00   4.0000000000000000e+00
   6.4365107741453862e+00   6.6831965360146830e+00   4.0000000000000000e+00
   6.2768849895590728e+00   6.4939776910521747e+00   4.0000000000000000e+00
   8.9037150932762827e+00   6.2318330713090964e+00   4.0000000000000000e+00
   6.1973483296815282e+00   9.5947429414278247e+00   4.0000000000000000e+00
   1.2944357467708745e+00   3.7393537810215038e+00   4.0000000000000000e+00
   7.0110277924009523e+00   6.4931944196471116e+00   4.0000000000000000e+00
   3.5096828763424193e+00   1.0837053026487897e+00   4.0000000000000000e+00
   3.1591105175420333e+00   3.1793987228761420e+00   4.0000000000000000e+00
   8.3206729398419412e+00   5.5849082157787278e+00   4.0000000000000000e+00
   2.3918694394344953e+00   3.5043252070661266e+00   4.0000000000000000e+00
   8.5741561076338684e+00   6.4469543878539115e+00   4.0000000000000000e+00
   3.2357333461034363e+00   2.4378725273351409e+00   4.0000000000000000e+00
   7.9989372725341870e+00   6.2970054147879111e+00   4.0000000000000000e+00
   8.8177543692086928e+00   6.1102483039012112e+00   4.0000000000000000e+00
   5.9679151022761934e+00   8.4507935989202956e+00   4.0000000000000000e+00
   5.6263724401108197e+00   7.6659891155785118e+00   4.0000000000000000e+00
   6.0141613391343620e+00   8.0923863001823140e+00   4.0000000000000000e+00
   4.4770832871128921e+00   3.8288003702101170e-01   4.0000000000000000e+00
   6.6122714898283839e+00   6.0672040107834855e+00   4.0000000000000000e+00
   4.3922169351231890e+00   9.4942563402108382e-01   4.0000000000000000e+00
   5.8554942811909472e+00   7.5889906468641133e+00   4.0000000000000000e+00
   3.6818837397684536e+00   1.9199967167298515e+00   4.0000000000000000e+00
   1.1279905744517404e+00   4.5875709354588947e+00   4.0000000000000000e+00
   5.7051431638557819e+00   9.9432920326821694e+00   4.0000000000000000e+00
   3.7496688858906611e+00   1.3591280904735215e+00   4.0000000000000000e+00
   8.1369794495904575e+00   6.8091701795940445e+00   4.0000000000000000e+00
   1.9952283539401938e+00   4.3638199103586111e+00   4.0000000000000000e+00
   5.7766703192607327e+00   7.8982175464218329e+00   4.0000000000000000e+00
   7.2461929262590115e+00   6.6633116151366529e+00   4.0000000000000000e+00
   9.2233575885424468e-01   4.5474873628784129e+00   4.0000000000000000e+00
   8.1094923484333901e+00   6.4933276430896036e+00   4.0000000000000000e+00
   4.1739042774483579e+00   2.5070466037458639e+00   4.0000000000000000e+00
   4.6352268091286390e+00   2.7743934121492675e-01   4.0000000000000000e+00
   7.8663321007914986e+00   6.5527578502208090e+00   4.0000000000000000e+00
   2.3048854613771184e+00   3.7665795291562478e+00   4.0000000000000000e+00
   9.2644261718325254e+00   5.6402622760152541e+00   4.0000000000000000e+00
   3.5218495914593220e+00   2.8363362280860493e+00   4.0000000000000000e+00
   8.2490532087782107e+00   5.6469359204771132e+00   4.0000000000000000e+00
   8.7798727429674024e+00   6.2999271318169043e+00   4.0000000000000000e+00
   2.2718504580464751e+00   3.0409555460790583e+00   4.0000000000000000e+00
   6.5005048840763830e+00   7.8571099005839082e+00   4.0000000000000000e+00
   6.8208434355568208e+00   6.6301154929794137e+00   4.0000000000000000e+00
   6.5836731806236504e+00   6.7486846117900470e+00   4.0000000000000000e+00
   8.1107434459489287e+00   6.8811150988789596e+00   4.0000000000000000e+00
   7.9409197673476140e+00   5.6469036568998545e+00   4.0000000000000000e+00
   2.1542202273374542e+00   4.3823825352609944e+00   4.0000000000000000e+00
   1.3261184239900292e+00   3.6961114058809832e+00   4.0000000000000000e+00
   8.8748082358094500e+00   5.8089829368946777e+00   4.0000000000000000e+00
   3.9877929020712299e+00   1.5978163056896244e+00   4.0000000000000000e+00
   1.5478196279006928e-01   4.6206112603256546e+00   4.0000000000000000e+00
   3.5447305143013939e+00   2.1775919114159317e+00   4.0000000000000000e+00
   2.7773741662600493e-01   2.1337542311670923e+00   5.0000000000000000e+00
   9.4056816538875432e-01   2.3838272264216585e+00   5.0000000000000000e+00
   9.6706191285378136e+00   7.6588579938065564e+00   5.0000000000000000e+00
   8.4617500157176639e+00   6.9763690657362973e+00   5.0000000000000000e+00
   9.8783277485886938e+00   7.2122323994727910e+00   5.0000000000000000e+00
   1.7524357614492247e+00   3.0035168326785655e+00   5.0000000000000000e+00
   8.3779152644189594e+00   7.4812367921523304e+00   5.0000000000000000e+00
   6.9894936524731772e+00   8.0894562358400925e+00   5.0000000000000000e+00
   2.5663660415607792e+00   1.3614954883812502e+00   5.0000000000000000e+00
   3.2307439422856508e+00   1.0906735357152364e+00   5.0000000000000000e+00
   7.8865665360465909e-01   3.1370483873274893e+00   5.0000000000000000e+00
   1.1241156993888601e+00   3.3538593710449960e+00   5.0000000000000000e+00
   1.0807323807892322e+00   8.3777040290375804e-01   5.0000000000000000e+00
   3.2911646096281499e-01   3.3163452826042472e+00   5.0000000000000000e+00
   5.6666941729050291e-01   9.7532420973007072e-01   5.0000000000000000e+00
   9.7728353119909404e+00   8.5866646956778006e+00   5.0000000000000000e+00
   7.0289874506867012e+00   8.1550821708958416e+00   5.0000000000000000e+00
   1.9656367999930635e+00   2.5372633501942587e+00   5.0000000000000000e+00
   9.2471685392141811e+00   9.8645201308082360e+00   5.0000000000000000e+00
   8.9064792640416335e-01   9.7693380496463922e-01   5.0000000000000000e+00
   5.5090916222889530e-01   2.0183231985300609e+00   5.0000000000000000e+00
   3.0220683575029215e+00   1.2898808054419897e-01   5.0000000000000000e+00
   2.4822243105631880e+00   2.5057547362367014e+00   5.0000000000000000e+00
   8.0043034547268519e+00   9.9920433159808866e+00   5.0000000000000000e+00
   8.2565985418886934e-01   1.3987642543189760e+00   5.0000000000000000e+00
   9.1591875031163941e+00   9.9628616507704386e+00   5.0000000000000000e+00
   5.7579884317715546e-02   2.1639102585818240e+00   5.0000000000000000e+00
   1.3527827354386435e+00   3.0631380427004249e+00   5.0000000000000000e+00
   9.1634507532923042e+00   6.7313027461444994e+00   5.0000000000000000e+00
   7.8819228677443753e+00   8.3915346649264215e+00   5.0000000000000000e+00
   8.9958659861934578e+00   7.7379160150496720e+00   5.0000000000000000e+00
   1.3604194649534829e+00   5.6516827892500232e-01   5.0000000000000000e+00
   3.6798470884580325e+00   1.6122429387175896e-01   5.0000000000000000e+00
   1.1160032457485602e+00   2.2751608120169275e+00   5.0000000000000000e+00
   7.4961431898893705e-01   2.5492138679653609e+00   5.0000000000000000e+00
   9.1072350879527022e+00   8.5024017784641845e+00   5.0000000000000000e+00
   9.1563381311811316e+00   8.6643798128341931e+00   5.0000000000000000e+00
   2.5960052167065717e+00   1.5582439784796320e+00   5.0000000000000000e+00
   6.6264918545519569e+00   8.7884548424641213e+00   5.0000000000000000e+00
   6.7547579588816529e+00   9.4224941505441535e+00   5.0000000000000000e+00
   9.3195139326722103e+00   8.9061327852423702e+00   5.0000000000000000e+00
   8.8595595849806195e+00   7.2038359809222277e+00   5.0000000000000000e+00
   9.1543166406618450e+00   8.1680797253131452e+00   5.0000000000000000e+00
   1.3304138003421118e-01   3.3484919504385791e+00   5.0000000000000000e+00
   2.1385288497248913e+00   9.4262619215337073e-01   5.0000000000000000e+00
   1.2460733606506280e+00   9.7585398119232614e-01   5.0000000000000000e+00
   1.0606206394125617e+00   2.5617971396704919e+00   5.0000000000000000e+00
   1.5233994585769750e+00   1.7407229825537907e+00   5.0000000000000000e+00
   7.4036438287654089e+00   9.4628617430953259e+00   5.0000000000000000e+00
   9.4338263027780496e+00   7.8169708420406252e+00   5.0000000000000000e+00
   2.6916302195012989e+00   8.1928423026664032e-01   5.0000000000000000e+00
   6.7320331521174168e+00   9.7080541825028721e+00   5.0000000000000000e+00
   9.2806899973731323e+00   9.9336730280946597e+00   5.0000000000000000e+00
   6.8665675442099179e+00   9.4483118081044317e+00   5.0000000000000000e+00
   8.0149784165778453e+00   8.3196176730301552e+00   5.0000000000000000e+00
   8.7702933248605994e+00   8.6598818823899375e+00   5.0000000000000000e+00
   7.3029246652959419e+00   8.9486488661079182e+00   5.0000000000000000e+00
   1.7848171904756294e+00   3.0265813143704268e+00   5.0000000000000000e+00
   8.6496417680538080e+00   7.3219453429098982e+00   5.0000000000000000e+00
   8.8108482098080145e+00   9.1143513708936386e+00   5.0000000000000000e+00
   2.0146418645168698e+00   2.5409149663818811e+00   5.0000000000000000e+00
   6.9967324865308704e+00   8.8713853969382370e+00   5.0000000000000000e+00
   5.1385721798124950e-01   7.8947813962745195e-01   5.0000000000000000e+00
   2.9872883172676734e+00   1.9188159464945342e-01   5.0000000000000000e+00
   5.7175472195874932e-01   3.2753175808269774e+00   5.0000000000000000e+00
   3.2147428957970736e-01   1.9405779763797637e+00   5.0000000000000000e+00
   1.2085952818155055e+00   2.0010571712203564e+00   5.0000000000000000e+00
   3.6391243658219627e+00   2.1713234253222247e-02   5.0000000000000000e+00
   1.3050916415870395e+00   2.7040934606551104e-01   5.0000000000000000e+00
   1.5463468412611048e+00   2.4269839909429534e+00   5.0000000000000000e+00
   1.4574840860792526e+00   3.0743138011080418e-01   5.0000000000000000e+00
   2.5523169898359779e+00   6.8648206365173547e-01   5.0000000000000000e+00
   7.0827221317475839e+00   8.8818164539700959e+00   5.0000000000000000e+00
   1.0824046213062755e+00   1.0803852619759979e+00   5.0000000000000000e+00
   2.4305637925629133e+00   8.9629756763681789e-01   5.0000000000000000e+00
   3.0627464589894848e+00   1.7024140913477170e+00   5.0000000000000000e+00
   2.1992109359054099e+00   1.2234638364221750e+00   5.0000000000000000e+00
   1.5678522930570493e+00   8.1512416324366899e-01   5.0000000000000000e+00
   9.9247525166390211e+00   8.3827681252522090e+00   5.0000000000000000e+00
   3.8132362392874208e-01   2.5597044581738384e+00   5.0000000000000000e+00
   8.3095637227058070e+00   9.0997576560769087e+00   5.0000000000000000e+00
   3.7963821181779434e-01   8.3838315017120579e-01   5.0000000000000000e+00
   8.9596007393479908e+00   7.9548401768296904e+00   5.0000000000000000e+00
   7.5565492070442373e+00   7.7087968294602325e+00   5.0000000000000000e+00
   7.6481798466185413e-01   1.7974270658274294e+00   5.0000000000000000e+00
   3.3360661706862782e+00   1.0102737461473366e+00   5.0000000000000000e+00
   1.1078590029930580e+00   2.4365822243962998e-01   5.0000000000000000e+00
   7.2344597291783490e+00   8.9481487826791017e+00   5.0000000000000000e+00
   1.5805511446651765e-01   5.4336401519152866e-01   5.0000000000000000e+00
   3.4139356285232090e+00   4.7335558356175644e-01   5.0000000000000000e+00
   8.7359661964990618e+00   7.0274889583239597e+00   5.0000000000000000e+00
   1.1423686317114101e+00   3.3424813251386922e+00   5.0000000000000000e+00
   3.3454270600009375e+00   5.0755481071333430e-01   5.0000000000000000e+00
   9.2434742865704571e+00   9.5722798446379453e+00   5.0000000000000000e+00
   1.2806090167067574e+00   9.4362791615258623e-01   5.0000000000000000e+00
   6.9740288576566432e+00   9.9422370584554915e+00   5.0000000000000000e+00
   7.7935180217169631e+00   9.2726887061297685e+00   5.0000000000000000e+00
   8.3930105070417742e+00   7.6728275962030770e+00   5.0000000000000000e+00
   2.4207548094434572e+00   1.1233775445186012e+00   5.0000000000000000e+00
   2.0394065288647933e+00   6.2687014375620298e-01   5.0000000000000000e+00
   2.9846970136849027e+00   1.2055854906635177e+00   5.0000000000000000e+00
   1.7593947151271061e+00   1.1034057427394006e+00   5.0000000000000000e+00
   2.1210477071709013e+00   2.6668015368104694e+00   5.0000000000000000e+00
   8.2420270380905158e-01   1.7198773727421290e-01   5.0000000000000000e+00
   7.8295243818290139e+00   8.8723704591654347e+00   5.0000000000000000e+00
   9.0519109404191358e+00   7.3691935154556640e+00   5.0000000000000000e+00
   7.1505776630837552e+00   9.9470602605202476e+00   5.0000000000000000e+00
   8.0867359402919909e+00   9.0565132879833303e+00   5.0000000000000000e+00
   7.2283063871972502e+00   9.9327767219399963e+00   5.0000000000000000e+00
   4.0200531012867580e-01   1.1097003089528656e-01   5.0000000000000000e+00
   2.0916726252469688e+00   2.7742879146078159e+00   5.0000000000000000e+00
   1.0823558908540276e+00   1.0366127144658244e+00   5.0000000000000000e+00
   9.1866550602622361e+00   8.4967290616681197e+00   5.0000000000000000e+00
   9.5280938064688065e+00   8.0868005316058866e+00   5.0000000000000000e+00
   4.5019155985248416e-01   8.5823839064244067e-01   5.0000000000000000e+00
   2.6518589912343868e+00   8.3079865832009769e-01   5.0000000000000000e+00
   1.8860675089253043e-01   2.7071903324344868e+00   5.0000000000000000e+00
   6.6666357469787298e+00   9.6411072912698188e+00   5.0000000000000000e+00
   7.4259504097340789e+00   7.8191020728611562e+00   5.0000000000000000e+00
   3.6520057221081839e+00   1.2565704422932256e-01   5.0000000000000000e+00
   1.5005369921217615e+00   3.0247907162067422e+00   5.0000000000000000e+00
   3.1038202086996258e+00   7.7386336563675329e-01   5.0000000000000000e+00
   2.2169199465096758e+00   1.0904693630470974e+00   5.0000000000000000e+00
   8.7198065006935082e+00   8.2855494244014469e+00   5.0000000000000000e+00
   8.0582811546130966e+00   8.0509471244105910e+00   5.0000000000000000e+00
   6.6416451910302987e+00   9.1957006828871108e+00   5.0000000000000000e+00
   1.9285650317236058e-01   3.1874308715044899e+00   5.0000000000000000e+00
   3.2367652116989278e+00   1.4587179414260409e+00   5.0000000000000000e+00
   6.3443858307945966e-01   1.0668001234694924e+00   5.0000000000000000e+00
   9.5779959218168624e+00   7.4085393934038883e+00   5.0000000000000000e+00
   9.4554335316679006e-01   2.2404257022849117e+00   5.0000000000000000e+00
   4.9586868610310031e-01   3.0440937165444168e+00   5.0000000000000000e+00
   3.5811607982049853e-01   1.9789737802764718e-01   5.0000000000000000e+00
   7.6639169836418164e+00   7.5008308137675410e+00   5.0000000000000000e+00
   8.6289971260211686e+00   7.0480817491573244e+00   5.0000000000000000e+00
   7.1220924612518832e+00   8.7581658112151786e+00   5.0000000000000000e+00
   3.4318457960207827e-01   2.2359961652241420e+00   5.0000000000000000e+00
   1.6185243777737290e+00   3.2851798862387982e-01   5.0000000000000000e+00
   7.7822536087773342e+00   7.2446564575076833e+00   5.0000000000000000e+00
   8.1093331294459752e+00   8.2919208677797158e+00   5.0000000000000000e+00
   8.1966429810178738e+00   8.6508992104691060e+00   5.0000000000000000e+00
   2.1840398304073094e+00   1.6055685129724240e+00   5.0000000000000000e+00
   3.1361386711516257e+00   4.4571403157593226e-01   5.0000000000000000e+00
   8.3079473859367758e-01   7.8300861799005750e-01   5.0000000000000000e+00
   8.7575899950566551e+00   9.3360483469742910e+00   5.0000000000000000e+00
   8.2409321628138632e-01   2.0875647152213181e+00   5.0000000000000000e+00
   9.3816824355770461e+00   6.5446934807343657e+00   5.0000000000000000e+00
   9.4976028203295666e+00   9.1217769002586060e+00   5.0000000000000000e+00
   8.6023738090736863e+00   9.0902084903534419e+00   5.0000000000000000e+00
   6.3569659446216509e-01   5.4379949697838104e-02   5.0000000000000000e+00
   9.4575520289516102e-01   1.4465663733489231e+00   5.0000000000000000e+00
   8.8007177803874814e+00   9.6487495930097715e+00   5.0000000000000000e+00
   1.1621368607894844e+00   6.9217927805748092e-02   5.0000000000000000e+00
   8.3704180597826507e+00   7.0743776929901152e+00   5.0000000000000000e+00
   8.4789435059530991e+00   9.3516402681356574e+00   5.0000000000000000e+00
   7.3708127973628148e+00   8.5651087753651964e+00   5.0000000000000000e+00
   3.0390241037890773e+00   1.7071106939568070e+00   5.0000000000000000e+00
   1.3468807857643583e+00   1.6996442996180605e+00   5.0000000000000000e+00
   3.1109994947968147e+00   1.6155984268487278e+00   5.0000000000000000e+00
   9.8976385289246096e+00   9.2617842085777760e+00   5.0000000000000000e+00
   6.7954027177428706e+00   9.2102716919593544e+00   5.0000000000000000e+00
   7.9111324073670950e+00   7.8706018863615981e+00   5.0000000000000000e+00
   2.6270367576687104e+00   1.9228457954355616e+00   5.0000000000000000e+00
   9.2064580510982648e+00   6.5427012770568638e+00   5.0000000000000000e+00
   8.8826550400118762e+00   8.1650960571174060e+00   5.0000000000000000e+00
   1.0650082974878849e+00   1.7877462159330237e+00   5.0000000000000000e+00
   9.0025949759863337e+00   7.7525641705565098e+00   5.0000000000000000e+00
   2.2490441283684159e+00   2.2066837942588124e-02   5.0000000000000000e+00
   2.0439300028846672e+00   1.9459119497521626e+00   5.0000000000000000e+00
   9.5793150109174405e+00   7.8934317415542523e+00   5.0000000000000000e+00
   1.6917033282645855e+00   3.0307218214842466e+00   5.0000000000000000e+00
   9.1602464199026361e+00   8.8828607970573437e+00   5.0000000000000000e+00
   9.4053887312507776e+00   6.8921784413149458e+00   5.0000000000000000e+00
   7.1393278851915367e+00   9.0219531959233432e+00   5.0000000000000000e+00
   9.0143463514339994e-01   1.7243691363200087e+00   5.0000000000000000e+00
   9.1461944848212102e+00   8.3372571454527993e+00   5.0000000000000000e+00
   2.0036321276576272e+00   7.2394694134938264e-01   5.0000000000000000e+00
   7.6931924837446806e+00   7.6959416286864100e+00   5.0000000000000000e+00
   9.3718073471074064e+00   8.7967492523019697e+00   5.0000000000000000e+00
   9.2155632568771679e+00   6.5629014102618530e+00   5.0000000000000000e+00
   7.0452128429802787e+00   9.5818798542696690e+00   5.0000000000000000e+00
   6.3222188381295230e-01   2.8647057991098124e-01   5.0000000000000000e+00
   9.0246718406230144e+00   9.2734514099743706e+00   5.0000000000000000e+00
   1.8695031058870715e-02   6.8969452501914330e-01   5.0000000000000000e+00
   3.5381531347564943e-01   1.6234031484493072e+00   5.0000000000000000e+00
   8.3127270829070206e+00   8.4541906512468152e+00   5.0000000000000000e+00
   9.6504730803887480e+00   9.9755102850319446e+00   5.0000000000000000e+00
   1.6114946962941223e+00   6.2494350689886180e-01   5.0000000000000000e+00
   3.0050905975481212e-01   3.1117940790416143e+00   5.0000000000000000e+00
   7.6722846567713301e+00   7.8288058410890322e+00   5.0000000000000000e+00
   7.3798724959922559e+00   9.7947079532088299e+00   5.0000000000000000e+00
   2.1279224953522888e+00   1.3411137792563910e+00   5.0000000000000000e+00
   2.3945882294579137e+00   1.8729939632398107e+00   5.0000000000000000e+00
   5.5131752002128831e-01   2.0541691867614151e+00   5.0000000000000000e+00
   5.0141100239356806e-01   3.6506570297016894e+00   5.0000000000000000e+00
   2.1376184992925804e+00   1.8863261013072741e+00   5.0000000000000000e+00
