   1.2749884786908638e+00   6.9694756732885281e+00   1.0000000000000000e+00
   9.6933516901329728e+00   1.8857096364980896e-01   1.0000000000000000e+00
   1.1739199326003591e+00   7.2503486181615227e+00   1.0000000000000000e+00
   2.3021393892354736e+00   8.1266997618996371e+00   1.0000000000000000e+00
   9.9323824096016740e+00   2.2531504248211407e+00   1.0000000000000000e+00
   8.7422333204384035e+00   3.3936125355022693e+00   1.0000000000000000e+00
   9.8563095856837197e+00   8.8782823162911528e-01   1.0000000000000000e+00
   9.4393990601055791e+00   1.2302597733509479e+00   1.0000000000000000e+00
   1.4436735016759850e+00   8.6290709241814909e+00   1.0000000000000000e+00
   2.3384124553682129e+00   9.8705755681811862e+00   1.0000000000000000e+00
   6.1182394028439724e-01   9.0818823322880107e+00   1.0000000000000000e+00
   1.5062319260522317e+00   8.2216043809150712e+00   1.0000000000000000e+00
   8.5619092455032741e-01   8.0616322380902421e+00   1.0000000000000000e+00
   8.5654695277691975e+00   1.4154154453152601e-01   1.0000000000000000e+00
   6.8037616435297785e+00   1.5120208568411753e+00   1.0000000000000000e+00
   9.2979538995084852e+00   3.2882784939133067e+00   1.0000000000000000e+00
   2.7565175711522647e+00   9.2456103444650850e+00   1.0000000000000000e+00
   2.7003424386572226e+00   9.3989690183937125e+00   1.0000000000000000e+00
   3.0419153524037155e+00   9.2405988364355611e+00   1.0000000000000000e+00
   1.3355886645183901e+00   7.4091713754483566e+00   1.0000000000000000e+00
   1.6219570183615661e+00   7.1024946463055834e+00   1.0000000000000000e+00
   1.8531036406596202e+00   8.0409376875456289e+00   1.0000000000000000e+00
   2.1577248366946753e+00   7.1682260063214498e+00   1.0000000000000000e+00
   1.0199975105027281e+00   9.9780394544990418e+00   1.0000000000000000e+00
   9.1386927890245211e+00   2.6998445761939083e+00   1.0000000000000000e+00
   8.2824013467740105e+00   1.3784948920057249e+00   1.0000000000000000e+00
   9.5940286563067350e+00   3.6928939495214919e+00   1.0000000000000000e+00
   9.8003758210432448e+00   8.0400493897869185e-01   1.0000000000000000e+00
   2.7950375260148719e+00   8.4321708790642376e+00   1.0000000000000000e+00
   9.6944348234419913e+00   2.9010183445752178e+00   1.0000000000000000e+00
   8.5962061877603286e+00   2.8837413908993668e+00   1.0000000000000000e+00
   8.1645930459648479e+00   2.2451615505233113e+00   1.0000000000000000e+00
   8.5508617369050413e+00   5.9633616784406374e-01   1.0000000000000000e+00
   1.3882831774536863e-01   6.9883576953736171e+00   1.0000000000000000e+00
   8.5327961334745339e+00   1.7881464569774952e+00   1.0000000000000000e+00
   5.9369793602596199e-01   8.1256348186085301e+00   1.0000000000000000e+00
   6.8268571282251500e-01   8.2716016559548091e+00   1.0000000000000000e+00
   1.6299645560724729e+00   9.3801982466781766e+00   1.0000000000000000e+00
   7.7924903644461416e+00   9.0720685334394036e-01   1.0000000000000000e+00
   7.3884132417759076e+00   1.9167166609222919e+00   1.0000000000000000e+00
   2.6632654056446214e+00   9.6306795370835534e+00   1.0000000000000000e+00
   9.9399871486202578e+00   9.4494909217213707e-01   1.0000000000000000e+00
   8.1469661178807389e+00   2.2448658045569414e+00   1.0000000000000000e+00
   1.4694524972025058e-01   7.4975292369318840e+00   1.0000000000000000e+00
   9.5854695739170364e+00   2.7687759592815011e+00   1.0000000000000000e+00
   9.9545847800107516e+00   1.6009354480853044e+00   1.0000000000000000e+00
   3.6440675518963461e-01   9.1191028791451920e+00   1.0000000000000000e+00
   7.6408667255885865e+00   5.2242907842391717e-01   1.0000000000000000e+00
   9.0270000925975840e+00   8.1887240246652726e-01   1.0000000000000000e+00
   1.1991714174322232e+00   8.1549124306201701e+00   1.0000000000000000e+00
   9.7233360795118684e-01   7.5366376245999236e+00   1.0000000000000000e+00
   6.5214542954966759e-01   9.4550505217160463e+00   1.0000000000000000e+00
   7.1862792662048030e+00   1.0017694117360976e+00   1.0000000000000000e+00
   2.5098285424211699e+00   7.9813472253488520e+00   1.0000000000000000e+00
   7.8717765831569757e+00   2.0307899020167630e+00   1.0000000000000000e+00
   7.3714017183941731e+00   2.2429195516521228e-02   1.0000000000000000e+00
   2.5230405491482086e+00   7.6900347533005897e+00   1.0000000000000000e+00
   8.3772474925289941e+00   1.0226696401790070e+00   1.0000000000000000e+00
   6.4139873669939877e+00   2.4899477247299906e-01   1.0000000000000000e+00
   1.0454105459719032e+00   8.6113061977221932e+00   1.0000000000000000e+00
   2.2950928912925272e-01   9.1853078232380785e+00   1.0000000000000000e+00
   8.6639638231380722e+00   1.4757129407891545e+00   1.0000000000000000e+00
   9.2675390205704016e+00   2.2679233970443748e+00   1.0000000000000000e+00
   7.1818296575839327e+00   1.3830372228854448e+00   1.0000000000000000e+00
   9.7419083260986934e+00   2.0105892902081122e+00   1.0000000000000000e+00
   6.7921761726966654e+00   1.5953697468094119e+00   1.0000000000000000e+00
   7.3641471196976642e+00   1.2235966846464297e+00   1.0000000000000000e+00
   7.5275135840983332e+00   2.1544384116644166e-01   1.0000000000000000e+00
   8.4845399199655507e+00   1.6207122057316703e+00   1.0000000000000000e+00
   8.4447217333956122e+00   2.7321930910978898e+00   1.0000000000000000e+00
   2.2642836348297379e+00   7.4465331270895243e+00   1.0000000000000000e+00
   1.7203069441203489e+00   9.1763472918346540e+00   1.0000000000000000e+00
   1.6665976839582763e+00   9.1712647946209085e+00   1.0000000000000000e+00
   6.6275950802097618e+00   1.0870866571133697e+00   1.0000000000000000e+00
   9.4571757759762693e+00   7.4160003345724257e-01   1.0000000000000000e+00
   2.1783325093674346e+00   7.7401369152091277e+00   1.0000000000000000e+00
   2.3116629403912548e+00   7.7947352266225849e+00   1.0000000000000000e+00
   1.5272893329468218e+00   9.3851689676709853e+00   1.0000000000000000e+00
   9.8361624383052835e+00   3.5198453923478024e+00   1.0000000000000000e+00
   8.5176005677452764e+00   2.6502787072556169e+00   1.0000000000000000e+00
   2.1161095924396300e-01   9.3675266324887403e+00   1.0000000000000000e+00
   2.0681585218180398e+00   8.2536267646403765e+00   1.0000000000000000e+00
   1.3848581134481341e+00   8.1195830510316558e+00   1.0000000000000000e+00
   7.5262241965222207e+00   1.3310316566422264e+00   1.0000000000000000e+00
   9.2254527623321074e+00   4.8756365511308575e-01   1.0000000000000000e+00
   1.2202510530177868e+00   7.2679779694400404e+00   1.0000000000000000e+00
   8.7019207093282924e-02   6.2662623396265786e+00   1.0000000000000000e+00
   2.5802418013085946e+00   8.2554241305041423e+00   1.0000000000000000e+00
   3.5102034406096863e+00   9.2205391835715993e+00   1.0000000000000000e+00
   2.7074021873933196e+00   8.7794165388352425e+00   1.0000000000000000e+00
   8.8714042502778270e+00   2.9860486883048543e-01   1.0000000000000000e+00
   7.8735282086601259e+00   1.7947629104155693e+00   1.0000000000000000e+00
   1.6005726006989318e+00   9.7789366914216540e+00   1.0000000000000000e+00
   9.8922939420271412e+00   6.5554742473453942e-01   1.0000000000000000e+00
   1.4113009430599266e+00   7.8484552790560960e+00   1.0000000000000000e+00
   2.2239510879836333e-01   9.1338754215250546e+00   1.0000000000000000e+00
   7.0394363561959858e+00   2.0092164471453220e+00   1.0000000000000000e+00
   2.3579469322798419e+00   8.7531171874074527e+00   1.0000000000000000e+00
   9.7343247049843873e-01   8.7235562045116062e+00   1.0000000000000000e+00
   2.2386492998708207e-01   7.3434929033671725e+00   1.0000000000000000e+00
   8.1255804804307132e+00   2.3502794463058327e+00   1.0000000000000000e+00
   8.6827496612277884e+00   2.5125039316782596e+00   1.0000000000000000e+00
   3.2296272564843953e+00   8.4898692675678529e+00   1.0000000000000000e+00
   8.5109874096064408e-01   8.0057548659834605e+00   1.0000000000000000e+00
   8.1689051213579749e+00   1.8117380980366016e+00   1.0000000000000000e+00
   5.8212186033007374e-01   6.6832187763019277e+00   1.0000000000000000e+00
   8.7573837504958068e+00   3.2077082458253803e+00   1.0000000000000000e+00
   1.3493642898361580e+00   9.0531485206580573e+00   1.0000000000000000e+00
   8.2872493543241923e+00   2.4963334288351002e+00   1.0000000000000000e+00
   7.7182571627284369e-01   9.9911034108283268e+00   1.0000000000000000e+00
   3.4268336191687565e+00   8.8598679028536562e+00   1.0000000000000000e+00
   7.8439543127523157e+00   1.1046575015848903e+00   1.0000000000000000e+00
   2.0142476486294161e+00   8.2681384837537717e+00   1.0000000000000000e+00
   9.5937396643417578e+00   2.3200950826226152e+00   1.0000000000000000e+00
   9.4977666898563351e-01   9.3183235314839568e+00   1.0000000000000000e+00
   9.3955023289223636e+00   1.1314919697530945e+00   1.0000000000000000e+00
   6.1306325298494224e-01   8.2915397533740691e+00   1.0000000000000000e+00
   8.9637265819684018e+00   1.4577037705567242e+00   1.0000000000000000e+00
   1.8121513253069910e+00   7.2496344320744939e+00   1.0000000000000000e+00
   3.9841452198707383e-01   8.0338214307774081e+00   1.0000000000000000e+00
   9.9485674693138701e+00   2.8776622164031096e+00   1.0000000000000000e+00
   7.4531635731235149e+00   8.3189725055999197e-01   1.0000000000000000e+00
   7.7255700744271536e+00   5.8893587889792154e-01   1.0000000000000000e+00
   3.0048695754788102e+00   9.4907994281760875e+00   1.0000000000000000e+00
   3.0975219108610839e+00   8.5347658666252020e+00   1.0000000000000000e+00
   7.2958720161880075e+00   1.0658583850177605e+00   1.0000000000000000e+00
   2.1029110579847843e+00   7.9578971315016425e+00   1.0000000000000000e+00
   3.8522785395776138e-01   6.2896377851395844e+00   1.0000000000000000e+00
   9.7344623525978573e+00   1.7703917802408964e+00   1.0000000000000000e+00
   8.7716361502685363e+00   1.0293288412531121e+00   1.0000000000000000e+00
   2.9953888548177421e+00   8.7687487729083067e+00   1.0000000000000000e+00
   7.0028400654359917e+00   1.3813612289027133e+00   1.0000000000000000e+00
   2.8136008553510337e+00   8.9330037716826993e+00   1.0000000000000000e+00
   3.6313124614817047e+00   9.5413299129256366e+00   1.0000000000000000e+00
   1.5695851601874067e+00   8.0912742860580344e+00   1.0000000000000000e+00
   2.6085913914930439e+00   7.9754400541399217e+00   1.0000000000000000e+00
   1.1473137628838248e+00   7.8221837793139457e+00   1.0000000000000000e+00
   7.1425145083050374e+00   6.0333516867447923e-02   1.0000000000000000e+00
   8.0334032979545871e+00   2.4424710715399045e+00   1.0000000000000000e+00
   2.6027540905637094e+00   9.7736239258219122e+00   1.0000000000000000e+00
   2.6252559962890065e+00   8.5792705049085640e+00   1.0000000000000000e+00
   7.4753058050992847e+00   2.0130569642936269e+00   1.0000000000000000e+00
   7.3012984227633542e+00   1.1814491277260752e+00   1.0000000000000000e+00
   7.4114357314989459e+00   1.3623229445809926e+00   1.0000000000000000e+00
   9.4976136540060931e+00   2.6814656847802421e+00   1.0000000000000000e+00
   1.2499404787227431e+00   9.8586669828860103e+00   1.0000000000000000e+00
   6.9868589381658524e+00   3.0948433424677901e-02   1.0000000000000000e+00
   6.7976684917142380e+00   1.3152964369282283e+00   1.0000000000000000e+00
   9.5884946187788120e+00   1.4270107096142581e+00   1.0000000000000000e+00
   7.9331151273583558e+00   1.5100931589826150e+00   1.0000000000000000e+00
   8.5980609008467503e+00   2.4477414961794777e+00   1.0000000000000000e+00
   8.4761060560274046e+00   2.7655756552081403e+00   1.0000000000000000e+00
   3.3093273902583897e+00   8.8761245553482571e+00   1.0000000000000000e+00
   9.6566083399800782e+00   1.2314336327819231e+00   1.0000000000000000e+00
   7.1489185981979766e+00   3.5990714834024384e-01   1.0000000000000000e+00
   3.5779535162476339e-01   7.7408585636979659e+00   1.0000000000000000e+00
   9.9987715594450215e+00   3.4512546870856031e+00   1.0000000000000000e+00
   8.9726937875825001e+00   2.6463832913905625e+00   1.0000000000000000e+00
   9.9236985617093794e+00   2.4566285980976268e+00   1.0000000000000000e+00
   1.7372490231033766e+00   7.8367479709628372e+00   1.0000000000000000e+00
   3.0088861812109302e+00   8.4006864787145847e+00   1.0000000000000000e+00
   8.0256452858242557e+00   2.4565853158436513e+00   1.0000000000000000e+00
   5.2766820342192267e-01   6.6000354140245481e+00   1.0000000000000000e+00
   8.2277656623474655e+00   1.5806183780114813e+00   1.0000000000000000e+00
   7.4920207294616894e+00   1.4080632117589065e+00   1.0000000000000000e+00
   2.2956261046345414e+00   9.8870256058713561e+00   1.0000000000000000e+00
   1.7934512305282824e+00   9.8522775235440125e+00   1.0000000000000000e+00
   7.6310029806706510e+00   7.1461919828761600e-01   1.0000000000000000e+00
   1.3104010061828841e+00   7.6703016291131823e+00   1.0000000000000000e+00
   9.7785748235682171e+00   3.2647100769835569e+00   1.0000000000000000e+00
   7.7437740973516291e+00   5.3581789652857537e-01   1.0000000000000000e+00
   1.1013091480267678e+00   7.9474578502904745e+00   1.0000000000000000e+00
   6.6505354951855278e+00   4.5015963295030881e-01   1.0000000000000000e+00
   1.3123891504538532e+00   8.0762032819974170e+00   1.0000000000000000e+00
   7.5490237246673892e+00   2.3952200262549059e+00   1.0000000000000000e+00
   2.2207396057244777e+00   7.9352754577214242e+00   1.0000000000000000e+00
   4.3862946879069886e-01   6.4648214148785987e+00   1.0000000000000000e+00
   1.4288324583476053e+00   9.0360579816208979e+00   1.0000000000000000e+00
   9.6421128902060662e+00   1.1262157736593381e+00   1.0000000000000000e+00
   6.9648231978450088e+00   2.0217755269429039e-01   1.0000000000000000e+00
   2.2976234133557085e+00   7.7450725338803750e+00   1.0000000000000000e+00
   1.2303858174416871e+00   9.7585671145525570e+00   1.0000000000000000e+00
   7.4934887398228813e+00   8.9799193293425894e-01   1.0000000000000000e+00
   1.9414134186799470e+00   8.1326592606418373e+00   1.0000000000000000e+00
   1.4801891745336404e+00   7.1126552806441019e+00   1.0000000000000000e+00
   3.0550942287778460e+00   9.7101128105365415e+00   1.0000000000000000e+00
   2.7308309341341519e+00   8.6722914516998078e+00   1.0000000000000000e+00
   3.1065057588884679e+00   9.5092572565636306e+00   1.0000000000000000e+00
   3.0890152774104118e-01   7.4548781179920969e+00   1.0000000000000000e+00
   3.4542122128292840e+00   9.2233284145142456e+00   1.0000000000000000e+00
   8.1323480960121977e+00   3.1989753848937208e-01   1.0000000000000000e+00
   8.2110218239635753e+00   7.2012598602709255e-01   1.0000000000000000e+00
   8.0734783514921062e+00   1.4582195190957581e+00   1.0000000000000000e+00
   7.9991049544854089e+00   1.6105531097429715e+00   1.0000000000000000e+00
   9.9860082427122023e+00   3.3531946612685704e+00   1.0000000000000000e+00
   2.2362189113793574e+00   7.7125101749103733e+00   1.0000000000000000e+00
   1.3136050884933625e+00   7.6894583836444896e+00   1.0000000000000000e+00
   9.3920856418633960e+00   3.5232751812319130e+00   1.0000000000000000e+00
   8.1127247486188168e+00   2.2965147068109792e+00   1.0000000000000000e+00
   9.2488276619189485e+00   2.1877431550521975e+00   1.0000000000000000e+00
   7.3208914594673824e-01   7.6248604001727625e+00   1.0000000000000000e+00
   2.3299159866404184e-01   7.9969642281220477e+00   1.0000000000000000e+00
   8.3874135903335834e+00   9.1228636551869413e-01   1.0000000000000000e+00
   1.1868472564487265e+00   9.4372442315998626e+00   1.0000000000000000e+00
   1.8826456135091829e+00   7.1965662474697432e+00   1.0000000000000000e+00
   7.3666618092579199e+00   1.5649586312416397e+00   1.0000000000000000e+00
   8.4898406672697639e+00   1.3527268992680319e+00   1.0000000000000000e+00
   2.3767367314438603e+00   9.0981900236536735e+00   1.0000000000000000e+00
   8.2836640124910552e+00   2.2094245420186667e+00   1.0000000000000000e+00
   2.3129546414185631e+00   8.4458574224999765e+00   1.0000000000000000e+00
   2.9962277679567273e+00   8.7425188749833094e+00   1.0000000000000000e+00
   2.0062405170723476e+00   8.2784434042269197e+00   1.0000000000000000e+00
   7.9272763250386298e+00   5.0134268450125807e-01   1.0000000000000000e+00
   1.7585886419056229e+00   8.7023755091893857e+00   1.0000000000000000e+00
   1.5020208906978161e+00   7.0285379357765461e+00   1.0000000000000000e+00
   2.6342347407231523e+00   9.0468958468800604e+00   1.0000000000000000e+00
   9.6220850108364342e-01   9.7683907979707563e+00   1.0000000000000000e+00
   9.6529322571379215e+00   1.4646781495220873e+00   1.0000000000000000e+00
   9.2311375206944768e-01   8.2127358375773909e+00   1.0000000000000000e+00
   2.2310033417386324e+00   9.2792566680161599e+00   1.0000000000000000e+00
   8.4791284609860851e-02   7.9368322177141826e+00   1.0000000000000000e+00
   2.1628621257273362e+00   9.6819084066879366e+00   1.0000000000000000e+00
   1.9289887265226269e+00   8.1180942444837303e+00   1.0000000000000000e+00
   7.3687642755679326e+00   1.1926445531448704e+00   1.0000000000000000e+00
   1.4586570753678330e+00   8.0807237566362602e+00   1.0000000000000000e+00
   2.8685791053536192e+00   9.1992752251627312e+00   1.0000000000000000e+00
   2.6156251917746398e-01   8.0121597309400094e+00   1.0000000000000000e+00
   9.5690516101061220e+00   2.8435279357537913e+00   1.0000000000000000e+00
   5.4233992288951836e+00   1.0153211810781682e+00   2.0000000000000000e+00
   6.1460621826599464e+00   1.6484585262120777e+00   2.0000000000000000e+00
   8.3189036470850510e+00   3.8167303314867840e+00   2.0000000000000000e+00
   2.1818820369241196e+00   6.2040118023339117e+00   2.0000000000000000e+00
   4.7481045036150160e+00   8.8300937556584032e+00   2.0000000000000000e+00
   6.3606441803175198e+00   1.6350057917320771e+00   2.0000000000000000e+00
   8.6270082617743196e+00   3.6909626159703657e+00   2.0000000000000000e+00
   9.8202209002134708e+00   4.5958142651060596e+00   2.0000000000000000e+00
   7.1047937420372440e+00   2.3166863422070083e+00   2.0000000000000000e+00
   5.6820711743996535e+00   6.0964113465322711e-03   2.0000000000000000e+00
   3.5517973471537201e+00   6.5730613645626690e+00   2.0000000000000000e+00
   7.7165027561406605e+00   3.1005686863236503e+00   2.0000000000000000e+00
   2.8421926895102425e+00   7.0754507079794182e+00   2.0000000000000000e+00
   6.6269225973561419e+00   3.8078235230968236e+00   2.0000000000000000e+00
   1.9057573593052146e+00   5.7274631774026012e+00   2.0000000000000000e+00
   2.8221449948905941e+00   6.0078582078202363e+00   2.0000000000000000e+00
   5.7019692407539280e+00   2.0301265112670275e+00   2.0000000000000000e+00
   6.7246438185886941e+00   2.1506921615535224e+00   2.0000000000000000e+00
   6.6622378701561011e+00   2.9546672194779799e+00   2.0000000000000000e+00
   2.4487595987519528e+00   5.7668007809093700e+00   2.0000000000000000e+00
   7.6521268035046699e+00   2.8699639192915138e+00   2.0000000000000000e+00
   9.3754593740295995e+00   4.2074667981171494e+00   2.0000000000000000e+00
   3.8303320440721245e+00   7.5431166949279245e+00   2.0000000000000000e+00
   1.1809290530010708e+00   6.5232765150415801e+00   2.0000000000000000e+00
   2.5574069936048893e+00   6.8009279865304650e+00   2.0000000000000000e+00
   4.1301039326169455e+00   7.0133802630886377e+00   2.0000000000000000e+00
   2.1549502412386068e+00   6.9336171028478226e+00   2.0000000000000000e+00
   3.2531004646336790e+00   5.8258464830404968e+00   2.0000000000000000e+00
   3.9321177006090013e+00   9.7636140278047137e+00   2.0000000000000000e+00
   4.6352618868782445e+00   8.5130642337735569e+00   2.0000000000000000e+00
   6.9769894727580226e+00   3.4737820774132100e+00   2.0000000000000000e+00
   3.7462270578955623e+00   7.7354038653146482e+00   2.0000000000000000e+00
   3.3238483883721193e+00   8.3393772495328573e+00   2.0000000000000000e+00
   4.3959343973510645e+00   8.4092441754070553e+00   2.0000000000000000e+00
   4.1189016170953971e+00   7.2694875412470141e+00   2.0000000000000000e+00
   4.0390891214930278e+00   6.5176438565866865e+00   2.0000000000000000e+00
   1.7054097416868341e+00   5.7684619218859634e+00   2.0000000000000000e+00
   7.7259759609754619e-02   6.0051013045165895e+00   2.0000000000000000e+00
   6.1145529458344141e+00   7.7514331816606052e-02   2.0000000000000000e+00
   8.8619021345186937e+00   4.2594244698344808e+00   2.0000000000000000e+00
   3.8090184264880089e+00   7.1691043565826043e+00   2.0000000000000000e+00
   3.6673444881377937e+00   6.4540362845996331e+00   2.0000000000000000e+00
   4.1503213251214977e-02   5.6980636702514982e+00   2.0000000000000000e+00
   6.8642931772295874e+00   2.0315382369926596e+00   2.0000000000000000e+00
   6.6206599344871453e+00   1.2971008998857836e+00   2.0000000000000000e+00
   1.2296997609613192e+00   6.0753757196203528e+00   2.0000000000000000e+00
   4.1041663239977968e+00   8.5579670912318822e+00   2.0000000000000000e+00
   3.7651393509362596e+00   8.2565536742566632e+00   2.0000000000000000e+00
   2.9388867733675603e+00   5.7672502844452334e+00   2.0000000000000000e+00
   3.2877934444776580e+00   6.8488190027694529e+00   2.0000000000000000e+00
   7.3769109159809334e+00   4.0038463535999345e+00   2.0000000000000000e+00
   3.6028119657385291e+00   6.3851200371572494e+00   2.0000000000000000e+00
   1.1047866415647556e+00   6.0185697203254120e+00   2.0000000000000000e+00
   5.9859750155481652e+00   3.8635857941299498e+00   2.0000000000000000e+00
   3.7374916336615827e+00   8.1312025407902233e+00   2.0000000000000000e+00
   9.4721250439791067e+00   4.5891145620063236e+00   2.0000000000000000e+00
   2.0143062942815537e-01   5.9255092671837559e+00   2.0000000000000000e+00
   6.5850221176806443e+00   2.9000735199802632e+00   2.0000000000000000e+00
   3.6188163589258879e+00   6.1673449534770750e+00   2.0000000000000000e+00
   4.3208765870523429e+00   6.8450635766716790e+00   2.0000000000000000e+00
   4.3642590302338204e+00   9.8936066290069142e+00   2.0000000000000000e+00
   8.9521762098478153e+00   3.9674229171366360e+00   2.0000000000000000e+00
   4.1487515934648957e+00   8.4115565268268515e+00   2.0000000000000000e+00
   4.5048617401355742e+00   9.7365405918281294e+00   2.0000000000000000e+00
   6.2639476959932248e+00   1.8556552202689480e+00   2.0000000000000000e+00
   2.7585954117803513e+00   7.2270989076063943e+00   2.0000000000000000e+00
   3.6550881402603688e+00   7.2391260172920235e+00   2.0000000000000000e+00
   7.1554630726887858e+00   3.9325971476116073e+00   2.0000000000000000e+00
   2.2135764661804345e+00   7.1018287713854988e+00   2.0000000000000000e+00
   6.7024891231957273e+00   2.8954133047877795e+00   2.0000000000000000e+00
   4.2500872404117596e-01   5.9074980305263223e+00   2.0000000000000000e+00
   7.7105019309604756e+00   4.2696846727911630e+00   2.0000000000000000e+00
   5.7009994985231929e+00   3.4607584192081475e+00   2.0000000000000000e+00
   4.3741917428080175e+00   8.7250502079738244e+00   2.0000000000000000e+00
   2.2488081214416553e+00   5.9509103102420671e+00   2.0000000000000000e+00
   1.7128380612092398e+00   6.0705191859878322e+00   2.0000000000000000e+00
   7.8381162974292486e+00   3.6080306727147660e+00   2.0000000000000000e+00
   2.3538551345403249e+00   6.6324399956176974e+00   2.0000000000000000e+00
   6.0760433913264702e+00   2.8144686900777227e+00   2.0000000000000000e+00
   7.9513943913858185e+00   3.9793595222646316e+00   2.0000000000000000e+00
   5.3244885471375802e+00   1.5527274355353637e+00   2.0000000000000000e+00
   7.2562638705472935e+00   4.3872844549967249e+00   2.0000000000000000e+00
   1.7013803735028066e+00   6.6249876955091676e+00   2.0000000000000000e+00
   4.0491435001876894e+00   7.0422219481340260e+00   2.0000000000000000e+00
   5.5441082689469638e+00   2.4005992493023931e-01   2.0000000000000000e+00
   5.8922566644993761e+00   3.7834731315614887e+00   2.0000000000000000e+00
   8.4400386702521253e+00   4.2971850629336394e+00   2.0000000000000000e+00
   4.4449053364735480e+00   7.3993177528916583e+00   2.0000000000000000e+00
   6.0115618660178258e+00   2.1997143816640072e+00   2.0000000000000000e+00
   3.1733472869924038e+00   6.5448122946473877e+00   2.0000000000000000e+00
   2.3396118829349879e+00   6.7115729074413100e+00   2.0000000000000000e+00
   9.5598161718398984e+00   4.4751233665749615e+00   2.0000000000000000e+00
   6.3819213314400596e+00   2.1421323248313326e+00   2.0000000000000000e+00
   3.1965429258947173e+00   6.1590603223457565e+00   2.0000000000000000e+00
   5.3152186545527549e+00   1.9073581207460433e+00   2.0000000000000000e+00
   1.2547008120609637e+00   6.5677456272653965e+00   2.0000000000000000e+00
   2.6175666134178863e+00   5.4164138980861658e+00   2.0000000000000000e+00
   5.5718835481680156e+00   3.4791590504901313e+00   2.0000000000000000e+00
   5.2834836482449354e-01   5.2731550365204258e+00   2.0000000000000000e+00
   5.3374312176592209e+00   1.5504066583503828e+00   2.0000000000000000e+00
   3.1716243710083214e+00   7.8220209866080035e+00   2.0000000000000000e+00
   3.2838121838402747e+00   8.1460842650123801e+00   2.0000000000000000e+00
   7.6936554587614996e+00   3.5016232389189939e+00   2.0000000000000000e+00
   8.4784573029551558e-01   6.3209572959937299e+00   2.0000000000000000e+00
   4.1936385150362785e+00   8.2947520376465569e+00   2.0000000000000000e+00
   6.3160079349713030e+00   2.5618767345633109e+00   2.0000000000000000e+00
   5.3581450507850592e+00   1.1919452543732445e+00   2.0000000000000000e+00
   6.0772571730909473e+00   6.4436688780867835e-02   2.0000000000000000e+00
   1.8539474604160577e+00   6.8525511583263823e+00   2.0000000000000000e+00
   7.0369491094745253e+00   4.5140183257224029e+00   2.0000000000000000e+00
   2.8395966431573108e+00   6.3627263623159456e+00   2.0000000000000000e+00
   6.2823505942380660e+00   8.5059924220896144e-01   2.0000000000000000e+00
   2.9865282787968406e+00   7.7810059630071606e+00   2.0000000000000000e+00
   6.9483105457080097e+00   1.9813157666551584e+00   2.0000000000000000e+00
   5.5471399289686651e+00   3.2301573962315047e+00   2.0000000000000000e+00
   4.1784084498520233e+00   9.6637324158119746e+00   2.0000000000000000e+00
   4.0303854318404166e+00   9.7844490770690715e+00   2.0000000000000000e+00
   4.6626963591362705e+00   7.5798777945152329e+00   2.0000000000000000e+00
   3.7551883472709302e+00   6.7298325187568615e+00   2.0000000000000000e+00
   1.9383424437459684e+00   5.8799029020302020e+00   2.0000000000000000e+00
   5.6414025484727475e+00   2.6205645808257572e+00   2.0000000000000000e+00
   6.0418484495730729e-01   5.5999454574562453e+00   2.0000000000000000e+00
   1.8384301679345816e+00   5.8192476208312804e+00   2.0000000000000000e+00
   1.9610840243556271e+00   5.5136388065577560e+00   2.0000000000000000e+00
   7.9229958560262386e+00   4.3477471115262016e+00   2.0000000000000000e+00
   5.7821330977077778e+00   2.8630109815289684e-01   2.0000000000000000e+00
   5.8006018325622675e+00   2.1863172032425005e+00   2.0000000000000000e+00
   3.9121571637656860e+00   9.0050584341623807e+00   2.0000000000000000e+00
   4.6825921823366468e+00   9.3247573725350978e+00   2.0000000000000000e+00
   9.1617714702472224e+00   4.3948860553484517e+00   2.0000000000000000e+00
   3.6445835394447643e+00   8.1766098334929929e+00   2.0000000000000000e+00
   5.4680058605723261e+00   1.3047377597930343e+00   2.0000000000000000e+00
   4.2299906889434276e+00   6.2175906475389731e+00   2.0000000000000000e+00
   2.8100163763191621e+00   5.8378359212890016e+00   2.0000000000000000e+00
   5.4282728260156201e+00   8.8471530374369722e-01   2.0000000000000000e+00
   7.0164294480952973e+00   4.3399886461415562e+00   2.0000000000000000e+00
   7.8379300621451726e+00   3.0321131766413600e+00   2.0000000000000000e+00
   5.9275780617265106e+00   2.4596449475922144e+00   2.0000000000000000e+00
   1.2651906885078101e+00   5.9224484363908383e+00   2.0000000000000000e+00
   9.9166194337928424e+00   3.8419460670417171e+00   2.0000000000000000e+00
   6.9054240006737211e-01   5.9515955543643004e+00   2.0000000000000000e+00
   2.4508458836507927e+00   6.0297325848392189e+00   2.0000000000000000e+00
   5.5098040370346455e+00   1.1908891861879767e+00   2.0000000000000000e+00
   5.2653011761850363e+00   3.3634279669501943e-01   2.0000000000000000e+00
   8.0518211798409194e+00   3.2123962999364233e+00   2.0000000000000000e+00
   4.1840867336416601e+00   9.5509540364597338e+00   2.0000000000000000e+00
   1.9450188075811015e+00   5.9975108922067175e+00   2.0000000000000000e+00
   6.3261923198650809e+00   8.6589046542511428e-01   2.0000000000000000e+00
   3.7302132418616853e+00   6.1361486743763196e+00   2.0000000000000000e+00
   8.4869856973645668e+00   4.1653988544036444e+00   2.0000000000000000e+00
   2.8249047713159090e+00   5.6039169921402232e+00   2.0000000000000000e+00
   3.9563016528032859e+00   8.7951088898879934e+00   2.0000000000000000e+00
   2.9207134644553792e+00   6.9676845412962169e+00   2.0000000000000000e+00
   1.4467871773817731e+00   5.5858442432460045e+00   2.0000000000000000e+00
   1.6395020445182096e+00   6.5978112364160877e+00   2.0000000000000000e+00
   5.7548591570911753e+00   2.6354891968982330e-01   2.0000000000000000e+00
   3.8883878331450461e-01   5.8471522248594638e+00   2.0000000000000000e+00
   4.6812626075752384e+00   9.6095716325685014e+00   2.0000000000000000e+00
   4.0694657231114952e+00   9.4849825383200539e+00   2.0000000000000000e+00
   9.0444693119319464e-01   5.2892681854744206e+00   2.0000000000000000e+00
   8.0120947993253040e+00   4.0340420267808081e+00   2.0000000000000000e+00
   5.2393666408807373e+00   4.4709273336454469e-01   2.0000000000000000e+00
   3.1573501040817433e+00   5.8660610521472947e+00   2.0000000000000000e+00
   6.7195848681831389e+00   4.0807722928495362e+00   2.0000000000000000e+00
   6.6916484711993087e+00   1.8333155023624037e+00   2.0000000000000000e+00
   6.6392464586363005e+00   2.3697215700303875e+00   2.0000000000000000e+00
   4.3790862314932522e+00   8.0037021797243781e+00   2.0000000000000000e+00
   7.0210929170495806e+00   2.0436081850731833e+00   2.0000000000000000e+00
   1.1910610269153288e+00   5.2565775774132941e+00   2.0000000000000000e+00
   8.4625071094422868e+00   3.6919761379202356e+00   2.0000000000000000e+00
   5.6503743809265261e+00   2.2345388419311507e+00   2.0000000000000000e+00
   7.0931656679975061e+00   4.4749967217634783e+00   2.0000000000000000e+00
   3.8607694250138502e+00   7.9273352074114491e+00   2.0000000000000000e+00
   9.1606665591626317e+00   4.1869591686563679e+00   2.0000000000000000e+00
   8.7448094992083565e+00   4.1386112890551310e+00   2.0000000000000000e+00
   4.0942234404421809e+00   7.3340702970020271e+00   2.0000000000000000e+00
   1.1457387157032717e+00   6.5024811617410698e+00   2.0000000000000000e+00
   6.5059334898316559e+00   3.9671545287624976e+00   2.0000000000000000e+00
   9.9469407488629251e+00   3.8486873326487849e+00   2.0000000000000000e+00
   5.9786761717117596e+00   3.1151708521229615e-01   2.0000000000000000e+00
   9.3438716703664841e+00   3.8719488049181363e+00   2.0000000000000000e+00
   4.6279655894379061e+00   9.3362123047546479e+00   2.0000000000000000e+00
   4.4232928289777487e+00   9.2317559090875374e+00   2.0000000000000000e+00
   7.5893512760970006e-01   5.3320872189442650e+00   2.0000000000000000e+00
   7.5827626902197185e+00   4.2435244966886430e+00   2.0000000000000000e+00
   2.4714894527162512e+00   6.2001863418248320e+00   2.0000000000000000e+00
   8.5692779362059959e+00   4.1524050039171474e+00   2.0000000000000000e+00
   4.1505334472056807e+00   6.8224067540128264e+00   2.0000000000000000e+00
   4.6441233209082524e+00   8.1452602390934175e+00   2.0000000000000000e+00
   5.6376527284695497e+00   3.2499359797676330e+00   2.0000000000000000e+00
   3.7676942550977488e+00   6.9080555699699158e+00   2.0000000000000000e+00
   6.5957299929168487e+00   2.9057299313919183e+00   2.0000000000000000e+00
   1.9062618730839243e+00   6.1263412517536899e+00   2.0000000000000000e+00
   1.3337121261717433e+00   5.6673357217060483e+00   2.0000000000000000e+00
   3.1262125930281917e+00   7.9781450139526635e+00   2.0000000000000000e+00
   7.0648551135270559e+00   3.2698261205247414e+00   2.0000000000000000e+00
   6.9556730072729120e+00   3.2368898603545739e+00   2.0000000000000000e+00
   5.6032434372826847e+00   2.0837586548949183e+00   2.0000000000000000e+00
   2.8704815269586637e+00   6.5501600005553193e+00   2.0000000000000000e+00
   7.6378657031446764e+00   3.6494753552840518e+00   2.0000000000000000e+00
   4.2127034855808843e+00   6.6755277328036566e+00   2.0000000000000000e+00
   4.0492814180349548e+00   6.1646215394132735e+00   2.0000000000000000e+00
   6.3361437667729872e+00   3.6608020729808146e+00   2.0000000000000000e+00
   9.0448579728279235e+00   4.5592045888447466e+00   2.0000000000000000e+00
   3.2307195418798051e+00   6.3330183757092069e+00   2.0000000000000000e+00
   5.7566934964559513e+00   2.0246896560101324e+00   2.0000000000000000e+00
   2.1544370253814926e+00   6.2840137618317371e+00   2.0000000000000000e+00
   3.7337561907052361e+00   8.0816766975667704e+00   2.0000000000000000e+00
   2.3321703195655950e+00   5.8541025018481543e+00   2.0000000000000000e+00
   4.1366213695150371e+00   7.8462274646030581e+00   2.0000000000000000e+00
   4.9831157589091033e+00   8.5311975320977602e+00   3.0000000000000000e+00
   5.6773798541392964e+00   6.3268982260629647e+00   3.0000000000000000e+00
   5.0715278446625494e+00   1.3953446961849969e-01   3.0000000000000000e+00
   4.4864262306698377e+00   5.3981024882803901e+00   3.0000000000000000e+00
   4.9116997232547348e+00   5.4510271958881624e+00   3.0000000000000000e+00
   7.1111437824557324e+00   4.6823788095738159e+00   3.0000000000000000e+00
   8.6553777364446418e+00   5.3344281902706996e+00   3.0000000000000000e+00
   5.0668347663329278e+00   5.1172105164114923e+00   3.0000000000000000e+00
   2.2962762823089133e+00   5.1295839290803951e+00   3.0000000000000000e+00
   5.3692453705587191e+00   5.4574222065253073e+00   3.0000000000000000e+00
   9.2287154976667676e+00   5.2216781306160511e+00   3.0000000000000000e+00
   4.1973441347589588e+00   3.4743977233095658e+00   3.0000000000000000e+00
   5.7362384291282664e+00   5.6614938614254040e+00   3.0000000000000000e+00
   5.4797590657187492e+00   6.5575208539782164e+00   3.0000000000000000e+00
   4.8572751310300415e+00   2.6207854037758738e+00   3.0000000000000000e+00
   3.8526678671634382e+00   3.9177238878863285e+00   3.0000000000000000e+00
   9.9969794079156067e+00   5.2375959133436574e+00   3.0000000000000000e+00
   5.0952363787457475e+00   7.5123612476087569e+00   3.0000000000000000e+00
   6.9428117328746612e+00   5.2566849610945923e+00   3.0000000000000000e+00
   5.5602651985768317e+00   7.0874910885822171e+00   3.0000000000000000e+00
   7.6116509701193191e+00   5.4632198710497049e+00   3.0000000000000000e+00
   4.7853340027222657e+00   6.8037160978211038e+00   3.0000000000000000e+00
   8.2539058861223360e+00   5.2474744504658499e+00   3.0000000000000000e+00
   4.6277358635942401e+00   6.2873083139607058e+00   3.0000000000000000e+00
   3.6243613047411993e+00   4.2428322706504140e+00   3.0000000000000000e+00
   5.2172521192747654e+00   4.5997537147412340e+00   3.0000000000000000e+00
   5.1291965480332715e+00   2.9693033234449304e+00   3.0000000000000000e+00
   5.7378336187843697e+00   4.5089085004397305e+00   3.0000000000000000e+00
   9.8945044458400933e+00   5.0330713832964200e+00   3.0000000000000000e+00
   9.0365799959074344e+00   4.8188682434350412e+00   3.0000000000000000e+00
   4.9603434033926028e+00   1.2104086694610017e+00   3.0000000000000000e+00
   4.4370404464067636e+00   4.5933751153103044e+00   3.0000000000000000e+00
   1.8604907795103687e+00   5.2313111133954147e+00   3.0000000000000000e+00
   5.2570272049970583e+00   5.3860316371904284e+00   3.0000000000000000e+00
   4.7832765700531157e+00   1.0029338020080414e+00   3.0000000000000000e+00
   1.6780888242445868e+00   5.1866346195004294e+00   3.0000000000000000e+00
   4.1806118586753183e+00   5.5372428408294274e+00   3.0000000000000000e+00
   4.7595258576702903e+00   3.4979983906734988e+00   3.0000000000000000e+00
   3.4053206292799567e+00   4.4622014220527086e+00   3.0000000000000000e+00
   3.8860057473910512e+00   4.0010185642445908e+00   3.0000000000000000e+00
   5.3880219012507471e+00   6.3246837880519644e+00   3.0000000000000000e+00
   4.1980273863733872e+00   5.1766058271129198e+00   3.0000000000000000e+00
   5.2873172474146592e+00   6.6937420748249634e+00   3.0000000000000000e+00
   4.9024958386168871e+00   8.4765029310394091e-01   3.0000000000000000e+00
   5.2357813668302535e+00   3.0435872142865508e+00   3.0000000000000000e+00
   5.6997550166787780e+00   5.4122365131699706e+00   3.0000000000000000e+00
   7.7802121125257138e+00   5.0676118286784337e+00   3.0000000000000000e+00
   5.3781534750889461e+00   3.8111045011435607e+00   3.0000000000000000e+00
   5.4849903308404322e+00   5.4317361868035015e+00   3.0000000000000000e+00
   4.8158426080478991e+00   5.2241387585819279e+00   3.0000000000000000e+00
   5.1616731315399491e+00   9.3832557504389342e+00   3.0000000000000000e+00
   4.2323271104515179e+00   4.4549652466665304e+00   3.0000000000000000e+00
   7.8519351383768416e+00   4.9706830688751902e+00   3.0000000000000000e+00
   5.6810640116297026e+00   7.0077500919322535e+00   3.0000000000000000e+00
   4.8516631012269587e+00   3.0406650386673171e+00   3.0000000000000000e+00
   8.2124309803138402e+00   5.4077641716477363e+00   3.0000000000000000e+00
   3.6829634298198686e+00   4.7003581866208783e+00   3.0000000000000000e+00
   6.4372181975099805e+00   4.9923197718122747e+00   3.0000000000000000e+00
   7.2652354419624796e+00   5.6125529574769795e+00   3.0000000000000000e+00
   5.1727653127221842e+00   7.2294294934993752e+00   3.0000000000000000e+00
   9.0591513089863813e+00   5.2953004454812937e+00   3.0000000000000000e+00
   5.7768552410609946e+00   5.6025530066995994e+00   3.0000000000000000e+00
   3.4866320911985813e+00   4.2758426402152097e+00   3.0000000000000000e+00
   5.0519851902471844e+00   5.6711930641949646e+00   3.0000000000000000e+00
   1.5718355915887561e+00   4.7454964165828128e+00   3.0000000000000000e+00
   3.6315981362996452e+00   5.6028296265451196e+00   3.0000000000000000e+00
   8.1803020105626576e+00   4.8690138769844040e+00   3.0000000000000000e+00
   4.9592907206897232e+00   7.4329979046145205e+00   3.0000000000000000e+00
   7.2632039658394945e+00   4.7037664152037051e+00   3.0000000000000000e+00
   5.9564273176792533e+00   4.7813207197060770e+00   3.0000000000000000e+00
   5.5757153640811215e+00   6.2338003215344688e+00   3.0000000000000000e+00
   5.6592533481542029e+00   4.3439885318164038e+00   3.0000000000000000e+00
   2.6946779718730820e+00   4.8966204849857373e+00   3.0000000000000000e+00
   4.9842694660141849e+00   8.9613695516726679e+00   3.0000000000000000e+00
   4.2266794695575314e+00   4.8214640658403853e+00   3.0000000000000000e+00
   5.0311933693908282e+00   6.0701532243187479e+00   3.0000000000000000e+00
   4.8568803555342512e+00   3.2032054921749942e+00   3.0000000000000000e+00
   8.1481685364641443e+00   5.4188422784390333e+00   3.0000000000000000e+00
   1.4518419451701425e+00   5.0403914799506753e+00   3.0000000000000000e+00
   5.1805208919421908e+00   6.6450961282846066e+00   3.0000000000000000e+00
   4.0720847916815952e+00   5.1667348007489693e+00   3.0000000000000000e+00
   4.7818258265449334e+00   8.3040619502695741e+00   3.0000000000000000e+00
   4.1949282478829701e+00   5.2293172798470184e+00   3.0000000000000000e+00
   4.9976264245020730e+00   2.7783819255362308e+00   3.0000000000000000e+00
   4.3076925995422988e+00   4.2137310948402220e+00   3.0000000000000000e+00
   5.0381153658326374e+00   9.5752011720548946e+00   3.0000000000000000e+00
   4.8967218542739541e+00   9.8709676896781318e+00   3.0000000000000000e+00
   4.8340182945484234e+00   1.2196184459591464e+00   3.0000000000000000e+00
   5.0196214489464319e+00   3.5352019010087297e+00   3.0000000000000000e+00
   5.4221321278299115e+00   4.9275280416651430e+00   3.0000000000000000e+00
   5.2007708833728019e+00   7.0280550885237130e+00   3.0000000000000000e+00
   3.2998088364226352e+00   4.8738868536073818e+00   3.0000000000000000e+00
   4.2139012120954797e+00   5.9776553656648037e+00   3.0000000000000000e+00
   4.3377719162720743e+00   4.5745535089239340e+00   3.0000000000000000e+00
   3.8645967587293151e+00   4.7157526602627486e+00   3.0000000000000000e+00
   2.9150164716155857e+00   4.2820502114554060e+00   3.0000000000000000e+00
   4.4692113660129866e+00   4.3327239407816132e+00   3.0000000000000000e+00
   5.4751877788899517e+00   5.5492739949095586e+00   3.0000000000000000e+00
   4.8185364821953733e+00   7.5880564740037046e+00   3.0000000000000000e+00
   4.8906962565450112e+00   6.4834425412542140e-01   3.0000000000000000e+00
   3.0346538400751855e+00   4.4961300028150086e+00   3.0000000000000000e+00
   5.4440435548937129e+00   6.6500934821850350e+00   3.0000000000000000e+00
   6.6014267365445729e+00   5.6224895050199821e+00   3.0000000000000000e+00
   6.8816781943735785e+00   5.1449890685499824e+00   3.0000000000000000e+00
   4.5495046935673722e+00   3.5992618387730921e+00   3.0000000000000000e+00
   4.6624711823428644e+00   2.4706978367081645e+00   3.0000000000000000e+00
   5.1086071722019044e+00   8.5560595581992711e+00   3.0000000000000000e+00
   5.2682658057734315e+00   9.1091987179098801e+00   3.0000000000000000e+00
   5.1721899195666019e+00   4.4422104270962750e+00   3.0000000000000000e+00
   8.8994347972497447e+00   4.9793387109725664e+00   3.0000000000000000e+00
   5.0925252699162185e+00   6.2759798728068379e+00   3.0000000000000000e+00
   4.7983999839340852e+00   3.2151386110787996e+00   3.0000000000000000e+00
   5.3488383809649998e+00   7.0252357828022083e+00   3.0000000000000000e+00
   8.6170682413935502e+00   4.9018907149218007e+00   3.0000000000000000e+00
   5.2471197768848485e+00   9.3521270773458269e+00   3.0000000000000000e+00
   5.3467493174648197e+00   3.5586497614440571e+00   3.0000000000000000e+00
   4.6167991291205555e+00   5.3317789415099544e+00   3.0000000000000000e+00
   2.2524798194962816e+00   4.8137084719314522e+00   3.0000000000000000e+00
   4.6559361401223631e+00   9.2685678647528524e-01   3.0000000000000000e+00
   1.6295708917686613e-01   4.7960394625675278e+00   3.0000000000000000e+00
   6.7705757346750097e+00   5.8274570349205890e+00   3.0000000000000000e+00
   8.8398093437451681e+00   5.0525860914002916e+00   3.0000000000000000e+00
   5.5002852828546009e+00   5.0410318997867565e+00   3.0000000000000000e+00
   3.8631838703457499e+00   5.0138240865125061e+00   3.0000000000000000e+00
   4.4101937843706072e+00   5.2775499860928434e+00   3.0000000000000000e+00
   4.4890600853649669e+00   2.5815368383602957e+00   3.0000000000000000e+00
   3.6422541091109197e+00   4.7907153645475420e+00   3.0000000000000000e+00
   5.2611415656016369e+00   9.0810747771420317e+00   3.0000000000000000e+00
   4.9558683058651107e+00   5.2033985056112417e+00   3.0000000000000000e+00
   5.1606452555100599e+00   6.6867856634011402e-01   3.0000000000000000e+00
   4.9076756842722276e+00   1.4626930270567196e+00   3.0000000000000000e+00
   5.8949671624098023e+00   4.3511504158164271e+00   3.0000000000000000e+00
   4.7666114434209899e+00   2.5342381677240731e+00   3.0000000000000000e+00
   5.0682633908175836e+00   2.9497530972988537e+00   3.0000000000000000e+00
   4.1996672393915553e+00   4.6489943915551262e+00   3.0000000000000000e+00
   4.9347354199638964e+00   4.6734693070332689e+00   3.0000000000000000e+00
   8.6876528161402700e+00   4.7899296561907736e+00   3.0000000000000000e+00
   6.5993583432420628e+00   5.6692301981624791e+00   3.0000000000000000e+00
   1.3072359933531064e+00   4.8936957616985755e+00   3.0000000000000000e+00
   4.1583970740446441e+00   4.2753461672595359e+00   3.0000000000000000e+00
   5.3980862055088963e+00   2.8133053891841997e+00   3.0000000000000000e+00
   4.7888877879357636e+00   5.7554536319930900e+00   3.0000000000000000e+00
   5.5402489250035796e+00   3.3929669068852828e+00   3.0000000000000000e+00
   3.8160378769980796e+00   4.5806031385237320e+00   3.0000000000000000e+00
   4.6047915934663175e+00   4.6356450506545439e+00   3.0000000000000000e+00
   4.8489508030430395e+00   1.1945567201046203e+00   3.0000000000000000e+00
   5.2596511520946079e+00   5.1311648599399984e+00   3.0000000000000000e+00
   8.6252818711135770e+00   5.0055843763384313e+00   3.0000000000000000e+00
   3.7789204337860172e+00   5.0355505866013397e+00   3.0000000000000000e+00
   7.5613483172209772e+00   4.6696278966351894e+00   3.0000000000000000e+00
   6.6258855574217081e+00   4.5824996433075080e+00   3.0000000000000000e+00
   5.6171121019213901e+00   4.0564686758527841e+00   3.0000000000000000e+00
   6.8317264234393429e+00   4.9547582970160020e+00   3.0000000000000000e+00
   3.1919077211975058e+00   5.0018005910074192e+00   3.0000000000000000e+00
   4.5136897567032950e+00   3.5189453798447081e+00   3.0000000000000000e+00
   6.8217328622161419e+00   4.6460236587460528e+00   3.0000000000000000e+00
   4.3727404800675105e+00   6.2551707268562806e+00   3.0000000000000000e+00
   5.2857285637039775e+00   3.0037417568019134e+00   3.0000000000000000e+00
   4.9560561889485459e+00   3.6723027575929104e+00   3.0000000000000000e+00
   4.7421261794707350e+00   1.5107161781278577e-01   3.0000000000000000e+00
   4.7826653397335184e+00   1.6459005534506943e+00   3.0000000000000000e+00
   2.5712405819114279e+00   4.4855326422535917e+00   3.0000000000000000e+00
   3.2511773307654490e+00   4.4753828165083656e+00   3.0000000000000000e+00
   9.2690898422188308e+00   4.8359017557941755e+00   3.0000000000000000e+00
   8.7447878088743325e-01   5.1911684535580154e+00   3.0000000000000000e+00
   5.1144996252066699e+00   6.4875569192107907e-01   3.0000000000000000e+00
   5.5982852288375815e+00   4.9072873411757154e+00   3.0000000000000000e+00
   5.0477135647344102e+00   1.1859811026139300e+00   3.0000000000000000e+00
   6.2481459353891502e+00   5.3536727420783947e+00   3.0000000000000000e+00
   4.5300406327804712e+00   5.2887202581633241e+00   3.0000000000000000e+00
   4.7163529795881480e+00   7.3546569413778347e+00   3.0000000000000000e+00
   4.8330520545966031e+00   1.5878314610505329e+00   3.0000000000000000e+00
   3.9724813313433116e+00   5.0003651074779230e+00   3.0000000000000000e+00
   9.0676678786092921e+00   5.2418986077239609e+00   3.0000000000000000e+00
   8.2583513305802789e+00   5.3577917422099475e+00   3.0000000000000000e+00
   3.5927902971950343e+00   4.2924308346242253e+00   3.0000000000000000e+00
   2.7301918521162061e+00   4.6033362261552933e+00   3.0000000000000000e+00
   5.7168679555509803e+00   5.1426094556172792e+00   3.0000000000000000e+00
   5.4779428015265728e+00   3.7728885072612242e+00   3.0000000000000000e+00
   1.1298530134681861e+00   5.0385567744753237e+00   3.0000000000000000e+00
   9.0966519589225925e+00   5.2433907358062557e+00   3.0000000000000000e+00
   3.4974634793624935e+00   5.2409820088882872e+00   3.0000000000000000e+00
   5.3393909123877359e+00   9.3931174116378671e+00   3.0000000000000000e+00
   4.2252382399018664e+00   3.4509178037341837e+00   3.0000000000000000e+00
   5.5802790880114381e+00   5.5235524122504263e+00   3.0000000000000000e+00
   5.6513775264656161e+00   6.0980362084201145e+00   3.0000000000000000e+00
   5.3414377418072103e+00   5.0027854550878050e+00   3.0000000000000000e+00
   5.3266937452290897e+00   8.0819291132539703e+00   3.0000000000000000e+00
   4.9245418587089782e+00   9.9080365011153422e+00   3.0000000000000000e+00
   1.1878978754813285e+00   5.0605855724997504e+00   3.0000000000000000e+00
   3.7331206215896917e+00   5.2220798567631688e+00   3.0000000000000000e+00
   5.0853911209829894e+00   1.2452417374341540e+00   3.0000000000000000e+00
   5.1284116321792217e+00   5.4930287563720350e+00   3.0000000000000000e+00
   8.5542960656286855e+00   6.6336395336574139e+00   4.0000000000000000e+00
   2.5278932855871297e+00   3.8320080987025698e+00   4.0000000000000000e+00
   8.3780756184795968e-01   4.5159323745338078e+00   4.0000000000000000e+00
   3.0446361648532658e+00   2.2865316739715880e+00   4.0000000000000000e+00
   6.2935954734263868e+00   6.8891835236537338e+00   4.0000000000000000e+00
   4.3875693727843910e+00   1.2212799067242042e+00   4.0000000000000000e+00
   2.0036169572167006e+00   4.5070550778162568e+00   4.0000000000000000e+00
   6.8147180724906287e+00   8.0036873337307597e+00   4.0000000000000000e+00
   6.5855886964171484e+00   6.5898429183315255e+00   4.0000000000000000e+00
   3.3886339924335096e+00   2.7209942229945372e+00   4.0000000000000000e+00
   9.6321187268179980e+00   5.7755227783769687e+00   4.0000000000000000e+00
   3.8720532504577152e+00   9.3439169028054714e-01   4.0000000000000000e+00
   6.3992598485391730e+00   8.4218286832862823e+00   4.0000000000000000e+00
   3.0282255845709671e+00   2.3789028408031641e+00   4.0000000000000000e+00
   6.1195205741099636e+00   8.2592771051099589e+00   4.0000000000000000e+00
   1.5617370385470331e+00   3.6327159009304033e+00   4.0000000000000000e+00
   3.5523797639012811e+00   2.4589154137935907e+00   4.0000000000000000e+00
   3.7663345277822460e+00   1.1620385664663091e+00   4.0000000000000000e+00
   5.8661471642397434e+00   6.8711439922185065e+00   4.0000000000000000e+00
   3.8380524072467290e+00   3.7028894645240262e+00   4.0000000000000000e+00
   3.2693691780085379e+00   2.9628147763129142e+00   4.0000000000000000e+00
   8.8981844848969178e+00   5.8731045493046405e+00   4.0000000000000000e+00
   6.1403470623583569e+00   8.6534204446397069e+00   4.0000000000000000e+00
   3.3844042751673999e+00   1.4283770365641757e+00   4.0000000000000000e+00
   3.2652526913487900e+00   2.6615716821069224e+00   4.0000000000000000e+00
   4.3972127471658240e+00   1.8714578669247750e+00   4.0000000000000000e+00
   2.4576902322963754e+00   4.3301909722168554e+00   4.0000000000000000e+00
   6.2453286720717740e+00   7.8501211633502397e+00   4.0000000000000000e+00
   1.7916883357630686e+00   3.1860625961773135e+00   4.0000000000000000e+00
   2.1977252383331045e+00   4.1623499394960692e+00   4.0000000000000000e+00
   5.7277948855433900e+00   7.7500920666290174e+00   4.0000000000000000e+00
   2.1090839178451617e+00   3.7377393084298260e+00   4.0000000000000000e+00
   6.3851395922104199e+00   8.6493561031763093e+00   4.0000000000000000e+00
   1.4635362537667063e-01   3.9155409017722009e+00   4.0000000000000000e+00
   3.6469271177951237e+00   9.0778459914342524e-01   4.0000000000000000e+00
   3.5820867756737451e+00   2.8277469801654789e+00   4.0000000000000000e+00
   7.2041214345085267e+00   6.8000769891318544e+00   4.0000000000000000e+00
   5.9943832567870645e+00   8.0393348061094905e+00   4.0000000000000000e+00
   5.7784378640064649e+00   7.8815315143638660e+00   4.0000000000000000e+00
   5.9177073720492608e+00   7.4569463933897238e+00   4.0000000000000000e+00
   3.4771125944765346e+00   1.1673336807731982e+00   4.0000000000000000e+00
   1.1185569100605419e+00   3.9929885955457154e+00   4.0000000000000000e+00
   3.3005592101582835e+00   1.9833228259858138e+00   4.0000000000000000e+00
   7.2583823741344347e+00   7.3996534357039767e+00   4.0000000000000000e+00
   6.5679061614033234e+00   8.1538719196641409e+00   4.0000000000000000e+00
   4.1868462165410616e+00   2.0115356035298770e+00   4.0000000000000000e+00
   7.8359028641315245e+00   6.4479186106557549e+00   4.0000000000000000e+00
   2.5845548390020880e+00   3.0677067033409191e+00   4.0000000000000000e+00
   6.3279996177741609e+00   8.3006112924917090e+00   4.0000000000000000e+00
   3.2116293140299392e+00   1.7433556000580519e+00   4.0000000000000000e+00
   4.2647639574232841e+00   9.2669927670415264e-01   4.0000000000000000e+00
   3.7383804198317661e-01   4.5540814555763864e+00   4.0000000000000000e+00
   7.4221962279360865e+00   6.2433503718952634e+00   4.0000000000000000e+00
   6.0141613391343620e+00   8.0923863001823140e+00   4.0000000000000000e+00
   6.1797012251715246e+00   6.2532744170044916e+00   4.0000000000000000e+00
   6.6677950775544286e+00   6.5361144661217843e+00   4.0000000000000000e+00
   3.6263835550621626e+00   1.3266921604910953e+00   4.0000000000000000e+00
   1.6078186589837451e+00   3.7488774432829408e+00   4.0000000000000000e+00
   6.0929436677042395e+00   9.6333145852299431e+00   4.0000000000000000e+00
   7.4360300532633694e+00   6.7808573990383643e+00   4.0000000000000000e+00
   9.9738866493135028e+00   5.8008597595700593e+00   4.0000000000000000e+00
   8.8054855929524933e+00   6.0778986346099426e+00   4.0000000000000000e+00
   6.2581452892261558e+00   6.3428591963586829e+00   4.0000000000000000e+00
   3.0446642264635413e+00   3.4050470617168074e+00   4.0000000000000000e+00
   3.0524887824655558e+00   4.2238679153850303e+00   4.0000000000000000e+00
   3.4937831356087266e+00   1.3385876051152557e+00   4.0000000000000000e+00
   3.5943736631612957e+00   1.5071059873726500e+00   4.0000000000000000e+00
   2.9437023918537975e-01   4.1946492914747422e+00   4.0000000000000000e+00
   6.2745910878286191e+00   6.5409063843296114e+00   4.0000000000000000e+00
   1.8820760613434850e+00   4.5370279160160329e+00   4.0000000000000000e+00
   7.9665735355672602e+00   5.5822889657478223e+00   4.0000000000000000e+00
   6.5131280052260996e+00   7.2429671167730056e+00   4.0000000000000000e+00
   6.2628972928065210e+00   8.5941156113931783e+00   4.0000000000000000e+00
   8.1090299125046394e-01   4.1467447671214774e+00   4.0000000000000000e+00
   6.4698681031345107e+00   8.6311017161269152e+00   4.0000000000000000e+00
   9.5353887945425986e-01   3.7116155352075775e+00   4.0000000000000000e+00
   2.3395016933960902e+00   4.1862864659635690e+00   4.0000000000000000e+00
   6.4525409848563218e+00   8.2004422986001764e+00   4.0000000000000000e+00
   3.9919923918516922e+00   3.4150356230523657e+00   4.0000000000000000e+00
   7.3037022078664222e+00   5.8880331655267000e+00   4.0000000000000000e+00
   4.0980636397634784e+00   2.9579533632716459e+00   4.0000000000000000e+00
   8.8331718796298127e+00   5.5655154141066436e+00   4.0000000000000000e+00
   4.2386999107303804e+00   3.1074024963726963e+00   4.0000000000000000e+00
   1.8812581331243228e+00   3.8041185695706869e+00   4.0000000000000000e+00
   6.6354937664409714e+00   7.1310381438458279e+00   4.0000000000000000e+00
   3.0355133805437862e-01   3.8496885347742174e+00   4.0000000000000000e+00
   1.5661148174253503e+00   4.0444188275777080e+00   4.0000000000000000e+00
   5.3867312439789172e+00   8.9057346497706273e+00   4.0000000000000000e+00
   5.6964414679325692e+00   7.5869440936043819e+00   4.0000000000000000e+00
   5.9129269012686168e+00   9.1163952812659712e+00   4.0000000000000000e+00
   2.6408993135008729e+00   3.3313576831667202e+00   4.0000000000000000e+00
   9.6308776835055259e+00   5.7727173054766041e+00   4.0000000000000000e+00
   6.1490196017815215e+00   8.0378662620470323e+00   4.0000000000000000e+00
   5.6615856349338074e+00   8.0210184332834782e+00   4.0000000000000000e+00
   6.2370196259943480e+00   6.4525688221679554e+00   4.0000000000000000e+00
   1.2310119514778028e+00   4.3981368725484593e+00   4.0000000000000000e+00
   7.0715248264947492e+00   7.6557924955397736e+00   4.0000000000000000e+00
   9.5640160846296034e+00   5.3671883484822782e+00   4.0000000000000000e+00
   7.4620867313747832e+00   6.9929868176078642e+00   4.0000000000000000e+00
   2.8591506220891394e+00   3.5437980338811395e+00   4.0000000000000000e+00
   4.3968235066785164e+00   2.4692686310865430e+00   4.0000000000000000e+00
   3.9010115211981122e+00   3.4184900238275642e+00   4.0000000000000000e+00
   6.7285351207511006e+00   6.8803550529009261e+00   4.0000000000000000e+00
   9.9330620331473565e+00   5.9007534819736938e+00   4.0000000000000000e+00
   6.2971489680585471e+00   8.8883555940749872e+00   4.0000000000000000e+00
   5.7898987149547221e+00   8.2285872802902400e+00   4.0000000000000000e+00
   3.8755641989598222e+00   1.3910822030305381e+00   4.0000000000000000e+00
   7.4790123406363307e+00   7.1910302904473546e+00   4.0000000000000000e+00
   1.2007786707737167e+00   4.1608920163051977e+00   4.0000000000000000e+00
   6.3204469896744628e+00   6.2710646125780167e+00   4.0000000000000000e+00
   4.4282364436391566e+00   1.4195464735136121e+00   4.0000000000000000e+00
   3.1591105175420333e+00   3.1793987228761420e+00   4.0000000000000000e+00
   6.4901634297561648e+00   8.0176376072352422e+00   4.0000000000000000e+00
   4.1739042774483579e+00   2.5070466037458639e+00   4.0000000000000000e+00
   7.2872255766508252e+00   6.8073815313008277e+00   4.0000000000000000e+00
   5.9670773981081631e+00   9.4810354050513919e+00   4.0000000000000000e+00
   8.0399874138360659e+00   5.5958221722978365e+00   4.0000000000000000e+00
   9.5734495537836057e+00   6.2840056191410385e+00   4.0000000000000000e+00
   6.3427404596808010e+00   6.7827171852626673e+00   4.0000000000000000e+00
   4.5365502417620824e+00   1.6337879911992526e+00   4.0000000000000000e+00
   3.9478685741872188e+00   1.4656640152584088e+00   4.0000000000000000e+00
   4.1275583987488726e+00   2.2327079306533770e-01   4.0000000000000000e+00
   6.1783653071228786e+00   7.7613012764674760e+00   4.0000000000000000e+00
   7.1086216186052660e+00   6.2390378751072753e+00   4.0000000000000000e+00
   7.1016548665805583e+00   5.8729669856602884e+00   4.0000000000000000e+00
   5.8518573567977095e+00   6.9990945182749957e+00   4.0000000000000000e+00
   2.4989540323071080e+00   4.0450761652462539e+00   4.0000000000000000e+00
   4.3147761066100552e+00   2.8494342692562236e-01   4.0000000000000000e+00
   5.5028547126980225e+00   7.9736411951635331e+00   4.0000000000000000e+00
   3.7904598611119713e+00   3.8323282200674713e-01   4.0000000000000000e+00
   3.2903402682612115e+00   4.0208528279148217e+00   4.0000000000000000e+00
   4.3457959356857465e+00   9.2377109863080120e-01   4.0000000000000000e+00
   5.7127284547508772e+00   7.4250807768271274e+00   4.0000000000000000e+00
   5.7382921354176446e+00   8.0039009541596897e+00   4.0000000000000000e+00
   5.6025842343737349e+00   7.6785620725911761e+00   4.0000000000000000e+00
   7.2986672433952835e+00   6.5482199931721050e+00   4.0000000000000000e+00
   7.0113073957579877e+00   5.8203644745197245e+00   4.0000000000000000e+00
   3.5265558763049532e+00   3.2926139149522116e+00   4.0000000000000000e+00
   7.6017183898980045e-01   4.2119796703902415e+00   4.0000000000000000e+00
   4.3078641428965723e+00   2.1090987567161843e+00   4.0000000000000000e+00
   3.4651287763497529e+00   2.4681450111890788e+00   4.0000000000000000e+00
   4.4105294362780070e+00   5.2637781498558245e-01   4.0000000000000000e+00
   9.1170294815936845e+00   6.4137689311333714e+00   4.0000000000000000e+00
   4.6320803524018226e+00   4.6828249448095383e-01   4.0000000000000000e+00
   6.8996968393305957e+00   7.7174095752247132e+00   4.0000000000000000e+00
   2.7917884526972103e+00   4.2387124642111651e+00   4.0000000000000000e+00
   6.3114115985327066e+00   7.2909853078807361e+00   4.0000000000000000e+00
   6.1058712640496875e+00   7.0703793636284225e+00   4.0000000000000000e+00
   4.0876031395037105e+00   6.3270286094253225e-01   4.0000000000000000e+00
   3.5247106858120860e+00   1.9834758203195146e+00   4.0000000000000000e+00
   9.7228152504944654e-01   4.2424123964194580e+00   4.0000000000000000e+00
   4.2626987916210695e+00   6.4939781709331235e-01   4.0000000000000000e+00
   3.3387392830019067e+00   1.8951162355708351e+00   4.0000000000000000e+00
   6.5319297563619196e+00   6.2966059466635285e+00   4.0000000000000000e+00
   1.7041013203136690e+00   3.8659419321568067e+00   4.0000000000000000e+00
   2.5190872380554854e+00   3.2574678144118629e+00   4.0000000000000000e+00
   2.8038290782615682e+00   4.1183122319684173e+00   4.0000000000000000e+00
   8.8549133846016677e+00   6.5397278762609057e+00   4.0000000000000000e+00
   2.6338886780955040e+00   4.1259267338275132e+00   4.0000000000000000e+00
   2.9160052907734437e+00   3.0050953848395237e+00   4.0000000000000000e+00
   6.1655700350798872e+00   8.3349110745520623e+00   4.0000000000000000e+00
   5.8762122273019326e+00   6.8253549515024741e+00   4.0000000000000000e+00
   2.1346355358963862e+00   4.1025099950767450e+00   4.0000000000000000e+00
   1.3748712829302034e+00   3.6369784698197902e+00   4.0000000000000000e+00
   8.6357518915199485e+00   6.0082207566581030e+00   4.0000000000000000e+00
   7.8313644348361153e+00   6.5765953599767748e+00   4.0000000000000000e+00
   7.5022675610188427e+00   5.6909069628653839e+00   4.0000000000000000e+00
   1.8631738847223334e+00   3.8019546913392399e+00   4.0000000000000000e+00
   8.7359480029765262e+00   6.0062700685278401e+00   4.0000000000000000e+00
   6.1137463905458391e+00   9.3730206600289190e+00   4.0000000000000000e+00
   9.8825720431558683e-01   3.0948036797097975e+00   5.0000000000000000e+00
   2.2207687575026833e+00   2.1045956530011112e+00   5.0000000000000000e+00
   1.1766530203899728e+00   3.3870028859365133e+00   5.0000000000000000e+00
   9.1349310212493346e+00   7.8737303951675974e+00   5.0000000000000000e+00
   8.4634401049489156e+00   8.0705355365958198e+00   5.0000000000000000e+00
   8.4000404665257200e+00   9.1924389365198245e+00   5.0000000000000000e+00
   5.9525657182634917e-01   2.1959209021967352e-01   5.0000000000000000e+00
   8.4688587182315622e+00   7.6556792539978886e+00   5.0000000000000000e+00
   8.9338747913897745e+00   7.9236137580426576e+00   5.0000000000000000e+00
   2.5523169898359779e+00   6.8648206365173547e-01   5.0000000000000000e+00
   2.2373543582889042e+00   1.8290067046280645e+00   5.0000000000000000e+00
   8.8058151336247565e+00   6.9514536410747638e+00   5.0000000000000000e+00
   6.8230171887512503e+00   9.7487575264750621e+00   5.0000000000000000e+00
   2.9356738964001594e-01   1.0357056012769172e+00   5.0000000000000000e+00
   2.1376184992925804e+00   1.8863261013072741e+00   5.0000000000000000e+00
   6.7805980343596381e+00   9.3593391387594949e+00   5.0000000000000000e+00
   6.8371056981227065e+00   8.9629891434747471e+00   5.0000000000000000e+00
   1.3947987434213105e-01   2.1538340556238245e+00   5.0000000000000000e+00
   2.0701085243003412e+00   1.4604803861836935e+00   5.0000000000000000e+00
   8.5251095313901732e+00   9.0494938136580476e+00   5.0000000000000000e+00
   2.4279640443087978e+00   2.3133931661883711e+00   5.0000000000000000e+00
   3.4327848049342280e+00   5.1209363512068062e-02   5.0000000000000000e+00
   8.4722348546336708e+00   8.4532156640246665e+00   5.0000000000000000e+00
   7.0193137836246580e+00   8.0562749246350531e+00   5.0000000000000000e+00
   9.5619994496128591e+00   8.3018411602671485e+00   5.0000000000000000e+00
   2.0751594741252344e+00   8.2171746128167911e-03   5.0000000000000000e+00
   8.5677040261708743e+00   9.5204293460874130e+00   5.0000000000000000e+00
   1.8770269072922929e+00   1.6261450719073989e+00   5.0000000000000000e+00
   9.8023090758166482e+00   9.9192441650105216e+00   5.0000000000000000e+00
   3.6798470884580325e+00   1.6122429387175896e-01   5.0000000000000000e+00
   1.2716865098273133e+00   2.6975529117693000e+00   5.0000000000000000e+00
   9.9709008759396394e+00   8.3394821414525921e+00   5.0000000000000000e+00
   2.1826146680839509e+00   2.4835552392310500e-02   5.0000000000000000e+00
   7.1989061811136557e+00   9.5639635900933104e+00   5.0000000000000000e+00
   4.5730391405270576e-01   4.2154626649639648e-01   5.0000000000000000e+00
   8.1439009747764750e+00   7.9830612779958896e+00   5.0000000000000000e+00
   6.9275900259856971e-01   2.3090766648623906e+00   5.0000000000000000e+00
   8.7084925271484792e+00   9.2842506304861594e+00   5.0000000000000000e+00
   2.9196942021657235e+00   2.3806971261466470e-01   5.0000000000000000e+00
   9.4839616173269832e+00   9.2780155497028911e+00   5.0000000000000000e+00
   9.4946142283606747e+00   7.2936369708511162e+00   5.0000000000000000e+00
   7.5622943914540519e+00   8.7743623875080576e+00   5.0000000000000000e+00
   1.8566050915277477e+00   2.5316776003161623e-01   5.0000000000000000e+00
   8.2388163783920092e+00   9.2194593324727467e+00   5.0000000000000000e+00
   7.9208917176287947e+00   7.4887707783411885e+00   5.0000000000000000e+00
   7.0718582916061079e+00   8.7425563739994647e+00   5.0000000000000000e+00
   9.9962116326107093e+00   7.9215685309517889e+00   5.0000000000000000e+00
   7.8731759012823037e+00   9.5075347274866253e+00   5.0000000000000000e+00
   1.9623478235055392e-01   1.7409743991639870e+00   5.0000000000000000e+00
   1.6840531887087862e+00   1.7790792075859652e+00   5.0000000000000000e+00
   4.2767239782328437e-01   1.8513073257860668e+00   5.0000000000000000e+00
   2.2350878723669454e+00   2.3244143234262813e+00   5.0000000000000000e+00
   9.5441339629779298e-02   2.1071101929223190e+00   5.0000000000000000e+00
   2.0882536924863047e+00   2.6661082235008635e+00   5.0000000000000000e+00
   2.7664198852418331e+00   1.5546277300201750e+00   5.0000000000000000e+00
   4.2608270891073552e-02   3.4269828348827858e-01   5.0000000000000000e+00
   7.9790537566734550e+00   7.3963295831212985e+00   5.0000000000000000e+00
   2.4335302562229311e+00   1.9618178297846067e+00   5.0000000000000000e+00
   7.3066453745775117e+00   8.0403508035840758e+00   5.0000000000000000e+00
   8.8666327195605970e+00   7.1299460256817282e+00   5.0000000000000000e+00
   6.9993539785615013e+00   9.2288387450612817e+00   5.0000000000000000e+00
   7.9837474784268805e+00   9.9172714316322157e+00   5.0000000000000000e+00
   8.6894085202356983e+00   7.6002289813474286e+00   5.0000000000000000e+00
   8.7709645825333968e+00   7.0468445401571298e+00   5.0000000000000000e+00
   7.4845532446190854e-01   1.3338058915939355e+00   5.0000000000000000e+00
   8.7929020224471159e+00   6.6134926486592915e+00   5.0000000000000000e+00
   3.7320734344240325e-01   2.5859240755393973e+00   5.0000000000000000e+00
   9.0457605212746657e+00   9.0748671587067715e+00   5.0000000000000000e+00
   8.1434815130611362e+00   8.5595695479684455e+00   5.0000000000000000e+00
   8.5636489915337872e+00   8.1071053265953079e+00   5.0000000000000000e+00
   9.1449942611657420e+00   6.8472570599731544e+00   5.0000000000000000e+00
   1.2147390779915324e+00   2.0407928530987576e+00   5.0000000000000000e+00
   8.6990002254937693e-01   1.4266022056268823e+00   5.0000000000000000e+00
   6.3332556093072423e-01   2.0301291449400694e+00   5.0000000000000000e+00
   5.0183616657274444e-01   1.6218019258500960e+00   5.0000000000000000e+00
   7.1346432477565545e+00   9.6396359915555720e+00   5.0000000000000000e+00
   9.3105263909792519e+00   7.8584578947282147e+00   5.0000000000000000e+00
   8.2600749187905294e+00   7.7158578878221986e+00   5.0000000000000000e+00
   7.9461065278622112e+00   9.2188643058926072e+00   5.0000000000000000e+00
   7.4843965233562271e+00   9.9480126554916062e+00   5.0000000000000000e+00
   1.6764390165268883e+00   1.6806026896698001e+00   5.0000000000000000e+00
   9.7608000745778547e+00   8.4218571989917059e+00   5.0000000000000000e+00
   6.1404378695783968e-01   3.3329613507471780e+00   5.0000000000000000e+00
   7.1182752393479163e+00   7.8655200439658435e+00   5.0000000000000000e+00
   1.3527827354386435e+00   3.0631380427004249e+00   5.0000000000000000e+00
   8.0279218957974963e-01   1.4503382799233067e+00   5.0000000000000000e+00
   6.8078050492614839e+00   8.6020146418973660e+00   5.0000000000000000e+00
   9.8564247233310844e+00   9.5793752941869581e+00   5.0000000000000000e+00
   2.5443515953762166e+00   2.0519945235310777e+00   5.0000000000000000e+00
   9.1025371337849155e+00   7.2683953192220674e+00   5.0000000000000000e+00
   7.0804380941950260e+00   9.9095390948498316e+00   5.0000000000000000e+00
   9.8871031359303601e+00   6.6542085628698491e+00   5.0000000000000000e+00
   9.9002969034183455e+00   9.9229085438384583e+00   5.0000000000000000e+00
   9.6663909053938948e+00   8.7617916883937355e+00   5.0000000000000000e+00
   9.0716338334346034e+00   9.7023565301108619e+00   5.0000000000000000e+00
   9.5090620974323192e-01   3.1758744332000388e+00   5.0000000000000000e+00
   7.8845971934409631e+00   8.1947927190801888e+00   5.0000000000000000e+00
   9.6924593301654820e+00   6.9279452648876951e+00   5.0000000000000000e+00
   9.3107476711616552e+00   8.6883413879420708e+00   5.0000000000000000e+00
   8.6225280573803875e+00   7.8619207756515248e+00   5.0000000000000000e+00
   3.9228119124135818e-01   2.5681824241254860e+00   5.0000000000000000e+00
   7.7900384832793668e+00   9.3691801858932404e+00   5.0000000000000000e+00
   9.4830461110098199e+00   8.8537194284974543e+00   5.0000000000000000e+00
   8.1278419897586662e-01   2.1059236414600111e+00   5.0000000000000000e+00
   8.5455743201931753e+00   6.8280500998557141e+00   5.0000000000000000e+00
   8.2156854335920237e-01   2.5708303332812141e+00   5.0000000000000000e+00
   8.8201470626522505e-01   3.5387845676730443e+00   5.0000000000000000e+00
   9.3639816727622556e+00   8.6493880173175253e+00   5.0000000000000000e+00
   1.5317993840591226e+00   1.4162429903334472e+00   5.0000000000000000e+00
   9.9060094575241404e+00   6.9269430455046983e+00   5.0000000000000000e+00
   1.0740212620346046e+00   2.0616316589050054e-01   5.0000000000000000e+00
   8.2938610114147444e+00   9.2067237942929268e+00   5.0000000000000000e+00
   2.9928904395241798e+00   1.5005014792982241e+00   5.0000000000000000e+00
   1.3892503856250904e+00   5.8493390452291072e-02   5.0000000000000000e+00
   1.5745086513911510e+00   1.3038891267152053e+00   5.0000000000000000e+00
   8.7107206745675398e+00   7.4659663364740805e+00   5.0000000000000000e+00
   7.4221742714794612e+00   8.4559683827657359e+00   5.0000000000000000e+00
   8.4551452088989176e-01   2.3373850565834386e+00   5.0000000000000000e+00
   3.0070568685074859e+00   1.3899819190737717e+00   5.0000000000000000e+00
   3.0220683575029215e+00   1.2898808054419897e-01   5.0000000000000000e+00
   6.6527045609790614e+00   9.0095794101791373e+00   5.0000000000000000e+00
   1.5958951066817162e+00   2.8176282801614905e+00   5.0000000000000000e+00
   9.4639565037049724e+00   8.3400810327442017e+00   5.0000000000000000e+00
   9.6706191285378136e+00   7.6588579938065564e+00   5.0000000000000000e+00
   1.3623200111180811e+00   6.2678888195915272e-01   5.0000000000000000e+00
   1.6294455209916614e+00   2.6947076191193520e-01   5.0000000000000000e+00
   1.8724268698270163e+00   2.2602540763907575e+00   5.0000000000000000e+00
   3.2521628596001815e+00   6.0915390233126088e-01   5.0000000000000000e+00
   1.1213744573887452e+00   2.8398791485557453e+00   5.0000000000000000e+00
   8.1515695203641840e+00   8.0152731312604235e+00   5.0000000000000000e+00
   9.2111389003964810e+00   7.7289961193645018e+00   5.0000000000000000e+00
   7.7316310780456146e+00   9.1643642613508582e+00   5.0000000000000000e+00
   7.7013435326914390e+00   9.7703432560000039e+00   5.0000000000000000e+00
   1.6375473355030412e+00   1.5131217688535037e+00   5.0000000000000000e+00
   1.0983078429607562e+00   2.0732980533472056e-01   5.0000000000000000e+00
   3.1690441415165091e+00   1.7002415803393234e+00   5.0000000000000000e+00
   9.1740159676068860e+00   7.4832886545107549e+00   5.0000000000000000e+00
   2.8144432527640317e+00   3.9078112157517331e-01   5.0000000000000000e+00
   8.6847038052851335e+00   7.2100853796773414e+00   5.0000000000000000e+00
   1.4000267690995261e+00   1.2716332558383836e+00   5.0000000000000000e+00
   8.2934676222395751e+00   8.5317621901463134e+00   5.0000000000000000e+00
   2.7293694983967254e+00   1.5184100511346588e+00   5.0000000000000000e+00
   2.3588213806911407e+00   1.1540401468490491e+00   5.0000000000000000e+00
   7.8865665360465909e-01   3.1370483873274893e+00   5.0000000000000000e+00
   2.0978532656836233e+00   2.1547857850696861e+00   5.0000000000000000e+00
   8.4642209304429645e+00   9.7677746857766543e+00   5.0000000000000000e+00
   9.1231493625018594e+00   8.7120913204795052e+00   5.0000000000000000e+00
   1.7524357614492247e+00   3.0035168326785655e+00   5.0000000000000000e+00
   7.1809602630365212e+00   8.5226236177983345e+00   5.0000000000000000e+00
   6.9741692985714598e+00   8.6265223856299009e+00   5.0000000000000000e+00
   7.1553577006643962e+00   9.8247710575800120e+00   5.0000000000000000e+00
   1.4666967873196879e+00   4.9681597614840478e-01   5.0000000000000000e+00
   1.4155969728005868e+00   2.1509166515258302e+00   5.0000000000000000e+00
   1.7848171904756294e+00   3.0265813143704268e+00   5.0000000000000000e+00
   1.6797343098474082e+00   8.2111850984656232e-01   5.0000000000000000e+00
   2.9144973331332080e+00   1.2233405152217847e+00   5.0000000000000000e+00
   7.2763786510640616e+00   8.9199034996689015e+00   5.0000000000000000e+00
   9.8677895522745800e+00   8.5222462609998715e+00   5.0000000000000000e+00
   9.4083130535872925e+00   9.4089142204953742e+00   5.0000000000000000e+00
   2.0829521034445242e+00   1.2536768186024783e-01   5.0000000000000000e+00
   5.2575736976528842e-01   1.9015530493703814e+00   5.0000000000000000e+00
   9.7762016383442720e+00   9.5113893940244232e+00   5.0000000000000000e+00
   9.0382940449324387e+00   8.6249367612632550e+00   5.0000000000000000e+00
   1.6073920092382799e+00   3.0154352070837351e+00   5.0000000000000000e+00
   7.1646075247058914e+00   8.5904392411995882e+00   5.0000000000000000e+00
   9.8692504420205811e+00   6.7656486927448363e+00   5.0000000000000000e+00
   7.1475451302948203e+00   8.3274922152018540e+00   5.0000000000000000e+00
   7.7835817885656047e+00   8.2961551326188054e+00   5.0000000000000000e+00
   7.5506013122386602e+00   8.9517430385896173e+00   5.0000000000000000e+00
   2.2156173425838643e+00   1.7393698157243043e+00   5.0000000000000000e+00
   1.0378460700948988e+00   9.8524523862367652e-01   5.0000000000000000e+00
   7.7017529357132624e+00   9.9125445334821620e+00   5.0000000000000000e+00
   1.1143246431551568e+00   3.0028698704037038e+00   5.0000000000000000e+00
   9.7631431257160912e+00   8.3159837602718305e+00   5.0000000000000000e+00
   6.0751227679574193e-01   3.1562460398768688e+00   5.0000000000000000e+00
   1.7667336070256667e+00   1.2404201349672161e+00   5.0000000000000000e+00
   1.6622449378212301e+00   5.1424008770172058e-01   5.0000000000000000e+00
   2.8848327023526164e+00   1.2470781556856725e+00   5.0000000000000000e+00
   2.9271457030370596e-01   1.1187811897722555e-01   5.0000000000000000e+00
   7.7352318554550594e+00   8.1044998791767515e+00   5.0000000000000000e+00
   7.6901983509276892e+00   9.2235729328942657e+00   5.0000000000000000e+00
   5.7567645655192901e-01   2.1530471867993537e+00   5.0000000000000000e+00
   2.6195048140023158e-01   2.5708047449617109e+00   5.0000000000000000e+00
   7.5359549595456272e+00   8.2680997338573121e+00   5.0000000000000000e+00
   9.8670995972163080e+00   8.4514691416650862e+00   5.0000000000000000e+00
   1.4415767610785524e+00   3.7817673837056365e-01   5.0000000000000000e+00
   8.3952657742052423e+00   7.1584916078643159e+00   5.0000000000000000e+00
   9.3850862523101934e+00   6.5890134034515180e+00   5.0000000000000000e+00
   3.0432791192040787e-01   3.0505848876146615e+00   5.0000000000000000e+00
   8.1528852037613175e-01   2.6489979147351681e+00   5.0000000000000000e+00
   7.1176648070665731e+00   9.1931182251645200e+00   5.0000000000000000e+00
   5.2931525184519046e-01   1.4692536487487651e+00   5.0000000000000000e+00
   9.0831936511421567e+00   6.6593134627519763e+00   5.0000000000000000e+00
   8.3779152644189594e+00   7.4812367921523304e+00   5.0000000000000000e+00
   7.1331565463809143e-02   2.4490247018445590e+00   5.0000000000000000e+00
   1.0006248834687503e+00   1.6842123383540064e+00   5.0000000000000000e+00
   9.5103819299909347e+00   6.8411272205863476e+00   5.0000000000000000e+00
   3.0390241037890773e+00   1.7071106939568070e+00   5.0000000000000000e+00
   1.3754297753777900e-01   2.0010233147783616e+00   5.0000000000000000e+00
