   2.2395807213796424e+00   8.5302755245171298e+00   1.0000000000000000e+00
   7.2072340438729841e+00   1.6329168239341896e+00   1.0000000000000000e+00
   8.4897370828048917e+00   2.3580941163779734e-01   1.0000000000000000e+00
   1.4320037460741675e+00   8.6266612414033599e+00   1.0000000000000000e+00
   6.8777365486510087e+00   1.8303424500754828e+00   1.0000000000000000e+00
   3.9646391139487425e-01   9.8467569343867467e+00   1.0000000000000000e+00
   2.1593413218507020e+00   7.9178453485255540e+00   1.0000000000000000e+00
   8.9350295196228853e+00   1.4248196293607718e+00   1.0000000000000000e+00
   9.4867699518065578e+00   3.0543831049454297e+00   1.0000000000000000e+00
   7.7215235858505826e+00   1.7584265446651037e-01   1.0000000000000000e+00
   1.4479550664182750e+00   8.7344148197677285e+00   1.0000000000000000e+00
   2.2623488940660099e+00   7.6996228697668014e+00   1.0000000000000000e+00
   3.3044991419427983e+00   9.0937359361685228e+00   1.0000000000000000e+00
   7.8903396593748987e+00   2.7326633997481666e+00   1.0000000000000000e+00
   9.3713579511825387e+00   2.5179459327253784e+00   1.0000000000000000e+00
   6.3699572719023378e-01   7.2309985840594262e+00   1.0000000000000000e+00
   9.5940286563067350e+00   3.6928939495214919e+00   1.0000000000000000e+00
   1.9601533407304861e-01   7.8001487124814908e+00   1.0000000000000000e+00
   1.3121149122205911e+00   7.6091310780283319e+00   1.0000000000000000e+00
   3.5221495879826592e-01   7.1288170595491813e+00   1.0000000000000000e+00
   7.1041961848299859e+00   1.3535852323426179e+00   1.0000000000000000e+00
   2.7753941356681491e+00   8.1952611989360804e+00   1.0000000000000000e+00
   8.3390723504049857e-02   9.9223213567826978e+00   1.0000000000000000e+00
   9.7956713904904849e+00   1.4624606114137972e+00   1.0000000000000000e+00
   9.0619899519856659e+00   1.6610486861575047e+00   1.0000000000000000e+00
   8.1722394945159227e+00   1.2097069009835426e-02   1.0000000000000000e+00
   3.6210890480550884e+00   9.9233362543479959e+00   1.0000000000000000e+00
   1.2978948973903670e+00   8.3036869334513561e+00   1.0000000000000000e+00
   7.8046978215986957e+00   1.2675182667061768e+00   1.0000000000000000e+00
   9.8358219441719275e+00   2.2974609094028708e-01   1.0000000000000000e+00
   9.2475150663372094e+00   3.3187492586137624e-01   1.0000000000000000e+00
   8.8314172253327925e+00   2.4080569378438730e+00   1.0000000000000000e+00
   7.1894949987882582e+00   1.7141822965206599e+00   1.0000000000000000e+00
   9.5329672880329710e+00   2.1517495664248907e+00   1.0000000000000000e+00
   8.4845399199655507e+00   1.6207122057316703e+00   1.0000000000000000e+00
   7.3422694116458809e+00   2.3811859130035606e+00   1.0000000000000000e+00
   7.8926801645282607e+00   2.1587188738440419e+00   1.0000000000000000e+00
   2.5175572244917710e+00   8.7987099592744116e+00   1.0000000000000000e+00
   8.5136821349986871e+00   1.3716018966175691e+00   1.0000000000000000e+00
   2.2611267192119278e+00   8.5668860768176209e+00   1.0000000000000000e+00
   7.9083388242799444e+00   2.3521292332400390e+00   1.0000000000000000e+00
   2.9961561458646280e+00   9.6081717895256809e+00   1.0000000000000000e+00
   1.1243543511955811e+00   9.7820924706760017e+00   1.0000000000000000e+00
   7.7870921710309817e+00   2.0724095042194413e-01   1.0000000000000000e+00
   2.9726209392061853e+00   9.2324784380510998e+00   1.0000000000000000e+00
   1.5828825774819444e+00   9.8632110922731968e+00   1.0000000000000000e+00
   7.2927729922923179e+00   1.3964007466759465e+00   1.0000000000000000e+00
   2.3699834867917069e+00   7.4060447332149302e+00   1.0000000000000000e+00
   7.2172590945296378e-02   8.2120059902966958e+00   1.0000000000000000e+00
   8.8471524979789944e+00   2.0022249854831111e+00   1.0000000000000000e+00
   2.3129546414185631e+00   8.4458574224999765e+00   1.0000000000000000e+00
   8.0235200997249212e+00   2.1868363364290175e+00   1.0000000000000000e+00
   9.9040059812655397e+00   4.3757140014025087e-01   1.0000000000000000e+00
   8.9845007655222950e+00   2.8745105441555152e+00   1.0000000000000000e+00
   3.3333627364258600e-01   8.4957378443897849e+00   1.0000000000000000e+00
   8.2993854093646018e+00   2.2758801750358115e+00   1.0000000000000000e+00
   2.4220794175092641e+00   9.1570507186089163e+00   1.0000000000000000e+00
   7.5546430333595520e+00   7.5153930457449891e-01   1.0000000000000000e+00
   8.6129594557568723e+00   3.0150980866465771e+00   1.0000000000000000e+00
   7.6808297955271954e+00   2.2793606541458522e+00   1.0000000000000000e+00
   8.9121352419590991e+00   1.2949603066921966e+00   1.0000000000000000e+00
   2.5042381199157870e+00   8.0666094919504694e+00   1.0000000000000000e+00
   9.8563095856837197e+00   8.8782823162911528e-01   1.0000000000000000e+00
   8.5788704074648336e-01   9.3553228828344288e+00   1.0000000000000000e+00
   2.0566383406854238e+00   7.2085623661824627e+00   1.0000000000000000e+00
   1.1095788082097946e+00   8.1052850926392441e+00   1.0000000000000000e+00
   2.3095535698456304e+00   7.8498550723173652e+00   1.0000000000000000e+00
   2.2313650862329872e+00   9.1108829229164563e+00   1.0000000000000000e+00
   3.8028317559890668e-01   7.5368933251896753e+00   1.0000000000000000e+00
   7.0722125855919451e+00   2.4327365642238363e-01   1.0000000000000000e+00
   6.5320007809229548e+00   9.8864619738019632e-01   1.0000000000000000e+00
   9.1333371079555263e+00   1.3799205913608037e+00   1.0000000000000000e+00
   9.2104951978946232e+00   2.9360261517636888e+00   1.0000000000000000e+00
   6.8445300236669562e+00   1.3596244088678289e+00   1.0000000000000000e+00
   8.5605187007221311e+00   7.7923398168222913e-01   1.0000000000000000e+00
   9.9858760424340183e+00   3.0598211378382545e+00   1.0000000000000000e+00
   3.6177024748911846e+00   9.7899699800605013e+00   1.0000000000000000e+00
   7.9049783281864072e-01   8.0723603317494188e+00   1.0000000000000000e+00
   8.6377713175158615e+00   3.1090030659751209e+00   1.0000000000000000e+00
   2.0891678396289661e+00   7.7579087524683654e+00   1.0000000000000000e+00
   8.6672823372931784e+00   6.5244728469566859e-01   1.0000000000000000e+00
   6.8127052522943892e+00   1.2983742620915972e+00   1.0000000000000000e+00
   9.5156983502713768e+00   2.6661675365661552e+00   1.0000000000000000e+00
   1.4459759333964639e+00   7.5793662065749468e+00   1.0000000000000000e+00
   2.6085913914930439e+00   7.9754400541399217e+00   1.0000000000000000e+00
   4.3910233893248440e-01   9.0478052406622371e+00   1.0000000000000000e+00
   2.9366884064135492e+00   9.3053773718281345e+00   1.0000000000000000e+00
   7.6496156165814728e+00   1.4426966825286924e+00   1.0000000000000000e+00
   7.3498639620905610e+00   1.7271934438512559e+00   1.0000000000000000e+00
   7.4693073358136575e-01   9.7194583319429935e+00   1.0000000000000000e+00
   4.1630761811944583e-01   6.8362024673824164e+00   1.0000000000000000e+00
   7.2360289645477476e+00   9.6151077649223926e-01   1.0000000000000000e+00
   2.0829985550946271e+00   8.3942484972703859e+00   1.0000000000000000e+00
   7.6989070677927991e+00   1.2728822690148411e+00   1.0000000000000000e+00
   1.7871644045469370e-01   8.3013316669747699e+00   1.0000000000000000e+00
   1.1138752988037148e+00   8.9478335506727422e+00   1.0000000000000000e+00
   2.1408503761050635e+00   7.6832755981004386e+00   1.0000000000000000e+00
   2.6887829800699059e+00   7.9182467290672527e+00   1.0000000000000000e+00
   8.9618022831134230e+00   2.6607134650983024e+00   1.0000000000000000e+00
   1.0101694118578297e+00   8.3547627949661187e+00   1.0000000000000000e+00
   7.9059425334880542e+00   2.1840148643947743e+00   1.0000000000000000e+00
   1.2912339600555245e+00   6.7339247332620893e+00   1.0000000000000000e+00
   6.9651459830224187e+00   2.6693039276891040e-01   1.0000000000000000e+00
   3.1174111468029730e-02   8.8708192389710465e+00   1.0000000000000000e+00
   9.5372195940948590e-01   9.6369530947668327e+00   1.0000000000000000e+00
   8.9609746073495522e+00   2.4447377046866392e+00   1.0000000000000000e+00
   9.9096705194650259e+00   1.2858140093815384e+00   1.0000000000000000e+00
   9.5290722209698551e+00   3.3337999103956841e+00   1.0000000000000000e+00
   7.3641471196976642e+00   1.2235966846464297e+00   1.0000000000000000e+00
   9.8013779354412254e+00   8.0022814304026690e-01   1.0000000000000000e+00
   8.0366067233395651e+00   9.5772592638448839e-01   1.0000000000000000e+00
   7.9061237490087857e+00   2.3604522664057734e+00   1.0000000000000000e+00
   1.2202510530177868e+00   7.2679779694400404e+00   1.0000000000000000e+00
   8.6368123962439487e+00   9.1077958806607962e-02   1.0000000000000000e+00
   8.4424506966387920e+00   1.2811072700102621e+00   1.0000000000000000e+00
   7.1581946677746866e-01   8.7377703364721242e+00   1.0000000000000000e+00
   8.1127247486188168e+00   2.2965147068109792e+00   1.0000000000000000e+00
   1.3459625022751054e+00   7.6931511706688047e+00   1.0000000000000000e+00
   6.5999867686106315e+00   5.5675791483622561e-02   1.0000000000000000e+00
   8.4399912718679442e+00   1.1910299277247460e+00   1.0000000000000000e+00
   1.6294767604160065e+00   8.3756304106488493e+00   1.0000000000000000e+00
   9.4128825136751182e+00   2.7915871407303685e+00   1.0000000000000000e+00
   1.3094005451426416e+00   7.3162330179580470e+00   1.0000000000000000e+00
   2.6846615173787058e+00   9.3043873277201321e+00   1.0000000000000000e+00
   7.3112248729176690e+00   1.5058318468644927e+00   1.0000000000000000e+00
   9.3796263790809693e+00   3.0197584196383254e+00   1.0000000000000000e+00
   9.0317910692652674e+00   2.0941976546178545e+00   1.0000000000000000e+00
   8.5492841747515094e+00   2.0824419897988458e+00   1.0000000000000000e+00
   1.4229097791537126e+00   9.2483572649283232e+00   1.0000000000000000e+00
   1.0079411755074885e+00   7.7939600240628657e+00   1.0000000000000000e+00
   7.9938386460339741e+00   9.0857575219880693e-01   1.0000000000000000e+00
   8.0093692988491707e+00   6.9873683038644829e-02   1.0000000000000000e+00
   8.0130051329867324e+00   2.6897875943075302e+00   1.0000000000000000e+00
   9.5301545711789917e+00   1.3401993476736607e+00   1.0000000000000000e+00
   7.9110575084089021e+00   1.3283156658719231e+00   1.0000000000000000e+00
   7.3436917511892581e+00   7.9997586983523439e-01   1.0000000000000000e+00
   7.6843848359821729e+00   1.6545860417778901e+00   1.0000000000000000e+00
   1.8378239845434219e+00   7.7610942738981894e+00   1.0000000000000000e+00
   7.4282367397473292e-01   6.6466208772914612e+00   1.0000000000000000e+00
   8.0618091711338167e+00   2.8376643165033122e+00   1.0000000000000000e+00
   4.3474437796414134e-01   9.7665371515620194e+00   1.0000000000000000e+00
   3.0493497764408852e+00   9.3222016183595517e+00   1.0000000000000000e+00
   4.3180949654875178e-02   7.2409976837565306e+00   1.0000000000000000e+00
   1.6883152192252115e-01   9.7034172150999627e+00   1.0000000000000000e+00
   3.6877781780981844e+00   9.7516299332545149e+00   1.0000000000000000e+00
   4.1340678415776599e-02   7.1743845375310622e+00   1.0000000000000000e+00
   8.2083102496447822e+00   1.6230047726291108e+00   1.0000000000000000e+00
   9.4275256886427847e+00   3.6076243751382933e+00   1.0000000000000000e+00
   9.8087277258929073e-01   7.0878759647642369e+00   1.0000000000000000e+00
   7.0977834271021347e+00   1.3882974748375310e+00   1.0000000000000000e+00
   3.3885805893970309e+00   9.7353688422857463e+00   1.0000000000000000e+00
   8.9930186385035427e+00   1.8767199709618609e+00   1.0000000000000000e+00
   7.5554435243573215e+00   6.3224214951397295e-01   1.0000000000000000e+00
   1.9555187526784057e+00   9.4413851547119325e+00   1.0000000000000000e+00
   3.2279416201602906e+00   9.0394476345201351e+00   1.0000000000000000e+00
   7.8094722644364820e+00   1.9362288799433414e+00   1.0000000000000000e+00
   8.8901958989561103e-01   8.9366014937412341e+00   1.0000000000000000e+00
   7.5423600893855998e+00   4.2219692695092403e-02   1.0000000000000000e+00
   6.4066847534954965e+00   4.9092125130710262e-01   1.0000000000000000e+00
   2.0534202593145414e+00   8.5073458098433932e+00   1.0000000000000000e+00
   9.3388715824341384e-01   7.0664181590641011e+00   1.0000000000000000e+00
   7.2426446981590233e+00   1.6725008460891955e+00   1.0000000000000000e+00
   1.7561747970103903e-01   8.4626690916257008e+00   1.0000000000000000e+00
   9.3624611589502447e+00   8.1132317890770356e-01   1.0000000000000000e+00
   7.5306517795835592e+00   7.5358696190143015e-01   1.0000000000000000e+00
   1.1300101400086060e+00   9.5291394872083188e+00   1.0000000000000000e+00
   7.0914557770044251e+00   1.2529255971243014e+00   1.0000000000000000e+00
   3.3181801077108219e+00   8.8665760832264944e+00   1.0000000000000000e+00
   2.1019647706757905e-01   7.7225293106291506e+00   1.0000000000000000e+00
   7.1010342033096086e-01   9.7776936764034357e+00   1.0000000000000000e+00
   7.4552862747643909e+00   1.8210983334094710e+00   1.0000000000000000e+00
   1.8811780116014565e+00   8.4506064416058937e+00   1.0000000000000000e+00
   2.0515747291292241e-01   7.0702065860537129e+00   1.0000000000000000e+00
   7.5909770912576500e+00   1.1815228250802190e+00   1.0000000000000000e+00
   7.9588762722733950e+00   1.0062949714108693e+00   1.0000000000000000e+00
   7.4518274847118668e+00   2.2432060805724072e+00   1.0000000000000000e+00
   7.8644960773061579e+00   3.9284074278384096e-01   1.0000000000000000e+00
   9.9477898713819339e+00   2.1695730541505123e+00   1.0000000000000000e+00
   9.9400721710619120e+00   2.9651683218354110e+00   1.0000000000000000e+00
   9.3486107433188304e-02   8.5344676868459004e+00   1.0000000000000000e+00
   8.8497442059459690e+00   9.7529378071720241e-01   1.0000000000000000e+00
   1.2258267866234729e+00   9.3250673716008130e+00   1.0000000000000000e+00
   9.0058214500069456e-02   6.4410998050580206e+00   1.0000000000000000e+00
   2.6427590614231713e+00   9.0465416499877218e+00   1.0000000000000000e+00
   9.9823297556256101e+00   1.1822970898569185e+00   1.0000000000000000e+00
   9.5855762232023238e+00   7.8697561815000983e-01   1.0000000000000000e+00
   6.7844075539366591e+00   3.5661811948308197e-01   1.0000000000000000e+00
   7.5902475152580040e+00   1.2273816030961782e+00   1.0000000000000000e+00
   7.4927152405805608e-01   7.3292690333109043e+00   1.0000000000000000e+00
   2.0514403242786248e+00   7.1857576782877945e+00   1.0000000000000000e+00
   8.1112795092423244e+00   3.0629740419070273e+00   1.0000000000000000e+00
   3.8679552909068882e-01   8.8775117781081487e+00   1.0000000000000000e+00
   1.2189924464957180e+00   7.9169024074463223e+00   1.0000000000000000e+00
   8.9099254484787700e+00   8.7444068658069529e-01   1.0000000000000000e+00
   1.1920093013939470e+00   7.9711297649713666e+00   1.0000000000000000e+00
   1.8384961119191012e+00   9.2613202481360197e+00   1.0000000000000000e+00
   8.7767768150132097e-01   8.0475857750170139e+00   1.0000000000000000e+00
   8.2083197502154306e+00   2.3318849202592276e+00   1.0000000000000000e+00
   9.8210620033382785e+00   3.5981814067440165e-01   1.0000000000000000e+00
   9.1302637215045088e+00   1.2578888621594631e+00   1.0000000000000000e+00
   2.1693290113540495e+00   7.5083990940341829e+00   1.0000000000000000e+00
   9.4789106711151554e+00   4.3043843034206275e-01   1.0000000000000000e+00
   1.1481754961551127e-01   9.2871844497042453e+00   1.0000000000000000e+00
   7.3933331206917501e+00   1.4753254964679863e+00   1.0000000000000000e+00
   2.4676213788193979e+00   8.0880084757153892e+00   1.0000000000000000e+00
   1.7322604021316579e+00   9.8917105653742112e+00   1.0000000000000000e+00
   3.3853806837514613e+00   9.4654758005391688e+00   1.0000000000000000e+00
   9.6098849914500644e+00   2.3232320453477930e+00   1.0000000000000000e+00
   9.6933516901329728e+00   1.8857096364980896e-01   1.0000000000000000e+00
   7.9494548146741240e+00   1.8470777610845701e-01   1.0000000000000000e+00
   9.8848575166042050e+00   2.0691939086857714e+00   1.0000000000000000e+00
   6.7442637714044951e+00   3.4532560729595096e-01   1.0000000000000000e+00
   6.7576104566959847e+00   1.5980786136272951e+00   1.0000000000000000e+00
   9.2465031038743746e+00   5.6594116246824200e-02   1.0000000000000000e+00
   1.5287462055864287e-01   6.9741911315798806e+00   1.0000000000000000e+00
   4.2979841457984724e-01   8.1785642764070730e+00   1.0000000000000000e+00
   8.1728735527547425e+00   1.2421359200852400e+00   1.0000000000000000e+00
   7.8629075766568457e+00   1.3339717256608585e+00   1.0000000000000000e+00
   4.4215351173329509e+00   8.3044470245542339e+00   2.0000000000000000e+00
   8.0120947993253040e+00   4.0340420267808081e+00   2.0000000000000000e+00
   5.7135366431902588e+00   2.3555244583974888e+00   2.0000000000000000e+00
   5.9275907762887847e+00   3.4383109634551379e-01   2.0000000000000000e+00
   3.5259560346606875e+00   8.8732861573235429e+00   2.0000000000000000e+00
   3.5021808153806955e+00   8.5870359800266076e+00   2.0000000000000000e+00
   5.9681697712867967e+00   3.5494966731108111e+00   2.0000000000000000e+00
   8.2611527739835928e+00   4.1412896658145790e+00   2.0000000000000000e+00
   4.5741821195646795e+00   7.6445790929298107e+00   2.0000000000000000e+00
   2.9341399034648221e+00   6.7395430148044699e+00   2.0000000000000000e+00
   4.0799003836037624e+00   6.8155876531884587e+00   2.0000000000000000e+00
   2.6691399175169517e+00   6.2217195936659540e+00   2.0000000000000000e+00
   6.2800177402037649e+00   2.9305651485540007e+00   2.0000000000000000e+00
   6.3583279662467280e+00   7.4496438029106993e-01   2.0000000000000000e+00
   8.4219729115732829e+00   3.5254805255673958e+00   2.0000000000000000e+00
   4.1364892888174474e+00   7.7557467491576757e+00   2.0000000000000000e+00
   7.1809290704047815e+00   3.6402140178949582e+00   2.0000000000000000e+00
   2.3105844988677138e+00   6.2290985119706939e+00   2.0000000000000000e+00
   3.7854564697662774e+00   6.0815199667998909e+00   2.0000000000000000e+00
   2.2462284629623976e+00   5.6725547303265609e+00   2.0000000000000000e+00
   3.9054955607665507e+00   8.6672053629796508e+00   2.0000000000000000e+00
   4.3624909638556586e+00   8.6690510592482788e+00   2.0000000000000000e+00
   1.9560436703160022e+00   5.5457785698125139e+00   2.0000000000000000e+00
   6.3636308229876981e+00   3.5578944861202411e+00   2.0000000000000000e+00
   7.0113542490634453e+00   2.5804467575427106e+00   2.0000000000000000e+00
   6.2547619962051249e+00   1.0978662511915527e+00   2.0000000000000000e+00
   2.7421850981726834e+00   6.8718152364848404e+00   2.0000000000000000e+00
   5.6688561211167610e+00   4.1724376365759097e-01   2.0000000000000000e+00
   3.0235547031753063e+00   6.0062545082385288e+00   2.0000000000000000e+00
   5.9565135900529391e+00   2.3838401785135819e+00   2.0000000000000000e+00
   9.5601712650160131e+00   4.2946199061638213e+00   2.0000000000000000e+00
   3.2457752294242970e-01   6.0971267301693652e+00   2.0000000000000000e+00
   4.3316498518038156e+00   6.7365560075674145e+00   2.0000000000000000e+00
   6.3819213314400596e+00   2.1421323248313326e+00   2.0000000000000000e+00
   2.6201499277179554e+00   7.1589470845226408e+00   2.0000000000000000e+00
   7.0131398301745973e+00   2.9428689902627281e+00   2.0000000000000000e+00
   6.3642504897365342e+00   1.7647839963766720e+00   2.0000000000000000e+00
   3.6737404169266519e-01   5.4563472664542125e+00   2.0000000000000000e+00
   5.3826041055006888e+00   6.3323356258885966e-01   2.0000000000000000e+00
   8.4654199680303819e+00   4.2512957700552265e+00   2.0000000000000000e+00
   3.6239828029815735e+00   6.7140815676760592e+00   2.0000000000000000e+00
   2.7139502917207716e+00   6.2298131770395511e+00   2.0000000000000000e+00
   9.5094464878483471e+00   4.6987524337854953e+00   2.0000000000000000e+00
   3.4040494179036940e+00   6.9707977270788888e+00   2.0000000000000000e+00
   4.2653913058116943e+00   8.8084024653098307e+00   2.0000000000000000e+00
   2.5029501382076536e+00   5.4814355352524222e+00   2.0000000000000000e+00
   5.9507710246570813e+00   1.4174288153205450e+00   2.0000000000000000e+00
   5.8516755616258243e+00   2.7023302674405105e+00   2.0000000000000000e+00
   7.3303504263633847e+00   3.1154746371244793e+00   2.0000000000000000e+00
   3.9386171194786157e+00   6.1325480054662140e+00   2.0000000000000000e+00
   6.0670954888534565e+00   3.0180733110738531e+00   2.0000000000000000e+00
   4.4405944503639141e+00   8.0565527994743054e+00   2.0000000000000000e+00
   7.4325233886283337e+00   3.3442662942451671e+00   2.0000000000000000e+00
   3.4636237379532120e+00   6.6414016184390086e+00   2.0000000000000000e+00
   2.3708176267592265e+00   6.9026034909486400e+00   2.0000000000000000e+00
   2.3687472971295387e+00   5.9307308673248453e+00   2.0000000000000000e+00
   5.9486825328273332e+00   1.9387923786296923e+00   2.0000000000000000e+00
   5.6414025484727475e+00   2.6205645808257572e+00   2.0000000000000000e+00
   3.8116039056258213e+00   9.8260845599125979e+00   2.0000000000000000e+00
   3.6721697227023995e+00   7.1506349114344294e+00   2.0000000000000000e+00
   5.7434696063227006e+00   4.8397724067134162e-01   2.0000000000000000e+00
   3.1950285441936255e+00   6.5019382940075445e+00   2.0000000000000000e+00
   3.4463433410815369e-01   5.6764411742056815e+00   2.0000000000000000e+00
   3.0633351651360217e+00   7.6865179590545099e+00   2.0000000000000000e+00
   6.6099048856492058e+00   4.0456277453648308e+00   2.0000000000000000e+00
   7.9182621497673411e+00   3.6657425881029235e+00   2.0000000000000000e+00
   7.8467904768126928e+00   2.9511240278775164e+00   2.0000000000000000e+00
   2.2704569523716236e+00   5.9484151745726770e+00   2.0000000000000000e+00
   2.8762687990208846e+00   5.7374987121936627e+00   2.0000000000000000e+00
   2.4101211753302723e+00   6.8794686914329430e+00   2.0000000000000000e+00
   7.0690817579537093e+00   4.0586197725637589e+00   2.0000000000000000e+00
   3.6280512712099453e+00   8.4771062213269008e+00   2.0000000000000000e+00
   4.3389625688814100e+00   8.6331547834204638e+00   2.0000000000000000e+00
   7.9159559797623205e+00   3.7087975312114443e+00   2.0000000000000000e+00
   4.3048716935759366e+00   9.6928837670578556e+00   2.0000000000000000e+00
   7.5889816956425786e+00   3.6498646168097295e+00   2.0000000000000000e+00
   8.7709928821871053e+00   3.4335449935887050e+00   2.0000000000000000e+00
   6.9054240006737211e-01   5.9515955543643004e+00   2.0000000000000000e+00
   6.4399803618842544e+00   2.3090421373500449e+00   2.0000000000000000e+00
   3.9999535146454699e+00   7.0006734447161616e+00   2.0000000000000000e+00
   7.2820369949824526e+00   2.4752537568587285e+00   2.0000000000000000e+00
   7.6293989835334086e+00   2.7571842210845752e+00   2.0000000000000000e+00
   4.4480773383667458e+00   9.7406226590142335e+00   2.0000000000000000e+00
   2.8670150188753207e+00   6.1935161601187190e+00   2.0000000000000000e+00
   5.3644945306708340e+00   1.5599938862659180e+00   2.0000000000000000e+00
   7.8034395255461231e+00   3.1568301373527152e+00   2.0000000000000000e+00
   7.3098479644379930e+00   3.1081928233138276e+00   2.0000000000000000e+00
   6.6850213077478768e+00   4.3730411884819524e+00   2.0000000000000000e+00
   4.1320151668826064e+00   8.4983380975866467e+00   2.0000000000000000e+00
   8.1917360874099785e+00   3.8315275679950069e+00   2.0000000000000000e+00
   2.8100163763191621e+00   5.8378359212890016e+00   2.0000000000000000e+00
   3.9166339659808180e+00   7.1041436230186781e+00   2.0000000000000000e+00
   4.0945329452031789e+00   8.5455279917449154e+00   2.0000000000000000e+00
   8.1011699394247767e+00   3.6795433147828724e+00   2.0000000000000000e+00
   5.7254088272528971e+00   2.6500915219233203e+00   2.0000000000000000e+00
   1.3337121261717433e+00   5.6673357217060483e+00   2.0000000000000000e+00
   7.7271862952053869e+00   4.4826631934118941e+00   2.0000000000000000e+00
   4.4996471374331790e+00   6.8370725844046554e+00   2.0000000000000000e+00
   9.1328347493072162e+00   4.2823363755530162e+00   2.0000000000000000e+00
   2.4908008424346573e+00   6.9703450816897750e+00   2.0000000000000000e+00
   6.6666933526508743e+00   2.8853733231091629e+00   2.0000000000000000e+00
   6.5694859717544718e+00   1.4913123341066670e+00   2.0000000000000000e+00
   6.5729538900058344e+00   1.2244171872669807e+00   2.0000000000000000e+00
   7.0463342977186318e+00   4.0534377978470975e+00   2.0000000000000000e+00
   8.7417785370997887e+00   3.5855631451192926e+00   2.0000000000000000e+00
   5.6060173804502345e+00   4.7175544539905356e-01   2.0000000000000000e+00
   5.4587892220088863e-01   5.2767483019897776e+00   2.0000000000000000e+00
   4.3527028554589764e+00   7.7482158679665094e+00   2.0000000000000000e+00
   5.8152868480220494e+00   2.1278925608789945e+00   2.0000000000000000e+00
   2.9906686010539794e+00   7.3574059157862024e+00   2.0000000000000000e+00
   3.1274518872188404e+00   6.5387136839179805e+00   2.0000000000000000e+00
   8.6454639972452973e+00   3.6807596644563532e+00   2.0000000000000000e+00
   1.4161661713063212e-01   5.7025127514110228e+00   2.0000000000000000e+00
   8.8422744451385888e+00   3.7094536639892639e+00   2.0000000000000000e+00
   2.2538853517634339e+00   5.7117225379269732e+00   2.0000000000000000e+00
   4.1815396763433466e+00   8.5572068663777721e+00   2.0000000000000000e+00
   4.0694657231114952e+00   9.4849825383200539e+00   2.0000000000000000e+00
   4.5308606162919931e+00   9.6734353605323413e+00   2.0000000000000000e+00
   4.0127492749094760e+00   9.4457638639370227e+00   2.0000000000000000e+00
   2.8287415865529200e+00   6.8692353390637448e+00   2.0000000000000000e+00
   6.5151282096347316e+00   3.6699569124056843e+00   2.0000000000000000e+00
   5.8958204187935550e+00   2.7511846956504584e+00   2.0000000000000000e+00
   4.0877699946817083e+00   7.7448879665195811e+00   2.0000000000000000e+00
   3.7870456518545725e+00   6.3125213345907554e+00   2.0000000000000000e+00
   2.7622355842667199e+00   6.1723326218725489e+00   2.0000000000000000e+00
   4.0928752820162009e+00   9.3966916381216770e+00   2.0000000000000000e+00
   4.6786649060237098e+00   8.7314230311152485e+00   2.0000000000000000e+00
   7.7355115013831077e-01   5.9184048810850234e+00   2.0000000000000000e+00
   9.7935640975462430e+00   4.6999930663633300e+00   2.0000000000000000e+00
   9.6097889916735841e+00   4.6312815849484750e+00   2.0000000000000000e+00
   2.7406334218900339e+00   5.7794746147226554e+00   2.0000000000000000e+00
   1.7611140260699953e+00   5.5457905894256196e+00   2.0000000000000000e+00
   6.3322558638712980e+00   6.0269138761564700e-01   2.0000000000000000e+00
   3.4121170204548901e+00   7.0928154635165495e+00   2.0000000000000000e+00
   5.3208392766139969e+00   1.3581714066144390e-01   2.0000000000000000e+00
   2.9380723271232090e+00   7.4737266472507127e+00   2.0000000000000000e+00
   5.7842041583109367e+00   2.6025514459902821e+00   2.0000000000000000e+00
   8.2436647165824475e+00   4.4032736132266157e+00   2.0000000000000000e+00
   9.6144811230837846e+00   3.8053617535309012e+00   2.0000000000000000e+00
   6.4511296823431872e+00   3.9815589135842409e+00   2.0000000000000000e+00
   6.6641047293779963e+00   4.4656368098825716e+00   2.0000000000000000e+00
   5.6479819669659195e+00   1.0367611465396054e+00   2.0000000000000000e+00
   5.2875233899804925e+00   1.6021758249807505e+00   2.0000000000000000e+00
   6.4636060629431613e+00   4.0278876610861678e+00   2.0000000000000000e+00
   7.4393996732607928e+00   2.5799437219102850e+00   2.0000000000000000e+00
   1.8855472092770997e+00   5.8187889762591549e+00   2.0000000000000000e+00
   6.8820722620323735e+00   1.9037465051614222e+00   2.0000000000000000e+00
   5.9229696666841622e+00   4.6160715827455401e-01   2.0000000000000000e+00
   5.7344088970721563e+00   1.5233306289974191e+00   2.0000000000000000e+00
   2.5665791805552285e+00   7.1186634437544329e+00   2.0000000000000000e+00
   5.5726943110528682e+00   2.5314068188863725e+00   2.0000000000000000e+00
   5.9192079393109198e+00   3.7400556121520601e+00   2.0000000000000000e+00
   6.1431232941307412e+00   8.9611451134713471e-02   2.0000000000000000e+00
   6.0884686128099288e+00   1.7133324278095863e+00   2.0000000000000000e+00
   6.2038183802383369e+00   4.0942174305148713e+00   2.0000000000000000e+00
   3.1505565440992656e+00   7.4255146349935073e+00   2.0000000000000000e+00
   3.5966077259101370e+00   8.3583391996508443e+00   2.0000000000000000e+00
   9.3536844335141183e+00   4.7209528180327052e+00   2.0000000000000000e+00
   6.3577761867678051e+00   9.5017762135109152e-01   2.0000000000000000e+00
   3.0601646205234809e+00   7.8538341688520195e+00   2.0000000000000000e+00
   6.0798702050412068e+00   2.3187543105326958e+00   2.0000000000000000e+00
   1.3361490968957890e+00   6.4250311499451707e+00   2.0000000000000000e+00
   8.4071239378129476e+00   4.5361865917078230e+00   2.0000000000000000e+00
   6.1371392566322971e+00   3.3181043662331513e+00   2.0000000000000000e+00
   3.9733627705514096e+00   6.6675747154733100e+00   2.0000000000000000e+00
   7.7521361386717560e+00   3.6451036837967967e+00   2.0000000000000000e+00
   6.5723588522605327e+00   1.6019988227359749e+00   2.0000000000000000e+00
   6.0037115352925365e+00   2.5157642116966681e+00   2.0000000000000000e+00
   7.2514612664536298e+00   3.2740140969860687e+00   2.0000000000000000e+00
   2.3321703195655950e+00   5.8541025018481543e+00   2.0000000000000000e+00
   8.2834458387347816e+00   3.3170099237635853e+00   2.0000000000000000e+00
   3.9750847721054750e+00   9.7293538711190859e+00   2.0000000000000000e+00
   7.3339442066860308e+00   4.4539432896811713e+00   2.0000000000000000e+00
   1.6966250510382430e+00   6.7949109737797784e+00   2.0000000000000000e+00
   3.8469688131799007e+00   7.4601294186430529e+00   2.0000000000000000e+00
   6.0500625800696408e+00   2.2449399209296841e+00   2.0000000000000000e+00
   8.1047975075566008e+00   3.2362942220357649e+00   2.0000000000000000e+00
   1.0663052402905682e+00   5.6722916644339660e+00   2.0000000000000000e+00
   7.5827626902197185e+00   4.2435244966886430e+00   2.0000000000000000e+00
   9.1990387866478205e+00   4.3930721916375468e+00   2.0000000000000000e+00
   9.6742163595240260e+00   4.1165048466300327e+00   2.0000000000000000e+00
   8.7109879185120036e+00   4.6845051014357182e+00   2.0000000000000000e+00
   9.0134389642172117e+00   4.1795239532739350e+00   2.0000000000000000e+00
   5.7821330977077778e+00   2.8630109815289684e-01   2.0000000000000000e+00
   5.3025407227943431e+00   1.9819693480934475e+00   2.0000000000000000e+00
   2.9136630257407745e+00   7.6543423484234188e+00   2.0000000000000000e+00
   6.9279276071328821e+00   4.5223087397946493e+00   2.0000000000000000e+00
   6.6920343123334352e+00   3.7916383455863301e+00   2.0000000000000000e+00
   7.1460209387660170e+00   4.2700119734887760e+00   2.0000000000000000e+00
   2.5574069936048893e+00   6.8009279865304650e+00   2.0000000000000000e+00
   7.4608797365311732e+00   4.1353796042824911e+00   2.0000000000000000e+00
   5.3480512196657468e+00   2.3983106444700031e-01   2.0000000000000000e+00
   2.3108533406503851e+00   6.6536467825005321e+00   2.0000000000000000e+00
   1.8443272473715189e+00   6.8675175045684806e+00   2.0000000000000000e+00
   5.1542033760680339e-01   5.3778289568478819e+00   2.0000000000000000e+00
   3.1817832816286895e+00   6.4324293584012713e+00   2.0000000000000000e+00
   9.4065669622017776e+00   3.8520775258914841e+00   2.0000000000000000e+00
   1.3866381455915211e+00   5.4034571426875662e+00   2.0000000000000000e+00
   1.7583653645824660e+00   6.3175752154849087e+00   2.0000000000000000e+00
   3.6889063903440453e+00   7.4369063110215965e+00   2.0000000000000000e+00
   3.8990588396905435e+00   9.5677532886488379e+00   2.0000000000000000e+00
   6.9571004610669629e+00   2.4030629376817956e+00   2.0000000000000000e+00
   6.4425603908566416e+00   2.0415097435076976e+00   2.0000000000000000e+00
   1.5792148675266104e+00   6.2021973773155015e+00   2.0000000000000000e+00
   4.0533002924889372e+00   8.1236967617612148e+00   2.0000000000000000e+00
   5.9552826936453283e+00   1.1849592150762656e+00   2.0000000000000000e+00
   1.6742536048952916e+00   5.8775475779168129e+00   2.0000000000000000e+00
   5.6315553431185963e+00   2.5314269888473371e+00   2.0000000000000000e+00
   6.6857215089545203e+00   4.3274325943166261e+00   2.0000000000000000e+00
   3.1383709264182280e+00   6.6198329881034610e+00   2.0000000000000000e+00
   6.7024891231957273e+00   2.8954133047877795e+00   2.0000000000000000e+00
   5.7911481801808602e+00   1.4631449108724259e+00   2.0000000000000000e+00
   3.5487739753457479e+00   5.6896081432905810e+00   2.0000000000000000e+00
   9.1274499561082205e+00   3.7729558251914130e+00   2.0000000000000000e+00
   5.4425056338863387e+00   1.7721998106129555e+00   2.0000000000000000e+00
   5.5386194861632019e+00   2.2240128300365325e+00   2.0000000000000000e+00
   5.8025768725015627e+00   9.6944216182391574e-01   2.0000000000000000e+00
   3.3291979606799593e+00   7.8644730201996822e+00   2.0000000000000000e+00
   4.4111870264003414e+00   8.2654960480339010e+00   2.0000000000000000e+00
   2.9904587676721661e-01   5.7682379419678291e+00   2.0000000000000000e+00
   2.9954818947040396e+00   7.6406775810200367e+00   2.0000000000000000e+00
   8.2061437206064642e+00   3.2659956900238796e+00   2.0000000000000000e+00
   6.1044031441476978e+00   2.7947853316500804e+00   2.0000000000000000e+00
   9.5598161718398984e+00   4.4751233665749615e+00   2.0000000000000000e+00
   7.6601812229934403e+00   4.2961566727229039e+00   2.0000000000000000e+00
   7.2156320759473438e+00   2.6215379815245541e+00   2.0000000000000000e+00
   6.6939720844251305e+00   2.7195739498627280e+00   2.0000000000000000e+00
   4.3924360360157184e+00   9.0306078419505802e+00   2.0000000000000000e+00
   5.9182110077491306e+00   1.8411466707486435e+00   2.0000000000000000e+00
   5.8935797766984130e+00   4.3471135382365444e+00   3.0000000000000000e+00
   2.1754753314983697e+00   4.7146774916481107e+00   3.0000000000000000e+00
   5.0644097101752106e+00   5.8626528464669514e+00   3.0000000000000000e+00
   2.8553955822850288e+00   5.3388773623797334e+00   3.0000000000000000e+00
   6.9108413627741712e+00   5.2401123693789575e+00   3.0000000000000000e+00
   4.7533030211075165e+00   5.5452100194027922e+00   3.0000000000000000e+00
   4.7676853816969800e+00   7.6754950523710832e+00   3.0000000000000000e+00
   4.1260945662300097e+00   4.4025575477344692e+00   3.0000000000000000e+00
   4.4958862539596778e+00   6.4704777459934002e+00   3.0000000000000000e+00
   4.8169917751005631e+00   7.5057560166803210e+00   3.0000000000000000e+00
   4.7900119152429932e+00   2.9042759369676654e+00   3.0000000000000000e+00
   9.3674245561815308e+00   5.1883870070708138e+00   3.0000000000000000e+00
   3.1393405073234018e+00   4.5278325221510363e+00   3.0000000000000000e+00
   5.2363224619400039e+00   7.5082386015410822e+00   3.0000000000000000e+00
   5.2041835318510525e+00   6.7929519788632309e+00   3.0000000000000000e+00
   6.2426601274515754e+00   5.3037870140446230e+00   3.0000000000000000e+00
   6.2575074439865253e+00   5.7778027019189251e+00   3.0000000000000000e+00
   3.2684726272970002e+00   4.3844444968253304e+00   3.0000000000000000e+00
   4.6493710521741658e+00   2.0480334578876338e+00   3.0000000000000000e+00
   4.4113591463221979e+00   6.3585175367460414e+00   3.0000000000000000e+00
   6.7587788293396942e+00   5.4272564539345360e+00   3.0000000000000000e+00
   9.0676678786092921e+00   5.2418986077239609e+00   3.0000000000000000e+00
   4.4977244100097846e-01   4.8230033467557787e+00   3.0000000000000000e+00
   3.5135564698236124e+00   4.4147051282890200e+00   3.0000000000000000e+00
   4.7862675868091431e+00   2.4258922548138253e+00   3.0000000000000000e+00
   3.7344239042644900e+00   4.9279474692585019e+00   3.0000000000000000e+00
   6.5482711059706897e+00   4.8864684057555339e+00   3.0000000000000000e+00
   5.3520594599668581e+00   8.9873566179950650e+00   3.0000000000000000e+00
   4.6933515424988572e+00   2.6629448874577433e+00   3.0000000000000000e+00
   4.6284449982932196e+00   2.2610526434791813e+00   3.0000000000000000e+00
   4.2252382399018664e+00   3.4509178037341837e+00   3.0000000000000000e+00
   6.6509167066511594e+00   5.2337426280227657e+00   3.0000000000000000e+00
   5.9940069755468635e+00   5.4266842307585836e+00   3.0000000000000000e+00
   6.8317264234393429e+00   4.9547582970160020e+00   3.0000000000000000e+00
   9.3709728391280027e+00   4.9719004311749675e+00   3.0000000000000000e+00
   4.6773879942609611e+00   4.2785611583604632e+00   3.0000000000000000e+00
   5.6226699940569862e+00   6.0654537758074607e+00   3.0000000000000000e+00
   1.1252509312080217e+00   5.1343938064909169e+00   3.0000000000000000e+00
   5.2943162328890105e+00   8.4266345295424276e+00   3.0000000000000000e+00
   5.2267514296928219e+00   5.2449602313890500e+00   3.0000000000000000e+00
   6.8344747821836478e+00   4.7820334248795247e+00   3.0000000000000000e+00
   6.4190654323414407e+00   5.5596414278367048e+00   3.0000000000000000e+00
   5.5401930719934489e+00   3.7935515279856604e+00   3.0000000000000000e+00
   2.0061726982187134e+00   5.0528807640892337e+00   3.0000000000000000e+00
   5.5480835562576694e+00   3.3845566658221160e+00   3.0000000000000000e+00
   5.0604366396587412e+00   9.7215931412050907e+00   3.0000000000000000e+00
   2.2524798194962816e+00   4.8137084719314522e+00   3.0000000000000000e+00
   5.0916620846660088e+00   3.3022828426984487e+00   3.0000000000000000e+00
   3.5144017523405702e+00   4.2048091204656934e+00   3.0000000000000000e+00
   4.9589286945185274e+00   5.6239471606146818e+00   3.0000000000000000e+00
   5.5402489250035796e+00   3.3929669068852828e+00   3.0000000000000000e+00
   4.1980273863733872e+00   5.1766058271129198e+00   3.0000000000000000e+00
   2.5949941446605127e+00   5.0708903777940320e+00   3.0000000000000000e+00
   2.8496163963753096e-01   4.9548211781851457e+00   3.0000000000000000e+00
   5.0477135647344102e+00   1.1859811026139300e+00   3.0000000000000000e+00
   6.2115714939700082e+00   4.7454006631563903e+00   3.0000000000000000e+00
   5.4513851275296616e+00   6.4570824653429471e+00   3.0000000000000000e+00
   5.0196214489464319e+00   3.5352019010087297e+00   3.0000000000000000e+00
   2.2997047767964771e+00   4.5947199652616808e+00   3.0000000000000000e+00
   4.4292266151191004e+00   2.3313450641408018e+00   3.0000000000000000e+00
   4.5537317291285859e+00   4.7803569231753631e+00   3.0000000000000000e+00
   1.7601296084416040e+00   4.7459889745697650e+00   3.0000000000000000e+00
   4.1620348320550420e+00   3.7852491359058815e+00   3.0000000000000000e+00
   4.1741062458418821e+00   4.0092932829186578e+00   3.0000000000000000e+00
   4.8618586793291430e+00   3.3014152774011674e+00   3.0000000000000000e+00
   5.0923991314741333e+00   3.1766081364505383e+00   3.0000000000000000e+00
   8.2255153581993117e+00   4.7838618853873003e+00   3.0000000000000000e+00
   2.7661770250188855e+00   5.3649726847354131e+00   3.0000000000000000e+00
   5.5319488022370216e+00   4.2851294682265353e+00   3.0000000000000000e+00
   5.6595767453467776e+00   7.2190649828394049e+00   3.0000000000000000e+00
   4.5535383359743422e+00   3.7222406627164095e+00   3.0000000000000000e+00
   4.2802863426862174e+00   3.0945283994345951e+00   3.0000000000000000e+00
   4.1153029936024010e+00   5.5465622526081724e+00   3.0000000000000000e+00
   4.9691267342991079e+00   8.4785191033369234e-01   3.0000000000000000e+00
   3.7253206340762457e+00   3.9516640007921309e+00   3.0000000000000000e+00
   5.4778127392680940e+00   6.0409486325747164e+00   3.0000000000000000e+00
   8.5279301430873584e+00   5.2825632604855999e+00   3.0000000000000000e+00
   1.0257618155843551e+00   5.1164580445525019e+00   3.0000000000000000e+00
   5.4076332253520896e+00   7.0165969636373759e+00   3.0000000000000000e+00
   3.4478921005207344e+00   4.3423966459859642e+00   3.0000000000000000e+00
   5.0055210950540694e+00   4.0439204385954266e+00   3.0000000000000000e+00
   6.0901203070478491e+00   5.5411978571016229e+00   3.0000000000000000e+00
   4.5212082139474301e+00   2.8220919976751979e+00   3.0000000000000000e+00
   7.0252895062258087e+00   4.9937046952716422e+00   3.0000000000000000e+00
   3.8719155258758100e+00   4.0208250413214541e+00   3.0000000000000000e+00
   3.1161471735143067e+00   5.1941791992929449e+00   3.0000000000000000e+00
   8.1486184358212093e+00   4.9237403763809242e+00   3.0000000000000000e+00
   6.3050935873149774e+00   4.8754069604480783e+00   3.0000000000000000e+00
   8.1369685739134656e+00   5.3142267541641690e+00   3.0000000000000000e+00
   5.6543897343430958e+00   4.6179480194070024e+00   3.0000000000000000e+00
   6.9428117328746612e+00   5.2566849610945923e+00   3.0000000000000000e+00
   5.3503400250948641e+00   6.6884198270396320e+00   3.0000000000000000e+00
   4.4884235196097713e+00   4.7728550677031443e+00   3.0000000000000000e+00
   1.8977468117367724e+00   5.2819358325199905e+00   3.0000000000000000e+00
   4.9907601847695249e+00   9.3025466014804756e+00   3.0000000000000000e+00
   4.6144172370827068e+00   1.3471473078453045e+00   3.0000000000000000e+00
   4.9377691061575879e+00   8.5738122802224765e+00   3.0000000000000000e+00
   5.3344149550715159e+00   5.4163811531740444e+00   3.0000000000000000e+00
   2.9550224649412957e+00   5.2306451931324096e+00   3.0000000000000000e+00
   6.4626690772044117e+00   5.2319521894243390e+00   3.0000000000000000e+00
   4.9417589218035909e+00   8.3991737749178306e+00   3.0000000000000000e+00
   4.6131654230150652e+00   2.9810867481052314e+00   3.0000000000000000e+00
   7.2104545135459830e-01   5.0158894093533490e+00   3.0000000000000000e+00
   4.1515325240060825e+00   4.0908914790552577e+00   3.0000000000000000e+00
   1.5630145343335844e-01   4.9766410843522300e+00   3.0000000000000000e+00
   5.2520491313683841e+00   2.5750301980756909e+00   3.0000000000000000e+00
   5.4675428150465857e+00   5.6724100503081223e+00   3.0000000000000000e+00
   5.8525360383360203e-02   5.0930947752073008e+00   3.0000000000000000e+00
   5.2573275948875695e+00   7.3809041419491095e+00   3.0000000000000000e+00
   7.5388491006288207e+00   5.4860322437092925e+00   3.0000000000000000e+00
   8.9187303580016319e+00   4.8648818388967001e+00   3.0000000000000000e+00
   4.8506616367001794e+00   7.4215089054969861e+00   3.0000000000000000e+00
   3.3464826735723232e+00   5.0810773346882208e+00   3.0000000000000000e+00
   5.6718329277932931e+00   5.4825941214001297e+00   3.0000000000000000e+00
   4.9364243012708453e+00   9.0130421694859457e+00   3.0000000000000000e+00
   6.2026728514417062e+00   5.2903528969884439e+00   3.0000000000000000e+00
   4.5481027899628135e+00   2.4813414088223573e+00   3.0000000000000000e+00
   1.4321202229940777e+00   4.8760044267329352e+00   3.0000000000000000e+00
   5.5569270371900457e+00   7.3141102730401775e+00   3.0000000000000000e+00
   5.1839277609147363e+00   5.5345544939162226e+00   3.0000000000000000e+00
   7.5977203253289014e+00   5.1006081471074012e+00   3.0000000000000000e+00
   4.6036497349194514e+00   1.2648071868199229e+00   3.0000000000000000e+00
   4.9090764455083704e+00   7.3372619824192107e+00   3.0000000000000000e+00
   5.2293625453474046e+00   6.5252905892754063e+00   3.0000000000000000e+00
   2.6565087202332882e+00   5.1704605556846630e+00   3.0000000000000000e+00
   4.2646479196094393e+00   4.0999418778105943e+00   3.0000000000000000e+00
   5.1593615779256643e+00   3.5359968627543470e+00   3.0000000000000000e+00
   5.5002951858145455e+00   4.2296885666172681e+00   3.0000000000000000e+00
   4.4543038569341835e+00   2.3940153805684572e+00   3.0000000000000000e+00
   8.6333956743264562e+00   5.1001277504691007e+00   3.0000000000000000e+00
   6.7483839250387643e+00   5.0094149199442271e+00   3.0000000000000000e+00
   4.8714808688298241e+00   4.9417523411881215e-01   3.0000000000000000e+00
   4.5856974557224657e+00   3.3749920719531223e+00   3.0000000000000000e+00
   4.6167991291205555e+00   5.3317789415099544e+00   3.0000000000000000e+00
   3.2756777659240335e+00   4.3601501423173259e+00   3.0000000000000000e+00
   9.4599633300803010e-01   4.6783162979521915e+00   3.0000000000000000e+00
   4.8852297588054654e+00   1.9525736821069450e+00   3.0000000000000000e+00
   3.5717769643665989e+00   4.2394300995334309e+00   3.0000000000000000e+00
   5.5608414861674671e+00   4.0236916545742272e+00   3.0000000000000000e+00
   3.9418859028864284e+00   4.1473640344564586e+00   3.0000000000000000e+00
   5.1672021357115918e+00   6.2309194949140680e+00   3.0000000000000000e+00
   5.2172521192747654e+00   4.5997537147412340e+00   3.0000000000000000e+00
   5.8859055457712595e+00   4.9845956668489135e+00   3.0000000000000000e+00
   4.8860073191028084e+00   2.8701440526092101e+00   3.0000000000000000e+00
   3.9594403924312860e+00   3.9772521387519610e+00   3.0000000000000000e+00
   3.6354866940719486e+00   4.1446261206641912e+00   3.0000000000000000e+00
   4.9826331974342084e+00   3.0771099283152448e+00   3.0000000000000000e+00
   2.0265682969109755e+00   5.0724684630073735e+00   3.0000000000000000e+00
   4.7108317276467080e+00   5.3326908363584575e+00   3.0000000000000000e+00
   6.0049822547415097e+00   4.4432784883329024e+00   3.0000000000000000e+00
   4.7995685515881901e+00   7.7969970047070492e+00   3.0000000000000000e+00
   5.2500410686720596e+00   8.1325311827228202e+00   3.0000000000000000e+00
   4.7754258657397184e+00   3.3866387221220950e+00   3.0000000000000000e+00
   7.0856529022146306e+00   5.1942905763334499e+00   3.0000000000000000e+00
   4.4342767749201428e+00   3.8802847070823310e+00   3.0000000000000000e+00
   5.0837153264022605e+00   5.8066194372627056e-01   3.0000000000000000e+00
   6.0989337966638448e+00   4.3374480772567026e+00   3.0000000000000000e+00
   2.2114705180688365e+00   5.1733818139397467e+00   3.0000000000000000e+00
   4.8282175981569955e+00   2.5402122893246473e+00   3.0000000000000000e+00
   4.3012300073828369e+00   4.3034452167765913e+00   3.0000000000000000e+00
   4.9241720749987614e+00   7.4244974233523608e+00   3.0000000000000000e+00
   5.6799931244906885e+00   4.2246930677355889e+00   3.0000000000000000e+00
   4.7583956489366077e+00   7.2507383636230109e+00   3.0000000000000000e+00
   7.8527578614782705e+00   4.7148896864766785e+00   3.0000000000000000e+00
   4.4974394995938791e+00   3.3377798250534507e+00   3.0000000000000000e+00
   5.9175085633612312e+00   4.1723908885132399e+00   3.0000000000000000e+00
   5.2536725497434063e+00   7.2169603701568263e+00   3.0000000000000000e+00
   5.2383927190375079e+00   5.0933227804348480e+00   3.0000000000000000e+00
   3.5986363516375173e+00   4.2712376245893093e+00   3.0000000000000000e+00
   4.4977266911141314e+00   5.4218061175365895e+00   3.0000000000000000e+00
   4.7597049917736456e+00   4.9985691900059970e-01   3.0000000000000000e+00
   4.9674892558954644e+00   1.9218946052577446e+00   3.0000000000000000e+00
   4.6976013629073279e+00   6.7840103486964551e+00   3.0000000000000000e+00
   3.6186966474910278e+00   4.3555616372514621e+00   3.0000000000000000e+00
   8.9079836763642266e+00   5.2887018217987789e+00   3.0000000000000000e+00
   3.6422541091109197e+00   4.7907153645475420e+00   3.0000000000000000e+00
   5.3393448453042991e+00   2.5586687084634741e+00   3.0000000000000000e+00
   4.8259401651654388e+00   8.7423190527909256e+00   3.0000000000000000e+00
   7.4613528107052556e+00   4.6837464220637113e+00   3.0000000000000000e+00
   5.2094989281580801e+00   9.2087477236205135e+00   3.0000000000000000e+00
   6.2374594560083594e+00   4.5338883578394862e+00   3.0000000000000000e+00
   2.9204233311045238e+00   4.5658570203724382e+00   3.0000000000000000e+00
   8.0745520735486291e+00   5.3695885320656753e+00   3.0000000000000000e+00
   5.2135967071723011e+00   6.4255058015547561e+00   3.0000000000000000e+00
   5.1660765181372748e+00   2.9316267088000147e+00   3.0000000000000000e+00
   5.7868420861752128e+00   6.6462937115142120e+00   3.0000000000000000e+00
   6.8162855273311331e+00   6.3691492907156615e+00   4.0000000000000000e+00
   6.3216007169277191e+00   7.8010176549370858e+00   4.0000000000000000e+00
   9.0657339584719647e+00   5.6322931575827191e+00   4.0000000000000000e+00
   7.7380580816640454e-01   3.6992762527579535e+00   4.0000000000000000e+00
   4.2626987916210695e+00   6.4939781709331235e-01   4.0000000000000000e+00
   6.0784445452562679e+00   9.1377444471355869e+00   4.0000000000000000e+00
   2.1715716387505446e+00   3.9029505470737424e+00   4.0000000000000000e+00
   6.7473420868641645e+00   6.3838673012960427e+00   4.0000000000000000e+00
   3.6756453269259826e+00   1.2039160536324189e+00   4.0000000000000000e+00
   7.6499353614586063e+00   5.7834512500455171e+00   4.0000000000000000e+00
   3.3601725039122554e+00   4.0136310238709907e+00   4.0000000000000000e+00
   4.1911574179376565e+00   1.0871574700489350e+00   4.0000000000000000e+00
   5.9532419693094845e+00   8.3498753714065508e+00   4.0000000000000000e+00
   3.3844241504059047e+00   2.1545393680576188e+00   4.0000000000000000e+00
   5.9720573794513134e+00   7.8022526694223924e+00   4.0000000000000000e+00
   8.4762926957428864e+00   6.1277456950663893e+00   4.0000000000000000e+00
   2.5294365241228967e+00   3.4359725548671194e+00   4.0000000000000000e+00
   3.6946148169077153e+00   1.4218057609512413e+00   4.0000000000000000e+00
   7.3903619640903226e+00   7.1713087605915522e+00   4.0000000000000000e+00
   6.2568889377084904e+00   9.5652175666164894e+00   4.0000000000000000e+00
   8.8763316958236924e+00   6.1993613441316295e+00   4.0000000000000000e+00
   7.6239499885720718e+00   6.7720839689421357e+00   4.0000000000000000e+00
   7.0752505811858803e+00   6.0393072153459997e+00   4.0000000000000000e+00
   5.8596313869287942e+00   7.5902552531878396e+00   4.0000000000000000e+00
   2.2668864860177198e+00   3.8140424281604224e+00   4.0000000000000000e+00
   2.2246103177442333e+00   3.7646195998013585e+00   4.0000000000000000e+00
   2.7676315174434918e-01   3.9583313434115563e+00   4.0000000000000000e+00
   7.4275879684535395e+00   6.9739113486727566e+00   4.0000000000000000e+00
   9.1170294815936845e+00   6.4137689311333714e+00   4.0000000000000000e+00
   2.8554079288997936e+00   3.8719687496699926e+00   4.0000000000000000e+00
   9.1792171706188856e+00   6.1728760303122021e+00   4.0000000000000000e+00
   3.9478685741872188e+00   1.4656640152584088e+00   4.0000000000000000e+00
   1.8543194214971603e+00   3.9294135800605758e+00   4.0000000000000000e+00
   6.8836836357519360e+00   6.1701653544361514e+00   4.0000000000000000e+00
   9.8347167244263414e+00   5.8611997543824579e+00   4.0000000000000000e+00
   6.7216562394690129e+00   7.2732250752557848e+00   4.0000000000000000e+00
   7.2097898760792853e+00   6.0392317096977619e+00   4.0000000000000000e+00
   9.3351982933015751e+00   5.5309328102059352e+00   4.0000000000000000e+00
   8.1328908711119485e+00   6.8386058146191440e+00   4.0000000000000000e+00
   6.5679061614033234e+00   8.1538719196641409e+00   4.0000000000000000e+00
   4.1233636764812864e+00   3.1585204251340624e+00   4.0000000000000000e+00
   4.1973320315607401e+00   1.1210950512686713e+00   4.0000000000000000e+00
   1.2466884552084712e+00   4.5575170117027746e+00   4.0000000000000000e+00
   9.3362723626739399e+00   6.0898029941357148e+00   4.0000000000000000e+00
   5.9051500928188458e+00   7.3718654857547978e+00   4.0000000000000000e+00
   2.9834129958754483e+00   3.6448052858227364e+00   4.0000000000000000e+00
   6.3915065159946671e+00   7.3727027613609577e+00   4.0000000000000000e+00
   9.6163024981451422e+00   5.3724871520645543e+00   4.0000000000000000e+00
   4.0054866354860543e+00   1.0681081324089126e+00   4.0000000000000000e+00
   2.2462184823981266e+00   3.7217760495383057e+00   4.0000000000000000e+00
   9.4317970087208032e+00   6.0043677478485211e+00   4.0000000000000000e+00
   2.0279492893041273e+00   4.0291718928930678e+00   4.0000000000000000e+00
   4.2610192989770521e+00   1.3043708077317917e+00   4.0000000000000000e+00
   7.6726604269829632e+00   6.3109611172719120e+00   4.0000000000000000e+00
   5.5027877008686898e+00   8.6677449613157371e+00   4.0000000000000000e+00
   1.1017887773250634e-01   4.2488121108860488e+00   4.0000000000000000e+00
   6.9084074166024134e+00   5.8971276368589178e+00   4.0000000000000000e+00
   8.6074720229571113e+00   5.4662096186225710e+00   4.0000000000000000e+00
   1.5478196279006928e-01   4.6206112603256546e+00   4.0000000000000000e+00
   9.8336997492586287e-02   4.4251878259430280e+00   4.0000000000000000e+00
   4.3340079458013605e+00   1.1119525488127668e-01   4.0000000000000000e+00
   7.2895303317043396e+00   5.9665566778153432e+00   4.0000000000000000e+00
   6.9136272981073708e+00   6.3162072672739722e+00   4.0000000000000000e+00
   1.5354919898709884e+00   3.6423283480409729e+00   4.0000000000000000e+00
   3.0632294741851362e-02   4.1532399962719770e+00   4.0000000000000000e+00
   2.2689334129862662e+00   3.0200815552715810e+00   4.0000000000000000e+00
   8.2350459056592715e+00   6.7339804603865314e+00   4.0000000000000000e+00
   6.2483157829623268e+00   8.3819488723039797e+00   4.0000000000000000e+00
   4.4282364436391566e+00   1.4195464735136121e+00   4.0000000000000000e+00
   2.9539533275123722e+00   2.3097069964445693e+00   4.0000000000000000e+00
   6.0929436677042395e+00   9.6333145852299431e+00   4.0000000000000000e+00
   7.3279242820656592e+00   7.3569374009550739e+00   4.0000000000000000e+00
   5.9531585770802682e+00   6.9815591491383167e+00   4.0000000000000000e+00
   6.5972455501248231e+00   8.4122497328439962e+00   4.0000000000000000e+00
   4.1425257472774790e+00   2.7664719163089222e+00   4.0000000000000000e+00
   3.0092514280955465e+00   2.5604028549580740e+00   4.0000000000000000e+00
   6.2836165555894681e+00   7.9851445133741521e+00   4.0000000000000000e+00
   7.6711374827150722e+00   5.8402664392910033e+00   4.0000000000000000e+00
   3.1212859514449418e+00   1.8321649783757421e+00   4.0000000000000000e+00
   6.2389121367784628e-01   3.6774594493695059e+00   4.0000000000000000e+00
   8.3106792701951306e+00   5.8574578098811045e+00   4.0000000000000000e+00
   1.5287686463846595e+00   3.6187601758429011e+00   4.0000000000000000e+00
   1.8841533662878829e+00   4.3057558348748328e+00   4.0000000000000000e+00
   2.4078477598298189e+00   4.1536676480231760e+00   4.0000000000000000e+00
   2.5278932855871297e+00   3.8320080987025698e+00   4.0000000000000000e+00
   3.1184352950034744e-01   4.2016381496779296e+00   4.0000000000000000e+00
   5.5028547126980225e+00   7.9736411951635331e+00   4.0000000000000000e+00
   6.0502409466185236e-01   4.1931881902834869e+00   4.0000000000000000e+00
   5.6948219134288101e+00   9.8067187259030000e+00   4.0000000000000000e+00
   4.2511360166044030e+00   2.5121034246321505e-01   4.0000000000000000e+00
   4.4243746233225920e+00   2.3144240326425845e+00   4.0000000000000000e+00
   7.2619908311157975e+00   7.1794270324599303e+00   4.0000000000000000e+00
   6.5250720896101946e+00   6.0388824232772267e+00   4.0000000000000000e+00
   2.6408993135008729e+00   3.3313576831667202e+00   4.0000000000000000e+00
   8.4286046623639148e+00   6.1038032319761824e+00   4.0000000000000000e+00
   6.2998440530477753e+00   6.2699560557967509e+00   4.0000000000000000e+00
   4.0082066280428874e-01   3.7219413883690402e+00   4.0000000000000000e+00
   1.7302800840831989e+00   4.5408266402697484e+00   4.0000000000000000e+00
   2.1057518638680737e+00   4.3298056727838290e+00   4.0000000000000000e+00
   2.3159015958994900e+00   2.8441419312686911e+00   4.0000000000000000e+00
   7.7690524288005500e+00   6.6030326601998679e+00   4.0000000000000000e+00
   5.8998095221028581e+00   9.9851907753201967e+00   4.0000000000000000e+00
   8.2719115133767378e+00   6.5872597017636538e+00   4.0000000000000000e+00
   9.2124103977352636e+00   5.4235604919725597e+00   4.0000000000000000e+00
   7.1960484528427600e+00   6.0345735015018978e+00   4.0000000000000000e+00
   8.7240292815047638e-01   3.7813221491730999e+00   4.0000000000000000e+00
   3.5118517290977813e+00   3.7099877366895884e+00   4.0000000000000000e+00
   1.7606490059199609e+00   3.3700426644670758e+00   4.0000000000000000e+00
   4.5526337866988245e+00   6.4282986794582997e-01   4.0000000000000000e+00
   6.2470424238997344e+00   6.3176221490429851e+00   4.0000000000000000e+00
   2.9832116532979702e+00   3.7775766772501984e+00   4.0000000000000000e+00
   5.6964414679325692e+00   7.5869440936043819e+00   4.0000000000000000e+00
   7.1680507694176239e+00   7.0679265498223023e+00   4.0000000000000000e+00
   8.1024082570398797e+00   6.0654214145514569e+00   4.0000000000000000e+00
   4.3922849029542927e+00   9.3026297044609518e-01   4.0000000000000000e+00
   3.8231808780176459e+00   5.2668997900800374e-01   4.0000000000000000e+00
   1.2944357467708745e+00   3.7393537810215038e+00   4.0000000000000000e+00
   5.8603386405794042e+00   7.2248235459501178e+00   4.0000000000000000e+00
   6.3811282174627770e+00   6.1444506649522834e+00   4.0000000000000000e+00
   8.0846838607161349e+00   6.6811207053289126e+00   4.0000000000000000e+00
   3.7875323316972063e+00   1.6499380479372572e+00   4.0000000000000000e+00
   2.0887450245491657e-01   4.5869573901774636e+00   4.0000000000000000e+00
   4.4947977985323009e+00   1.0606180830005396e+00   4.0000000000000000e+00
   9.9876849554152365e+00   5.9482142144897150e+00   4.0000000000000000e+00
   4.0516787643089582e+00   4.0841595639813155e-01   4.0000000000000000e+00
   3.2245284471078128e+00   3.0257387953386896e+00   4.0000000000000000e+00
   5.7836002681390886e-01   4.3984752048261031e+00   4.0000000000000000e+00
   2.4989540323071080e+00   4.0450761652462539e+00   4.0000000000000000e+00
   3.3513828392647604e+00   3.2407651261753081e+00   4.0000000000000000e+00
   2.4425738514667450e-01   4.4050005501363021e+00   4.0000000000000000e+00
   4.2637474176212145e+00   2.4705912618589343e-01   4.0000000000000000e+00
   2.8938351252402161e+00   4.1488544372828953e+00   4.0000000000000000e+00
   3.8755641989598222e+00   1.3910822030305381e+00   4.0000000000000000e+00
   2.2396464940895058e+00   4.3401048396336090e+00   4.0000000000000000e+00
   1.6384514362479707e+00   3.4832803501889908e+00   4.0000000000000000e+00
   3.7327817955853480e+00   1.2218188720037015e+00   4.0000000000000000e+00
   6.9544392342120034e+00   6.2904589790230965e+00   4.0000000000000000e+00
   9.6106279964427834e+00   5.9383970685322858e+00   4.0000000000000000e+00
   2.9963985315674471e+00   3.1998712445282274e+00   4.0000000000000000e+00
   7.7215503656842177e+00   5.8987806464875892e+00   4.0000000000000000e+00
   7.7421273628492537e+00   6.6193175919026137e+00   4.0000000000000000e+00
   3.8243611419748325e+00   2.2259284586934660e+00   4.0000000000000000e+00
   7.0828379006832476e+00   5.8043029309927396e+00   4.0000000000000000e+00
   5.6030843050289452e+00   7.6113286258845303e+00   4.0000000000000000e+00
   9.6328220695370366e+00   5.4079776881788097e+00   4.0000000000000000e+00
   8.4833198289483325e-01   4.4104484276490652e+00   4.0000000000000000e+00
   1.8666575883952974e+00   4.3579538544127141e+00   4.0000000000000000e+00
   4.0876031395037105e+00   6.3270286094253225e-01   4.0000000000000000e+00
   7.8598043755073244e+00   6.5305277551573058e+00   4.0000000000000000e+00
   9.6903674972605494e+00   6.1140249494816885e+00   4.0000000000000000e+00
   5.9679151022761934e+00   8.4507935989202956e+00   4.0000000000000000e+00
   7.5864123627057918e+00   5.9848931150268871e+00   4.0000000000000000e+00
   9.2394019806278678e+00   6.0605387732883456e+00   4.0000000000000000e+00
   6.0783477270524910e+00   8.0798669028457724e+00   4.0000000000000000e+00
   8.4080353136500605e+00   6.4721662982047921e+00   4.0000000000000000e+00
   6.3181331469311282e+00   6.9868659660891206e+00   4.0000000000000000e+00
   9.6014140678192259e+00   5.5546260398748162e+00   4.0000000000000000e+00
   3.1469059929028456e+00   2.0968446745669578e+00   4.0000000000000000e+00
   7.1474703528134800e+00   6.5025032061780541e+00   4.0000000000000000e+00
   4.0331967805369953e+00   6.7665770277013371e-02   4.0000000000000000e+00
   1.9202787001896959e+00   4.3743639873542506e+00   4.0000000000000000e+00
   4.4526074992500275e+00   6.1556509400914505e-01   4.0000000000000000e+00
   5.6273401199023372e+00   9.9200033113257611e+00   4.0000000000000000e+00
   3.7525291765792614e+00   2.1081069961709420e+00   4.0000000000000000e+00
   5.6803194674456625e+00   8.2123327959741381e+00   4.0000000000000000e+00
   3.8711442133302687e+00   3.2601949659878837e+00   4.0000000000000000e+00
   2.0737219748584126e+00   3.3731069063637333e+00   4.0000000000000000e+00
   8.5741561076338684e+00   6.4469543878539115e+00   4.0000000000000000e+00
   8.7746031275215390e+00   7.5028399136963202e+00   5.0000000000000000e+00
   6.8872211843405209e+00   9.5076862081926290e+00   5.0000000000000000e+00
   7.1075397577469790e+00   8.1007007522648475e+00   5.0000000000000000e+00
   7.5411144934256598e+00   8.7649220544803352e+00   5.0000000000000000e+00
   1.1402061049909706e-01   3.5694807573072138e+00   5.0000000000000000e+00
   9.9383959398656891e+00   6.8266307035129863e+00   5.0000000000000000e+00
   5.0036469958596119e-01   1.7957107028212083e+00   5.0000000000000000e+00
   1.2823039745123554e-01   3.5874336964429245e+00   5.0000000000000000e+00
   1.7055404682813224e+00   2.4857015457580789e-01   5.0000000000000000e+00
   7.9361113807493835e+00   8.4877814278795167e+00   5.0000000000000000e+00
   7.7373043627680493e+00   9.2336174398173245e+00   5.0000000000000000e+00
   1.1165355150566159e+00   3.4430129977173496e+00   5.0000000000000000e+00
   7.4514565168245781e+00   7.6061751627390191e+00   5.0000000000000000e+00
   9.6238566010578879e+00   8.6467042530610279e+00   5.0000000000000000e+00
   6.9640755258573828e-01   3.4945897148372262e+00   5.0000000000000000e+00
   2.2656960169218099e+00   9.2002999502013516e-01   5.0000000000000000e+00
   1.2252534421513572e+00   2.5442704800716687e+00   5.0000000000000000e+00
   8.0221186077831970e+00   7.3154921453022927e+00   5.0000000000000000e+00
   9.1772978848673361e+00   8.6077248495052725e+00   5.0000000000000000e+00
   8.1034209223186213e+00   7.9028075167943248e+00   5.0000000000000000e+00
   9.8573492306757764e+00   6.9098228540412094e+00   5.0000000000000000e+00
   9.7361617104504417e-02   4.5548267586628222e-01   5.0000000000000000e+00
   7.9185855768753144e-01   5.7832338178804843e-01   5.0000000000000000e+00
   6.7642797585558134e-01   3.4743362315182633e+00   5.0000000000000000e+00
   1.3622245717358894e+00   1.6669679241985447e+00   5.0000000000000000e+00
   2.7995796168058296e+00   7.3526729832592563e-01   5.0000000000000000e+00
   7.0804380941950260e+00   9.9095390948498316e+00   5.0000000000000000e+00
   2.6444731853174752e-01   1.3788770544480977e+00   5.0000000000000000e+00
   1.5578533278715945e-01   3.3278284971568572e+00   5.0000000000000000e+00
   7.5724882147621422e+00   8.2455753153551843e+00   5.0000000000000000e+00
   6.4724598225137200e+00   9.3438734201178075e+00   5.0000000000000000e+00
   1.1719587305109080e+00   3.3725087808486878e+00   5.0000000000000000e+00
   7.1075161211463129e+00   8.8847956992106205e+00   5.0000000000000000e+00
   9.0234235528853510e+00   6.6676322215864623e+00   5.0000000000000000e+00
   1.6870829099838414e+00   2.2030912019970152e+00   5.0000000000000000e+00
   3.3586218096823028e+00   6.2017393538748911e-01   5.0000000000000000e+00
   1.9884261991822050e+00   2.0368631961119932e+00   5.0000000000000000e+00
   2.2186955561595854e+00   2.5909415038580219e+00   5.0000000000000000e+00
   2.8976387540698898e+00   3.4476001323691552e-01   5.0000000000000000e+00
   8.5713106060623705e+00   7.1476609705267951e+00   5.0000000000000000e+00
   2.7773741662600493e-01   2.1337542311670923e+00   5.0000000000000000e+00
   1.6444692138702588e+00   1.6246726693127655e-01   5.0000000000000000e+00
   9.5161038307910477e+00   8.2217194057336496e+00   5.0000000000000000e+00
   9.1602464199026361e+00   8.8828607970573437e+00   5.0000000000000000e+00
   9.7776975182976091e+00   8.9812799929792284e+00   5.0000000000000000e+00
   8.7827968338671125e-01   2.8843361621788342e+00   5.0000000000000000e+00
   3.2864948156865594e+00   1.4542062026873781e+00   5.0000000000000000e+00
   7.8181150840855640e+00   7.9471169869327820e+00   5.0000000000000000e+00
   9.5354089815568326e+00   8.5057788127078418e+00   5.0000000000000000e+00
   9.3817090285970171e+00   9.0364651687692561e+00   5.0000000000000000e+00
   6.6520385879498498e+00   8.6264479571760173e+00   5.0000000000000000e+00
   9.8541208818945218e+00   9.8797585565349930e+00   5.0000000000000000e+00
   2.3233089065210057e+00   6.1370487261793727e-02   5.0000000000000000e+00
   1.4936074887904494e-01   1.1614662334175863e+00   5.0000000000000000e+00
   1.0155064820819193e+00   1.9263787337447458e+00   5.0000000000000000e+00
   4.5309791730397508e-01   3.2371404630279099e+00   5.0000000000000000e+00
   5.0387151086182969e-01   1.5636386121511092e+00   5.0000000000000000e+00
   7.6445800532511878e+00   9.8295362507570054e+00   5.0000000000000000e+00
   8.2145028235228459e+00   7.1850157001276473e+00   5.0000000000000000e+00
   1.7940190111988208e+00   2.4879909162524361e+00   5.0000000000000000e+00
   7.3368609654429076e+00   9.1255376697805985e+00   5.0000000000000000e+00
   3.9442375159268850e-01   8.0752919513593424e-01   5.0000000000000000e+00
   8.8249775183640118e+00   9.5576810567224690e+00   5.0000000000000000e+00
   6.8575307210015364e+00   9.8867208452754500e+00   5.0000000000000000e+00
   2.8951984033622158e+00   2.0691630669816963e+00   5.0000000000000000e+00
   3.9904413998001154e-01   1.6930401597422939e+00   5.0000000000000000e+00
   1.6362188115842879e+00   8.4300982871427399e-01   5.0000000000000000e+00
   2.8697169559699756e+00   1.8855590324646843e+00   5.0000000000000000e+00
   8.0535851332740691e+00   9.3377082094214376e+00   5.0000000000000000e+00
   3.3398815583071908e+00   1.6722705767317825e-01   5.0000000000000000e+00
   1.1504599440781171e+00   3.4030292405073839e+00   5.0000000000000000e+00
   9.5974121520498841e+00   7.2359922206453096e+00   5.0000000000000000e+00
   2.1710896148254735e+00   1.4100477435187786e+00   5.0000000000000000e+00
   8.6990002254937693e-01   1.4266022056268823e+00   5.0000000000000000e+00
   7.6515175895127054e+00   7.5297980407528318e+00   5.0000000000000000e+00
   2.4279640443087978e+00   2.3133931661883711e+00   5.0000000000000000e+00
   6.7805980343596381e+00   9.3593391387594949e+00   5.0000000000000000e+00
   8.7498224883663251e+00   9.3234622554890976e+00   5.0000000000000000e+00
   8.9015299753279535e+00   9.0694936172840901e+00   5.0000000000000000e+00
   2.2999581780461478e+00   8.7005779977761266e-02   5.0000000000000000e+00
   9.2838460574202131e+00   7.4469920518477730e+00   5.0000000000000000e+00
   2.2729491784571798e+00   1.4345454277930392e+00   5.0000000000000000e+00
   9.0558523809663765e+00   6.9306116526865216e+00   5.0000000000000000e+00
   8.3013379905476761e+00   9.0589524578730245e+00   5.0000000000000000e+00
   1.8051579715628685e+00   1.1060105682155064e+00   5.0000000000000000e+00
   9.4337598463444614e+00   7.4918622668721095e+00   5.0000000000000000e+00
   8.1434815130611362e+00   8.5595695479684455e+00   5.0000000000000000e+00
   1.8840399726017898e+00   6.2373894705897714e-01   5.0000000000000000e+00
   8.6710765010363922e+00   8.3141185554749448e+00   5.0000000000000000e+00
   8.3746893627509458e+00   7.3816419376788422e+00   5.0000000000000000e+00
   8.9797323620677219e+00   9.6688786280560208e+00   5.0000000000000000e+00
   3.7677648204438641e-01   2.1519046773440897e+00   5.0000000000000000e+00
   9.8446003098322947e+00   7.0080852507977305e+00   5.0000000000000000e+00
   8.0676611806180745e+00   9.0419944134196530e+00   5.0000000000000000e+00
   7.9738364494582488e+00   7.5589742569573781e+00   5.0000000000000000e+00
   8.8650149037964230e+00   7.3930780585240026e+00   5.0000000000000000e+00
   8.1396758508876328e+00   8.2137888375573880e+00   5.0000000000000000e+00
   8.2404400977470278e+00   9.5660539783182532e+00   5.0000000000000000e+00
   1.7066273278295074e+00   5.7940238900820451e-01   5.0000000000000000e+00
   2.6598311180059495e+00   6.0412904869744599e-01   5.0000000000000000e+00
   1.2103138239519884e+00   2.5697627432248940e+00   5.0000000000000000e+00
   1.7768929416204837e+00   3.0883255878847296e+00   5.0000000000000000e+00
   8.7577830968338084e+00   7.0556657602814967e+00   5.0000000000000000e+00
   8.4356854987666541e+00   7.7069369210091594e+00   5.0000000000000000e+00
   8.6087614864293140e+00   8.5262009469857798e+00   5.0000000000000000e+00
   8.6469353285749513e+00   9.3087877809084567e+00   5.0000000000000000e+00
   9.7935503066476155e+00   7.3137370761549487e+00   5.0000000000000000e+00
   2.8754341211431078e+00   2.9432456056779799e-01   5.0000000000000000e+00
   1.1493560899322719e+00   2.2064989539894775e-01   5.0000000000000000e+00
   1.2325786981788001e+00   5.9131962491936529e-01   5.0000000000000000e+00
   2.4723312748774608e+00   2.5433694247589447e+00   5.0000000000000000e+00
   5.0183616657274444e-01   1.6218019258500960e+00   5.0000000000000000e+00
   9.7560900400458266e+00   7.6587222430490831e+00   5.0000000000000000e+00
   9.9852829457828189e+00   9.4652889599658501e+00   5.0000000000000000e+00
   5.2157764603917522e-01   2.4736249426056145e+00   5.0000000000000000e+00
   7.7313552138395760e+00   7.2991919816053041e+00   5.0000000000000000e+00
   7.2305082393901197e+00   9.0015230636468999e+00   5.0000000000000000e+00
   1.6076285947829294e+00   1.6559061205780701e+00   5.0000000000000000e+00
   1.3130023147768044e+00   7.5430001616406894e-01   5.0000000000000000e+00
   2.0531368056796797e+00   7.0550148929481860e-01   5.0000000000000000e+00
   6.6196720354660759e+00   9.0575775364258284e+00   5.0000000000000000e+00
   1.0250285474128806e+00   2.8266024287096823e+00   5.0000000000000000e+00
   9.8810164062295982e+00   6.5463614748771262e+00   5.0000000000000000e+00
   9.4757234809101405e+00   9.9249865484740756e+00   5.0000000000000000e+00
   2.4330799840419957e+00   2.4122827042494244e-02   5.0000000000000000e+00
   1.6445376901403597e+00   1.4744918047952316e+00   5.0000000000000000e+00
   1.5089513756134709e+00   2.0900732033855607e+00   5.0000000000000000e+00
   9.4242150610767261e+00   6.4399727516972769e+00   5.0000000000000000e+00
   7.8009061036746372e+00   9.6846959574869089e+00   5.0000000000000000e+00
   1.8145720623849193e+00   2.9443608508827723e+00   5.0000000000000000e+00
   1.6780583809649086e+00   1.8133249944707674e+00   5.0000000000000000e+00
   9.2169669227219622e+00   8.6908668168029060e+00   5.0000000000000000e+00
   2.9912342288955820e+00   3.3633737429048072e-01   5.0000000000000000e+00
   9.8985858478786035e+00   8.1957514530950153e+00   5.0000000000000000e+00
   9.6334354418537185e+00   9.2894612810970472e+00   5.0000000000000000e+00
   7.6571635791288077e+00   7.8623103165956651e+00   5.0000000000000000e+00
   9.5862094413018406e-02   1.4399441741014962e+00   5.0000000000000000e+00
   7.9897369140012140e+00   7.3736567541634788e+00   5.0000000000000000e+00
   6.7774797425247808e+00   8.6050241050093703e+00   5.0000000000000000e+00
   9.7465155916693966e+00   6.7299041609712482e+00   5.0000000000000000e+00
   2.9829800759869851e+00   1.5038474013285874e+00   5.0000000000000000e+00
   1.8460543627037829e+00   2.0325394610700300e+00   5.0000000000000000e+00
   7.4186352709104950e+00   7.6410466363366156e+00   5.0000000000000000e+00
   8.1195379101643521e+00   8.0718412649243518e+00   5.0000000000000000e+00
   9.6691789566965336e-01   1.1331338397508450e+00   5.0000000000000000e+00
   8.0988872083881391e-02   1.7435055050505355e-01   5.0000000000000000e+00
   2.0634480919980200e+00   9.1453501950410465e-01   5.0000000000000000e+00
   6.7185824449711244e+00   8.7383723084493710e+00   5.0000000000000000e+00
   9.2656912506852827e+00   7.2387192041910788e+00   5.0000000000000000e+00
   7.4625191662575618e+00   8.7106699325871375e+00   5.0000000000000000e+00
   9.1808633967901585e+00   9.2396185506648774e+00   5.0000000000000000e+00
   2.9707249179424924e+00   7.9897628565558376e-02   5.0000000000000000e+00
   8.8193599834118608e+00   9.0208174617864003e+00   5.0000000000000000e+00
   9.5519809487869587e+00   8.4430802485857708e+00   5.0000000000000000e+00
   3.3734613228453938e+00   4.8541100045406904e-01   5.0000000000000000e+00
   8.0965150703702466e+00   9.0845269259733250e+00   5.0000000000000000e+00
   4.5795782202479041e-02   3.4314824609323482e+00   5.0000000000000000e+00
   1.8337136731657755e+00   4.4029733411731220e-01   5.0000000000000000e+00
   1.6262162959309490e-01   2.4807804840497649e+00   5.0000000000000000e+00
   9.8495402145520163e+00   7.4482620382880915e+00   5.0000000000000000e+00
   1.6389087848265327e+00   2.7278256705790582e+00   5.0000000000000000e+00
   1.4000267690995261e+00   1.2716332558383836e+00   5.0000000000000000e+00
   3.1254824907461343e+00   1.7909500890353114e+00   5.0000000000000000e+00
   7.2847911201119970e+00   9.8256013770051389e+00   5.0000000000000000e+00
   8.0908466341177423e+00   6.9379882881964248e+00   5.0000000000000000e+00
   7.7118038575388290e+00   9.6310636930907183e+00   5.0000000000000000e+00
   8.3837088103899529e+00   7.6928608773100473e+00   5.0000000000000000e+00
   7.9981557206182909e+00   9.6349457618293890e+00   5.0000000000000000e+00
   2.0386657213811930e+00   1.5591386098070359e+00   5.0000000000000000e+00
   8.1910572666331767e+00   8.0324381442951456e+00   5.0000000000000000e+00
   4.1362756817336921e-02   3.3695917118966454e+00   5.0000000000000000e+00
   2.9565504960901490e+00   3.1088144819353403e-02   5.0000000000000000e+00
   9.5779959218168624e+00   7.4085393934038883e+00   5.0000000000000000e+00
   1.0522744731380462e+00   8.5921937207084076e-01   5.0000000000000000e+00
   6.6472854559380123e-01   9.7767168807903038e-01   5.0000000000000000e+00
   9.2345667762507553e+00   7.8518919855145706e+00   5.0000000000000000e+00
   1.4147292187633520e+00   4.8945416148443943e-01   5.0000000000000000e+00
   1.0851255871521748e+00   3.3709379588140131e+00   5.0000000000000000e+00
   2.2109156904992098e+00   8.8431332021908893e-01   5.0000000000000000e+00
   9.7384866543517745e-01   2.9670385554940006e+00   5.0000000000000000e+00
   3.0073066503930312e+00   6.3686819419649265e-01   5.0000000000000000e+00
   8.7066990678696747e+00   9.4935940900631088e+00   5.0000000000000000e+00
   2.8848327023526164e+00   1.2470781556856725e+00   5.0000000000000000e+00
   1.3261335366771498e+00   2.6929544085300385e+00   5.0000000000000000e+00
   2.6291540506543232e+00   2.2270242536774951e+00   5.0000000000000000e+00
   7.6032549564099994e-01   1.8682012238646961e+00   5.0000000000000000e+00
   1.5311652270298470e+00   1.4937336699952419e+00   5.0000000000000000e+00
   9.1988597128881207e+00   7.7274750020199834e+00   5.0000000000000000e+00
   6.1908611742625963e-02   7.2553814685393903e-01   5.0000000000000000e+00
   2.0916653296188881e+00   2.5441490176471868e+00   5.0000000000000000e+00
   2.4075218003895928e+00   8.7106842457964406e-01   5.0000000000000000e+00
   2.3888421790593064e+00   2.5364772480777797e+00   5.0000000000000000e+00
   1.8701303955939919e+00   2.2857945716294936e+00   5.0000000000000000e+00
   2.5821463944160286e+00   1.9435344694447609e+00   5.0000000000000000e+00
   9.7154709112358244e+00   9.2766150952716089e+00   5.0000000000000000e+00
   3.3466324434776107e+00   5.7710410769284626e-01   5.0000000000000000e+00
   2.6270367576687104e+00   1.9228457954355616e+00   5.0000000000000000e+00
   1.0709259573717889e+00   2.7121694519101922e+00   5.0000000000000000e+00
   2.8000417670665301e-01   7.1492839298589184e-02   5.0000000000000000e+00
