   1.4288324583476053e+00   9.0360579816208979e+00   1.0000000000000000e+00
   9.3907132521704764e+00   3.0518569632142833e-01   1.0000000000000000e+00
   1.0877419788616671e-01   7.7467562959123191e+00   1.0000000000000000e+00
   2.8136008553510337e+00   8.9330037716826993e+00   1.0000000000000000e+00
   7.4554527495206822e+00   1.5083429911261381e+00   1.0000000000000000e+00
   8.3220502141307886e+00   3.7557831921981477e-01   1.0000000000000000e+00
   8.1950035314952689e+00   2.4346232883497168e+00   1.0000000000000000e+00
   8.4385849195878553e+00   2.1241093760699381e+00   1.0000000000000000e+00
   8.7893563866622930e+00   2.3021857855800998e+00   1.0000000000000000e+00
   9.5050639642326686e+00   1.3378633612675517e+00   1.0000000000000000e+00
   6.5233210157523107e+00   8.1491451874835530e-02   1.0000000000000000e+00
   3.4573782677705021e+00   9.8290061545483809e+00   1.0000000000000000e+00
   2.3092358826569326e+00   7.4347686231521681e+00   1.0000000000000000e+00
   2.3808314169432219e+00   8.3911978351621404e+00   1.0000000000000000e+00
   7.1821003298376933e+00   2.2041911851341500e+00   1.0000000000000000e+00
   9.9456111919865364e+00   2.0427104988898250e+00   1.0000000000000000e+00
   2.5852341756488242e+00   8.3030425713494651e+00   1.0000000000000000e+00
   9.0148038708977598e+00   1.0537947386423463e+00   1.0000000000000000e+00
   1.2232606362798182e+00   6.8906954427840379e+00   1.0000000000000000e+00
   7.3029607575522126e+00   6.0629279795321622e-01   1.0000000000000000e+00
   9.1240004453554953e+00   1.6488413867836516e+00   1.0000000000000000e+00
   6.8084144109351801e+00   8.0996632364294441e-01   1.0000000000000000e+00
   3.1435874415232048e+00   9.9144512694267544e+00   1.0000000000000000e+00
   8.6780247369897623e+00   1.3759631402209993e+00   1.0000000000000000e+00
   1.4490768658104780e+00   8.8346785286379372e+00   1.0000000000000000e+00
   7.9403361876155039e+00   2.6143413880619693e-01   1.0000000000000000e+00
   7.8232701102572726e+00   1.6495206175457333e+00   1.0000000000000000e+00
   9.1200395469009834e+00   2.1244735682777716e+00   1.0000000000000000e+00
   5.8212186033007374e-01   6.6832187763019277e+00   1.0000000000000000e+00
   7.3038900444810082e+00   2.2806157085033920e+00   1.0000000000000000e+00
   7.2631062614136130e+00   3.8480785360259229e-01   1.0000000000000000e+00
   9.0328495263417583e+00   2.6262459228662371e+00   1.0000000000000000e+00
   4.5255490515992869e-01   8.8316619585249221e+00   1.0000000000000000e+00
   1.0178282075403033e+00   6.9857183930328901e+00   1.0000000000000000e+00
   8.8609276797224412e-01   7.3444242964183672e+00   1.0000000000000000e+00
   8.2309369552539700e+00   1.6544208036677999e+00   1.0000000000000000e+00
   9.8593914971920391e+00   2.8236760904361513e+00   1.0000000000000000e+00
   8.7019207093282924e-02   6.2662623396265786e+00   1.0000000000000000e+00
   7.5920493491319654e+00   8.4673829782079602e-01   1.0000000000000000e+00
   9.2541285086773097e+00   1.0011516349439487e+00   1.0000000000000000e+00
   2.2623488940660099e+00   7.6996228697668014e+00   1.0000000000000000e+00
   7.4934887398228813e+00   8.9799193293425894e-01   1.0000000000000000e+00
   3.6210890480550884e+00   9.9233362543479959e+00   1.0000000000000000e+00
   7.2086662932238585e+00   7.4957202001745604e-01   1.0000000000000000e+00
   9.4455592071038925e+00   7.2583810529058823e-03   1.0000000000000000e+00
   2.6235322982582310e+00   8.1356607333651230e+00   1.0000000000000000e+00
   9.8521233080170063e+00   1.5896418381793753e+00   1.0000000000000000e+00
   1.0525109644580055e+00   9.5147670750473594e+00   1.0000000000000000e+00
   7.7279364583478767e+00   2.0308618567958323e+00   1.0000000000000000e+00
   2.4665776597900702e-01   6.6620215351357555e+00   1.0000000000000000e+00
   1.2349965469555824e+00   6.6195630884264691e+00   1.0000000000000000e+00
   7.7106080920130604e-01   6.4574481544150730e+00   1.0000000000000000e+00
   8.4686350415477509e+00   2.5165289269443636e+00   1.0000000000000000e+00
   9.9394640033213104e+00   1.1262432186261295e+00   1.0000000000000000e+00
   8.5380832974879750e-01   7.1765894876065861e+00   1.0000000000000000e+00
   1.7978691401030866e+00   7.4733801737558379e+00   1.0000000000000000e+00
   7.1167611530010833e+00   1.2427644232463808e+00   1.0000000000000000e+00
   8.1313954837510654e+00   7.4186836226616926e-01   1.0000000000000000e+00
   9.7577532597726204e+00   1.6968638978388928e+00   1.0000000000000000e+00
   1.9881744862890849e-01   6.3452697087848815e+00   1.0000000000000000e+00
   9.5372195940948590e-01   9.6369530947668327e+00   1.0000000000000000e+00
   3.3601565312278203e-01   7.8113391320473333e+00   1.0000000000000000e+00
   6.1125900543796186e-01   9.1129905846032209e+00   1.0000000000000000e+00
   1.4467812752809128e+00   8.9620445003212872e+00   1.0000000000000000e+00
   5.9263459262282048e-03   8.1076554387669546e+00   1.0000000000000000e+00
   8.6545363347127964e+00   3.3058501396181486e+00   1.0000000000000000e+00
   9.6021844640534724e+00   3.4092898172119690e-01   1.0000000000000000e+00
   8.7829990991293112e+00   2.7507871022129304e+00   1.0000000000000000e+00
   4.3769606786576043e-01   7.6917857782671231e+00   1.0000000000000000e+00
   8.5912810137090556e+00   2.5320185979777712e+00   1.0000000000000000e+00
   3.8845899595299827e-01   9.9257870881974970e+00   1.0000000000000000e+00
   9.3598820774482903e+00   9.8279412164259838e-01   1.0000000000000000e+00
   7.6575874606477576e+00   2.2355867934758757e+00   1.0000000000000000e+00
   7.1054902702317735e-01   9.3124973160701909e+00   1.0000000000000000e+00
   8.9787275072870010e+00   1.4281157422011459e+00   1.0000000000000000e+00
   5.0244539673791166e-01   6.4949876417814085e+00   1.0000000000000000e+00
   8.0932797245241943e+00   2.8809586953156598e+00   1.0000000000000000e+00
   9.4393990601055791e+00   1.2302597733509479e+00   1.0000000000000000e+00
   8.7562982158020719e-01   7.6224028802689157e+00   1.0000000000000000e+00
   8.1809353732759078e+00   1.3658749566057271e+00   1.0000000000000000e+00
   8.6927262870727384e-02   7.1673457367579205e+00   1.0000000000000000e+00
   7.8537457253053926e+00   1.8176314838084340e+00   1.0000000000000000e+00
   1.2117054317826115e+00   7.7914760112097419e+00   1.0000000000000000e+00
   8.8277833348766386e+00   9.3102315466482621e-01   1.0000000000000000e+00
   7.4347781672183579e+00   1.5109461935290369e+00   1.0000000000000000e+00
   2.0390830724647313e+00   9.5213567561268917e+00   1.0000000000000000e+00
   9.1423733445362299e+00   2.8381954119104535e+00   1.0000000000000000e+00
   9.3099637521013996e+00   1.5537718768342934e+00   1.0000000000000000e+00
   8.0916931347887466e+00   2.9431079942637304e+00   1.0000000000000000e+00
   9.8773413929329443e+00   3.2679314851270460e+00   1.0000000000000000e+00
   1.0314499287249257e+00   8.2745090870466012e+00   1.0000000000000000e+00
   7.9831123015204311e+00   5.4233235939416424e-01   1.0000000000000000e+00
   8.5492841747515094e+00   2.0824419897988458e+00   1.0000000000000000e+00
   9.8570215977918885e+00   3.6553445263372630e+00   1.0000000000000000e+00
   1.3104010061828841e+00   7.6703016291131823e+00   1.0000000000000000e+00
   9.8788837593442604e+00   3.1047876509823236e+00   1.0000000000000000e+00
   7.6203806206934352e+00   1.1703791569882216e-01   1.0000000000000000e+00
   8.0189161113526310e+00   2.0492737113409931e-01   1.0000000000000000e+00
   8.8304678926213622e+00   1.5139432586760349e+00   1.0000000000000000e+00
   1.1414757309303936e+00   7.5331147113488619e+00   1.0000000000000000e+00
   8.0515044328457499e+00   1.1238194845836280e+00   1.0000000000000000e+00
   8.9884037112219541e+00   2.3508955936721443e+00   1.0000000000000000e+00
   1.1862227673487036e+00   8.7223655514703111e+00   1.0000000000000000e+00
   7.6843848359821729e+00   1.6545860417778901e+00   1.0000000000000000e+00
   8.1880368526679899e+00   2.4412835281093459e+00   1.0000000000000000e+00
   2.3801876101564892e+00   8.2954103156650039e+00   1.0000000000000000e+00
   2.1057471538564676e+00   7.6814952956912252e+00   1.0000000000000000e+00
   2.2313650862329872e+00   9.1108829229164563e+00   1.0000000000000000e+00
   1.7014957668902941e+00   7.2864653807265753e+00   1.0000000000000000e+00
   1.3179487292415137e-01   6.8748679985835190e+00   1.0000000000000000e+00
   5.6921688410207727e-01   7.7260113689745369e+00   1.0000000000000000e+00
   9.9842378812982560e+00   2.2415024142399842e+00   1.0000000000000000e+00
   7.0024557400059493e+00   1.3460450104202604e+00   1.0000000000000000e+00
   6.5391155509500587e+00   7.0772001755065483e-01   1.0000000000000000e+00
   7.6380095264151269e+00   1.7849709671087355e+00   1.0000000000000000e+00
   8.1776057630677208e+00   1.6433389131912735e+00   1.0000000000000000e+00
   2.8111822761754066e+00   9.3795579431965290e+00   1.0000000000000000e+00
   8.5614278299482436e+00   5.5925054078040271e-01   1.0000000000000000e+00
   2.4988211151246089e+00   8.8839531639748142e+00   1.0000000000000000e+00
   9.3956062009716597e+00   2.2637493934816266e+00   1.0000000000000000e+00
   6.6848241239593245e+00   5.8091286001146325e-01   1.0000000000000000e+00
   4.8099979406388771e-01   6.3541547814167334e+00   1.0000000000000000e+00
   1.6339077403868385e+00   7.1834193299762763e+00   1.0000000000000000e+00
   2.2310033417386324e+00   9.2792566680161599e+00   1.0000000000000000e+00
   2.3833240694117008e+00   7.7435661261934872e+00   1.0000000000000000e+00
   1.3797568820226880e+00   9.9813578330386097e+00   1.0000000000000000e+00
   4.6724249820123687e-02   9.3423935025512321e+00   1.0000000000000000e+00
   9.1223878263865785e+00   3.3681838235777537e+00   1.0000000000000000e+00
   9.9574150363453633e+00   2.1596021269145949e-01   1.0000000000000000e+00
   2.6533505092325216e-01   9.6077308558083665e+00   1.0000000000000000e+00
   4.3997713822224394e-01   7.9012170389951732e+00   1.0000000000000000e+00
   7.9460775884745125e+00   2.3293653205900600e-01   1.0000000000000000e+00
   9.0602272006326210e+00   2.3191992283625584e+00   1.0000000000000000e+00
   6.3200223326294616e+00   1.5726120266535415e-01   1.0000000000000000e+00
   7.6942489733039761e+00   1.2281405684747770e+00   1.0000000000000000e+00
   6.9647722241304439e+00   1.2462636326648813e+00   1.0000000000000000e+00
   7.6037603460048553e+00   2.4701941024377483e+00   1.0000000000000000e+00
   3.1667665346611331e+00   9.4577978716422813e+00   1.0000000000000000e+00
   1.0515498737311357e+00   8.7440777636844942e+00   1.0000000000000000e+00
   6.9804124395760052e+00   7.1069553881474290e-01   1.0000000000000000e+00
   2.8208071305081250e+00   9.2610892286087516e+00   1.0000000000000000e+00
   1.1083315284528439e+00   8.6774254485133753e+00   1.0000000000000000e+00
   9.9507327301435815e+00   7.8003852778735117e-01   1.0000000000000000e+00
   1.3706412915181665e+00   8.9034296123744632e+00   1.0000000000000000e+00
   1.4721177061963053e+00   6.8504353575744359e+00   1.0000000000000000e+00
   7.3557293598416820e+00   5.2469100544816571e-01   1.0000000000000000e+00
   7.4460673594685538e+00   1.8539646974655821e+00   1.0000000000000000e+00
   9.3328855353603721e+00   3.0429429079760451e+00   1.0000000000000000e+00
   6.9826269627594195e+00   8.4446432489602152e-02   1.0000000000000000e+00
   2.1342119049947783e+00   9.2214021308032699e+00   1.0000000000000000e+00
   3.3251485622839838e+00   8.8457167273261277e+00   1.0000000000000000e+00
   7.7889886318931740e+00   2.7580581071751498e+00   1.0000000000000000e+00
   9.1764579549882281e+00   1.9251629128755776e-01   1.0000000000000000e+00
   8.8766738959418348e+00   1.7290719650432651e+00   1.0000000000000000e+00
   9.6842019794359810e+00   2.9741716302802104e+00   1.0000000000000000e+00
   6.8255751299614156e+00   1.2069070610343813e+00   1.0000000000000000e+00
   8.2574705360412608e+00   5.3393042418113934e-01   1.0000000000000000e+00
   9.7467048948255570e+00   2.6506924760286452e+00   1.0000000000000000e+00
   2.6712148780429859e+00   7.8168370523797561e+00   1.0000000000000000e+00
   3.6316698291300242e-01   9.1942776490674376e+00   1.0000000000000000e+00
   8.9096764887411570e+00   3.0378090194461818e+00   1.0000000000000000e+00
   4.9517787629126730e-01   9.4164406685757474e+00   1.0000000000000000e+00
   2.5098285424211699e+00   7.9813472253488520e+00   1.0000000000000000e+00
   2.4900954614724711e+00   9.5162160865118022e+00   1.0000000000000000e+00
   3.0493497764408852e+00   9.3222016183595517e+00   1.0000000000000000e+00
   2.2185534438243426e+00   9.3925503545932436e+00   1.0000000000000000e+00
   6.7234098493621177e+00   5.3123126204631888e-01   1.0000000000000000e+00
   9.5565169195075779e+00   3.1424902940838328e-01   1.0000000000000000e+00
   1.0483195956809277e+00   8.8236452546083868e+00   1.0000000000000000e+00
   6.8770302683664184e+00   1.5696364371717531e+00   1.0000000000000000e+00
   7.8439543127523157e+00   1.1046575015848903e+00   1.0000000000000000e+00
   3.5300066052808887e-01   8.2565806675980582e+00   1.0000000000000000e+00
   1.5276873456137841e+00   6.8552420672689607e+00   1.0000000000000000e+00
   9.7805034765646699e+00   3.3177048652295338e+00   1.0000000000000000e+00
   3.5190825858905752e+00   9.7454371452500936e+00   1.0000000000000000e+00
   8.0618091711338167e+00   2.8376643165033122e+00   1.0000000000000000e+00
   9.9643533832559896e+00   2.8389416715523019e+00   1.0000000000000000e+00
   4.3180949654875178e-02   7.2409976837565306e+00   1.0000000000000000e+00
   1.6449767985065444e+00   7.5642179161219829e+00   1.0000000000000000e+00
   1.9657379075416315e-01   8.0570883001038389e+00   1.0000000000000000e+00
   2.8858140557192993e+00   9.6490047036823814e+00   1.0000000000000000e+00
   3.7594019322534367e-01   9.9218757624852820e+00   1.0000000000000000e+00
   7.5146297983610610e-01   6.7096092635428350e+00   1.0000000000000000e+00
   5.6079891586656605e-01   8.2073728156323877e+00   1.0000000000000000e+00
   5.9725574886713151e-01   8.2635969560007556e+00   1.0000000000000000e+00
   8.7097984125863359e+00   2.5052955160593227e+00   1.0000000000000000e+00
   8.5785873891363611e+00   2.8846410577443127e+00   1.0000000000000000e+00
   7.6268851366435175e+00   2.1706081895756291e-01   1.0000000000000000e+00
   9.6499829253714307e+00   3.0031743073266517e+00   1.0000000000000000e+00
   3.7460915229850422e+00   9.8096312566594968e+00   1.0000000000000000e+00
   2.7685692220338600e+00   8.1018833446723306e+00   1.0000000000000000e+00
   1.6436174011102989e+00   9.5375332875442602e+00   1.0000000000000000e+00
   2.5100116805784101e+00   8.0980846312970165e+00   1.0000000000000000e+00
   6.7868730756008522e-01   8.9804244043949861e+00   1.0000000000000000e+00
   2.6032235168426254e+00   9.4260894010457079e+00   1.0000000000000000e+00
   1.7214234630412450e+00   8.5276599539349824e+00   1.0000000000000000e+00
   1.4137244936053039e+00   9.5177836398884779e+00   1.0000000000000000e+00
   8.1108606403356465e+00   2.9788606443565313e+00   1.0000000000000000e+00
   9.0571164689895092e+00   2.3733700520724565e+00   1.0000000000000000e+00
   2.0443388412444987e+00   9.1343730922289463e+00   1.0000000000000000e+00
   2.1317767373495000e-01   8.9444211021970350e+00   1.0000000000000000e+00
   2.7558332462063682e+00   9.5328989839297407e+00   1.0000000000000000e+00
   1.1730223994904698e+00   6.9636806687397925e+00   1.0000000000000000e+00
   9.8628496265021077e+00   1.6006599615561068e+00   1.0000000000000000e+00
   6.9389922757542752e+00   1.2580269511300313e+00   1.0000000000000000e+00
   9.6941521084262359e+00   2.7845512587186247e+00   1.0000000000000000e+00
   2.0953428284532327e+00   8.6163626737560701e+00   1.0000000000000000e+00
   8.2883003810517728e+00   2.9462746404403739e+00   1.0000000000000000e+00
   3.3595297596532223e+00   9.3395100896721193e+00   1.0000000000000000e+00
   7.2352658206447229e+00   2.6548537506090222e+00   2.0000000000000000e+00
   5.9515417510777722e+00   3.0569275782551184e+00   2.0000000000000000e+00
   3.6834786959745180e+00   7.5959753894094533e+00   2.0000000000000000e+00
   5.7142236990993336e+00   2.7279579450895906e+00   2.0000000000000000e+00
   6.8571670010271095e+00   2.1464397798221757e+00   2.0000000000000000e+00
   4.5156363748210886e+00   8.6961104292693889e+00   2.0000000000000000e+00
   3.9496051687578237e+00   7.9009389999612729e+00   2.0000000000000000e+00
   7.9423855115568180e+00   3.8417810844402114e+00   2.0000000000000000e+00
   9.9435168950084485e+00   4.7195197056497484e+00   2.0000000000000000e+00
   1.4161661713063212e-01   5.7025127514110228e+00   2.0000000000000000e+00
   1.9042524300478747e+00   6.5898282366732577e+00   2.0000000000000000e+00
   5.8306583776807734e+00   7.0939065492940823e-01   2.0000000000000000e+00
   2.0189411658094789e+00   6.9393864827565777e+00   2.0000000000000000e+00
   3.7196752495143470e+00   8.5062879080318865e+00   2.0000000000000000e+00
   2.8030532164632049e+00   7.2526069974612248e+00   2.0000000000000000e+00
   4.4157868467590351e+00   8.3770935017746968e+00   2.0000000000000000e+00
   6.7675625788345126e+00   3.1809227484758384e+00   2.0000000000000000e+00
   6.8314836834505535e+00   2.1466167395248004e+00   2.0000000000000000e+00
   3.8148962061772829e+00   5.9022100141617724e+00   2.0000000000000000e+00
   7.1546902116863009e+00   4.2797754633052083e+00   2.0000000000000000e+00
   4.0911169062818278e+00   6.9451363663774801e+00   2.0000000000000000e+00
   8.6902329856793692e+00   4.0244955573535703e+00   2.0000000000000000e+00
   5.5704248035493089e+00   1.2063253576875133e+00   2.0000000000000000e+00
   1.8555553744081910e+00   5.6870910230468263e+00   2.0000000000000000e+00
   1.1910610269153288e+00   5.2565775774132941e+00   2.0000000000000000e+00
   8.1109807303566033e+00   4.6000509347907483e+00   2.0000000000000000e+00
   4.3717682975266818e+00   8.1550696571082586e+00   2.0000000000000000e+00
   5.6148532149705552e+00   2.6394801667777665e+00   2.0000000000000000e+00
   5.3044038372224271e+00   1.9023694386160128e+00   2.0000000000000000e+00
   6.1345978398095449e+00   2.1681830292561708e+00   2.0000000000000000e+00
   6.3682362747921459e+00   3.2298223761368372e+00   2.0000000000000000e+00
   3.1950285441936255e+00   6.5019382940075445e+00   2.0000000000000000e+00
   2.0810918518946497e+00   6.0543609788431496e+00   2.0000000000000000e+00
   4.3671159935943304e+00   7.2316751049829016e+00   2.0000000000000000e+00
   3.7363582493532910e+00   6.7902952274868760e+00   2.0000000000000000e+00
   2.7139759721026802e+00   6.7459595202303397e+00   2.0000000000000000e+00
   6.0482527242119595e+00   1.5995215533145024e+00   2.0000000000000000e+00
   6.6400826280434497e+00   3.1959320909271338e+00   2.0000000000000000e+00
   3.7374916336615827e+00   8.1312025407902233e+00   2.0000000000000000e+00
   9.7310395952881379e-01   6.0680028581468353e+00   2.0000000000000000e+00
   9.7285483911053849e-01   5.4996772700325183e+00   2.0000000000000000e+00
   3.0477647382637771e+00   7.7145010319588545e+00   2.0000000000000000e+00
   6.2344656571669734e+00   2.5426255349799733e+00   2.0000000000000000e+00
   4.0606092629483790e+00   6.2200716607114428e+00   2.0000000000000000e+00
   7.1093356027650394e+00   3.6782099781418465e+00   2.0000000000000000e+00
   3.5969815566166954e+00   8.1300129391809790e+00   2.0000000000000000e+00
   5.7548591570911753e+00   2.6354891968982330e-01   2.0000000000000000e+00
   3.7462270578955623e+00   7.7354038653146482e+00   2.0000000000000000e+00
   3.6891793567981681e+00   8.5650079336903353e+00   2.0000000000000000e+00
   3.7323621458348355e+00   6.9399646537709110e+00   2.0000000000000000e+00
   7.5191483151975271e+00   3.3891761111199772e+00   2.0000000000000000e+00
   3.4383504557764510e-02   5.9197841725622062e+00   2.0000000000000000e+00
   5.6598708944601910e+00   2.4908491191893423e+00   2.0000000000000000e+00
   1.2329807306948315e+00   5.9797405698870501e+00   2.0000000000000000e+00
   6.7514418401477716e+00   2.8275719897008544e+00   2.0000000000000000e+00
   8.7410652097254484e+00   3.4650453248905944e+00   2.0000000000000000e+00
   8.8618544865993449e+00   4.4766430136404134e+00   2.0000000000000000e+00
   7.1047937420372440e+00   2.3166863422070083e+00   2.0000000000000000e+00
   3.3103913485650995e+00   7.1139338988744907e+00   2.0000000000000000e+00
   6.1164162976913481e+00   7.3961750339935906e-01   2.0000000000000000e+00
   4.3495039025782312e+00   8.4107138003568878e+00   2.0000000000000000e+00
   4.1712023784953320e+00   6.8539456857241028e+00   2.0000000000000000e+00
   3.5065876407588306e+00   8.5590957028609012e+00   2.0000000000000000e+00
   7.4184169546231100e+00   3.4358956231546092e+00   2.0000000000000000e+00
   5.2653011761850363e+00   3.3634279669501943e-01   2.0000000000000000e+00
   6.1765442450420132e+00   2.5645365504574711e+00   2.0000000000000000e+00
   9.6552054229697486e+00   4.8093812746588309e+00   2.0000000000000000e+00
   3.0302536654278445e+00   6.7198474618390449e+00   2.0000000000000000e+00
   3.1274518872188404e+00   6.5387136839179805e+00   2.0000000000000000e+00
   7.9365401384733545e+00   3.9271123971721797e+00   2.0000000000000000e+00
   6.6462332468893184e+00   3.5554158181848239e+00   2.0000000000000000e+00
   6.1858050768720165e+00   1.1147702386487213e-01   2.0000000000000000e+00
   5.7354302111439237e+00   1.8739184043082713e+00   2.0000000000000000e+00
   1.8733381386726788e+00   6.0051856257000749e+00   2.0000000000000000e+00
   4.4474092299986800e+00   6.9302832691369662e+00   2.0000000000000000e+00
   3.8736291560757365e+00   6.7489503303021525e+00   2.0000000000000000e+00
   6.6916484711993087e+00   1.8333155023624037e+00   2.0000000000000000e+00
   9.4836075133510729e+00   3.8609263537046159e+00   2.0000000000000000e+00
   3.5153900823512552e+00   5.7697843375863282e+00   2.0000000000000000e+00
   2.1994385203294273e+00   6.3691338467137539e+00   2.0000000000000000e+00
   9.0582078671096014e+00   4.1736761011854453e+00   2.0000000000000000e+00
   6.1956271799691116e+00   3.0799213111455224e+00   2.0000000000000000e+00
   8.1602222074629456e+00   3.4855502850373545e+00   2.0000000000000000e+00
   8.6387825949859280e+00   4.0227599052099636e+00   2.0000000000000000e+00
   1.5480328035806989e+00   6.1043979705914513e+00   2.0000000000000000e+00
   6.7246438185886941e+00   2.1506921615535224e+00   2.0000000000000000e+00
   5.5471399289686651e+00   3.2301573962315047e+00   2.0000000000000000e+00
   1.6600592515234858e+00   5.8019283679849920e+00   2.0000000000000000e+00
   4.2454017214669348e-01   5.2642036954894262e+00   2.0000000000000000e+00
   6.8607283046615022e+00   4.2021192252100770e+00   2.0000000000000000e+00
   5.4804335806388789e+00   1.2908697367922639e+00   2.0000000000000000e+00
   8.2224192077905514e+00   4.0414684228704836e+00   2.0000000000000000e+00
   7.5995487814292204e+00   3.6262917473719614e+00   2.0000000000000000e+00
   4.1951090035121155e+00   6.4234812872122857e+00   2.0000000000000000e+00
   6.3278066888931459e+00   1.0707973149259531e+00   2.0000000000000000e+00
   8.5138551593763410e+00   4.4909522647835356e+00   2.0000000000000000e+00
   8.2918761888996997e+00   3.2339860321038993e+00   2.0000000000000000e+00
   5.7017016642585272e+00   2.0642501080913100e+00   2.0000000000000000e+00
   3.8258538429665059e+00   9.7722220530275514e+00   2.0000000000000000e+00
   8.2246133244253521e+00   4.2611715621057229e+00   2.0000000000000000e+00
   1.5874612557863710e+00   6.7282792857370852e+00   2.0000000000000000e+00
   6.6064975806725954e+00   3.6683756258420153e+00   2.0000000000000000e+00
   2.8287415865529200e+00   6.8692353390637448e+00   2.0000000000000000e+00
   8.7260455754875945e+00   3.4667179760065281e+00   2.0000000000000000e+00
   7.5620308021964728e+00   3.3552138080109817e+00   2.0000000000000000e+00
   3.3619145943719198e+00   6.3765295276818303e+00   2.0000000000000000e+00
   2.4696449836935184e+00   5.6483672855333271e+00   2.0000000000000000e+00
   6.2241321739554341e+00   4.0535129479474499e+00   2.0000000000000000e+00
   3.4582768135945932e+00   7.3856221378900377e+00   2.0000000000000000e+00
   6.0689884647815608e+00   4.2436736510780393e-01   2.0000000000000000e+00
   7.2059512854296432e+00   2.8993246532307260e+00   2.0000000000000000e+00
   6.5861777694494652e+00   3.7347390407561010e+00   2.0000000000000000e+00
   6.0401253371457937e+00   2.2265320475048354e+00   2.0000000000000000e+00
   9.2323660182010325e-01   6.2252438750944599e+00   2.0000000000000000e+00
   7.0914814980436613e-01   5.2479772347102589e+00   2.0000000000000000e+00
   5.7082921717412525e+00   2.2754027142455779e+00   2.0000000000000000e+00
   3.7726563114925602e+00   8.7825450586098395e+00   2.0000000000000000e+00
   6.2896680419326136e+00   2.8744326483719052e+00   2.0000000000000000e+00
   6.1473019658000378e+00   1.0205389256133335e+00   2.0000000000000000e+00
   9.5598161718398984e+00   4.4751233665749615e+00   2.0000000000000000e+00
   7.3055912687193638e+00   3.4822185958327823e+00   2.0000000000000000e+00
   1.6047643856957727e+00   5.6306714436694625e+00   2.0000000000000000e+00
   3.5456127169908669e+00   5.7371466444038566e+00   2.0000000000000000e+00
   7.5035679256984000e+00   3.0106929244859648e+00   2.0000000000000000e+00
   2.8221449948905941e+00   6.0078582078202363e+00   2.0000000000000000e+00
   4.4691898159574315e+00   8.0512035888218776e+00   2.0000000000000000e+00
   1.4411255653243693e+00   5.4872056684984045e+00   2.0000000000000000e+00
   6.5729538900058344e+00   1.2244171872669807e+00   2.0000000000000000e+00
   4.7007568973791756e+00   9.1416197044487486e+00   2.0000000000000000e+00
   1.0429502982500349e+00   5.4556636272088657e+00   2.0000000000000000e+00
   3.2375919952558729e+00   7.9173889577100987e+00   2.0000000000000000e+00
   5.3182747773917249e+00   1.8956163409648608e+00   2.0000000000000000e+00
   4.1580521237633938e+00   9.2088749186538408e+00   2.0000000000000000e+00
   8.7011970325429608e+00   4.7395444237389475e+00   2.0000000000000000e+00
   3.6480343857016360e+00   9.4042439631241894e+00   2.0000000000000000e+00
   2.9906686010539794e+00   7.3574059157862024e+00   2.0000000000000000e+00
   4.1753403827056879e+00   7.4014883428409304e+00   2.0000000000000000e+00
   6.0100370420378422e+00   6.3243656373781820e-01   2.0000000000000000e+00
   2.4293210624818484e+00   5.4819000006723284e+00   2.0000000000000000e+00
   6.2567911090064303e+00   2.8031833457649666e+00   2.0000000000000000e+00
   5.9802095414439425e+00   6.6066114117379837e-01   2.0000000000000000e+00
   5.8911619370483397e+00   1.7593180971058109e-01   2.0000000000000000e+00
   7.3679684904391536e+00   2.6989241838416769e+00   2.0000000000000000e+00
   7.6671943790444814e+00   3.4322107518633791e+00   2.0000000000000000e+00
   6.5257192106407036e+00   1.6667934819397145e+00   2.0000000000000000e+00
   3.4979954736713470e+00   7.6686848218178350e+00   2.0000000000000000e+00
   2.7168990783687175e-01   5.7867463729932069e+00   2.0000000000000000e+00
   4.5548871822663948e+00   7.2511238864569023e+00   2.0000000000000000e+00
   5.7050144257198108e+00   3.2148411717686032e+00   2.0000000000000000e+00
   9.2844747957956386e-02   5.4485980029025658e+00   2.0000000000000000e+00
   8.9546851750926670e+00   3.9637109367966641e+00   2.0000000000000000e+00
   8.4986893944196229e+00   3.8638449435588287e+00   2.0000000000000000e+00
   9.7551512586560101e+00   3.7963467384169300e+00   2.0000000000000000e+00
   5.6649968945348732e+00   2.1654700023115803e+00   2.0000000000000000e+00
   5.3870823554861431e+00   2.0609805258293235e+00   2.0000000000000000e+00
   9.1274499561082205e+00   3.7729558251914130e+00   2.0000000000000000e+00
   3.1849911788332310e+00   7.4755921017366731e+00   2.0000000000000000e+00
   3.9355553975034949e+00   5.9840746886767482e+00   2.0000000000000000e+00
   5.6098168238496759e+00   7.6992506007374284e-01   2.0000000000000000e+00
   8.4052472724026863e+00   3.2792404738225622e+00   2.0000000000000000e+00
   3.5420015272089356e+00   7.1823516046875993e+00   2.0000000000000000e+00
   2.2233505179006654e+00   6.3121238910036945e+00   2.0000000000000000e+00
   6.8018558164633127e+00   2.1670011340946704e+00   2.0000000000000000e+00
   3.2559462272776916e+00   7.3145000602011168e+00   2.0000000000000000e+00
   1.7982808877116052e+00   5.2934876412253731e+00   2.0000000000000000e+00
   5.8607769383242614e+00   3.4754020709053322e+00   2.0000000000000000e+00
   7.2362533113380278e+00   2.6712246404932705e+00   2.0000000000000000e+00
   9.8851476461321504e+00   4.6327653514141893e+00   2.0000000000000000e+00
   7.5386558637601091e+00   3.5881279658352971e+00   2.0000000000000000e+00
   1.5841700163762840e+00   5.2993999913277232e+00   2.0000000000000000e+00
   1.5256669837213366e+00   6.4819983171956146e+00   2.0000000000000000e+00
   4.6228947869209165e+00   9.3645898577338844e+00   2.0000000000000000e+00
   3.4314788890804993e+00   6.0274466755259937e+00   2.0000000000000000e+00
   7.4740630563237467e+00   4.2301816065653233e+00   2.0000000000000000e+00
   4.2634286827199865e+00   8.3832862891030757e+00   2.0000000000000000e+00
   3.3677417159755718e+00   7.6589362679714714e+00   2.0000000000000000e+00
   6.0377604154969600e+00   2.9231577621583291e+00   2.0000000000000000e+00
   4.3061492138730664e+00   9.7255990979185984e+00   2.0000000000000000e+00
   7.6529948684020175e+00   4.5249853763545511e+00   2.0000000000000000e+00
   9.7958571563743515e+00   4.7004813390440230e+00   2.0000000000000000e+00
   6.2800884991967809e+00   3.2957547809562513e+00   2.0000000000000000e+00
   7.9352950369449804e+00   4.1029252868915780e+00   2.0000000000000000e+00
   3.3497542390571033e+00   6.0778831224254946e+00   2.0000000000000000e+00
   8.7924142633379869e+00   3.6209313159022227e+00   2.0000000000000000e+00
   1.0301128725270392e+00   5.5379748590222899e+00   2.0000000000000000e+00
   2.0053758564422974e+00   5.9783343483205886e+00   2.0000000000000000e+00
   2.8421926895102425e+00   7.0754507079794182e+00   2.0000000000000000e+00
   9.7126014483894085e+00   3.8631628787894079e+00   2.0000000000000000e+00
   2.3255390269746643e+00   5.5717534898478576e+00   2.0000000000000000e+00
   6.8884183364607825e+00   3.7724844001936408e+00   2.0000000000000000e+00
   1.2637545365217828e+00   5.3217800840971208e+00   2.0000000000000000e+00
   6.6641047293779963e+00   4.4656368098825716e+00   2.0000000000000000e+00
   5.7544011680177878e+00   3.1522088369041947e+00   2.0000000000000000e+00
   1.0155552712391636e+00   5.2582388899340584e+00   2.0000000000000000e+00
   8.6454639972452973e+00   3.6807596644563532e+00   2.0000000000000000e+00
   6.1503691927656332e+00   4.4896382397363599e-01   2.0000000000000000e+00
   5.9445027646794477e+00   7.8774834249460746e-01   2.0000000000000000e+00
   6.1330420778877794e+00   1.0922892300550491e+00   2.0000000000000000e+00
   4.5454398414666874e+00   8.8157698157396247e+00   2.0000000000000000e+00
   3.7456251476836733e+00   5.7700183011093795e+00   2.0000000000000000e+00
   5.4609449179983134e+00   1.8916264234912106e+00   2.0000000000000000e+00
   2.9772344331534031e+00   6.3737771098356113e+00   2.0000000000000000e+00
   8.3360128713634687e+00   4.0749319429659270e+00   2.0000000000000000e+00
   9.2971763939620686e+00   4.7544953199291529e+00   2.0000000000000000e+00
   7.8350768635074486e+00   3.5033641655104542e+00   2.0000000000000000e+00
   6.8290927656809677e+00   2.3618975319384692e+00   2.0000000000000000e+00
   2.3505728869299922e+00   5.3399449098597085e+00   2.0000000000000000e+00
   3.0717531861750400e+00   7.8506678962264882e+00   2.0000000000000000e+00
   4.4454243654468284e+00   7.9793858696658386e+00   2.0000000000000000e+00
   9.4031660534007671e+00   3.6830679391194474e+00   2.0000000000000000e+00
   4.0685676655193106e+00   6.3870765567363623e+00   2.0000000000000000e+00
   5.0488909176685528e+00   3.6631196504525909e+00   3.0000000000000000e+00
   4.8059649162441067e+00   8.4734846784902889e+00   3.0000000000000000e+00
   4.7789474379973393e+00   4.6129513105206836e+00   3.0000000000000000e+00
   5.4902020785748995e+00   6.4727926447139916e+00   3.0000000000000000e+00
   5.9045853397123338e+00   4.3221582196817652e+00   3.0000000000000000e+00
   4.1153029936024010e+00   5.5465622526081724e+00   3.0000000000000000e+00
   3.7352607822103066e+00   5.2177218295483936e+00   3.0000000000000000e+00
   4.7927563216185520e+00   4.9800902760264645e+00   3.0000000000000000e+00
   6.0452621162873648e+00   6.2547244101453838e+00   3.0000000000000000e+00
   3.8485118346727951e+00   4.6538916483704167e+00   3.0000000000000000e+00
   5.3204572992442944e+00   2.6904462707491561e+00   3.0000000000000000e+00
   3.3548613547615469e+00   4.2608412470641932e+00   3.0000000000000000e+00
   5.8444233334299609e+00   5.2295675814912022e+00   3.0000000000000000e+00
   4.9630265105902307e+00   3.1137321616981906e-02   3.0000000000000000e+00
   3.2546475479999804e+00   4.6269104118426014e+00   3.0000000000000000e+00
   7.2636629581703822e+00   5.3960841079678898e+00   3.0000000000000000e+00
   5.0757599811162102e+00   2.3209974559817192e+00   3.0000000000000000e+00
   4.0853366936525646e+00   5.2596630114789322e+00   3.0000000000000000e+00
   4.5353406735160959e+00   2.9609529833017612e+00   3.0000000000000000e+00
   5.0837659845265293e+00   3.2130891954194087e+00   3.0000000000000000e+00
   3.5717769643665989e+00   4.2394300995334309e+00   3.0000000000000000e+00
   4.4004302501741188e+00   3.5472335736844904e+00   3.0000000000000000e+00
   6.0170099457591375e+00   4.9340334712808254e+00   3.0000000000000000e+00
   5.5375581183490930e+00   5.0488428541473009e+00   3.0000000000000000e+00
   4.8531158566023382e+00   3.1931378239134087e+00   3.0000000000000000e+00
   4.8020666084901169e+00   5.5347703346542207e+00   3.0000000000000000e+00
   4.7040223101238183e+00   2.1147201536332307e+00   3.0000000000000000e+00
   5.0242270437791605e+00   3.7730787393911758e+00   3.0000000000000000e+00
   2.7949767730565145e+00   5.2564886367332333e+00   3.0000000000000000e+00
   6.5084366483584475e+00   5.5268987458870349e+00   3.0000000000000000e+00
   7.9946666399857937e+00   4.7469957877647930e+00   3.0000000000000000e+00
   5.1727653127221842e+00   7.2294294934993752e+00   3.0000000000000000e+00
   9.3256108435412592e+00   5.0750536079159509e+00   3.0000000000000000e+00
   8.5145132936757584e+00   5.3047836681633846e+00   3.0000000000000000e+00
   4.6311943917868090e+00   1.0891409137917374e+00   3.0000000000000000e+00
   2.4126734489070580e+00   5.0654772602258546e+00   3.0000000000000000e+00
   4.8390125400295432e+00   4.7604746652902916e+00   3.0000000000000000e+00
   5.1358713317040738e+00   8.9344568521145806e+00   3.0000000000000000e+00
   5.1650387349230806e+00   3.2310350944146560e+00   3.0000000000000000e+00
   5.3347612456493039e+00   7.7161127770097195e+00   3.0000000000000000e+00
   5.7850947517301501e+00   5.0580156805436527e+00   3.0000000000000000e+00
   5.7488348286576594e+00   5.7292306177496579e+00   3.0000000000000000e+00
   5.6513775264656161e+00   6.0980362084201145e+00   3.0000000000000000e+00
   2.9150164716155857e+00   4.2820502114554060e+00   3.0000000000000000e+00
   9.1451043868854676e+00   4.9018141943670006e+00   3.0000000000000000e+00
   4.6870326934691517e+00   5.8073010356333254e+00   3.0000000000000000e+00
   7.0949571305197559e+00   5.1916592289353050e+00   3.0000000000000000e+00
   1.1252509312080217e+00   5.1343938064909169e+00   3.0000000000000000e+00
   4.5437199155539441e+00   6.8070532306874441e+00   3.0000000000000000e+00
   4.2266794695575314e+00   4.8214640658403853e+00   3.0000000000000000e+00
   4.9643355505189408e+00   2.0471930440261756e+00   3.0000000000000000e+00
   3.9473332022948595e+00   5.5161176575421278e+00   3.0000000000000000e+00
   5.8995596458205402e+00   4.2862973778004454e+00   3.0000000000000000e+00
   3.8660051938844839e+00   4.6841384211275212e+00   3.0000000000000000e+00
   5.3002647678172954e+00   9.0825213203362356e+00   3.0000000000000000e+00
   3.6186221160160157e+00   4.3110799992503965e+00   3.0000000000000000e+00
   7.9238399415015621e+00   4.6872714099018085e+00   3.0000000000000000e+00
   6.9039883295121998e+00   5.5134971049603001e+00   3.0000000000000000e+00
   4.4984499186457629e+00   4.7122172409475924e+00   3.0000000000000000e+00
   5.3393448453042991e+00   2.5586687084634741e+00   3.0000000000000000e+00
   5.2809429737954483e+00   3.3662744295871230e+00   3.0000000000000000e+00
   4.9605135141170784e+00   1.4252043845145645e+00   3.0000000000000000e+00
   5.1150688505419684e+00   9.2936584757356044e+00   3.0000000000000000e+00
   4.9976264245020730e+00   2.7783819255362308e+00   3.0000000000000000e+00
   2.3373595420043247e+00   5.2413169729337730e+00   3.0000000000000000e+00
   4.9149919278874323e+00   2.3337226805550171e-01   3.0000000000000000e+00
   4.7853340027222657e+00   6.8037160978211038e+00   3.0000000000000000e+00
   4.8720375112293377e+00   6.5127754029444205e+00   3.0000000000000000e+00
   5.1973431303090383e+00   3.0724156388961719e+00   3.0000000000000000e+00
   6.0603697436041983e+00   5.0146203755621190e+00   3.0000000000000000e+00
   5.6095733897387294e+00   3.6550624090397554e+00   3.0000000000000000e+00
   2.4613025844707259e+00   4.9557740722384436e+00   3.0000000000000000e+00
   5.0193091515743085e+00   5.7585804786880725e+00   3.0000000000000000e+00
   4.3843332123919385e+00   3.8950658768580091e+00   3.0000000000000000e+00
   4.5877043559770510e+00   5.1752199770927216e+00   3.0000000000000000e+00
   3.1829650615873750e+00   5.4727139087927492e+00   3.0000000000000000e+00
   5.9864657880539180e+00   5.7599454977606612e+00   3.0000000000000000e+00
   3.4974634793624935e+00   5.2409820088882872e+00   3.0000000000000000e+00
   4.8703007626463890e+00   4.0436316791035143e+00   3.0000000000000000e+00
   8.4190485926826586e+00   5.1839294484368237e+00   3.0000000000000000e+00
   8.4445790697697642e-01   4.8684200106988360e+00   3.0000000000000000e+00
   4.4693307833384566e+00   6.0566542446398408e+00   3.0000000000000000e+00
   4.8631885479032757e+00   7.5442034834619753e-01   3.0000000000000000e+00
   7.8519351383768416e+00   4.9706830688751902e+00   3.0000000000000000e+00
   5.2632493170447949e+00   9.6441060534839096e+00   3.0000000000000000e+00
   6.4170820495863232e+00   4.9099114325149928e+00   3.0000000000000000e+00
   4.8610563141092111e+00   5.0995109498868194e+00   3.0000000000000000e+00
   5.2901729084625551e+00   3.1069057552628463e+00   3.0000000000000000e+00
   4.7269950428828080e+00   3.5650545673355571e+00   3.0000000000000000e+00
   6.5022138726447842e+00   4.6024252790111522e+00   3.0000000000000000e+00
   5.5478180982764522e+00   7.1354401474236404e+00   3.0000000000000000e+00
   5.5208186644099220e+00   5.3677438281959038e+00   3.0000000000000000e+00
   4.9622523127370428e+00   4.2637568006514144e+00   3.0000000000000000e+00
   5.3348286604923070e+00   7.8059793753105673e+00   3.0000000000000000e+00
   4.5670734768698908e+00   6.5375652356131022e+00   3.0000000000000000e+00
   3.1919077211975058e+00   5.0018005910074192e+00   3.0000000000000000e+00
   5.6831665677726573e-01   4.8463058467371356e+00   3.0000000000000000e+00
   7.0192493630609798e+00   4.6982598789457448e+00   3.0000000000000000e+00
   6.4973023869994400e+00   5.6851191617777150e+00   3.0000000000000000e+00
   5.2515304544292976e+00   2.9944175903627546e+00   3.0000000000000000e+00
   4.1251664553793148e+00   4.2184282864262492e+00   3.0000000000000000e+00
   5.7217191680377635e+00   6.2325381852453843e+00   3.0000000000000000e+00
   3.7236353694449265e+00   4.2580614168345665e+00   3.0000000000000000e+00
   8.4923590827283579e+00   5.2374330076089937e+00   3.0000000000000000e+00
   4.8192671555716418e+00   4.5412747988572901e+00   3.0000000000000000e+00
   4.7470114910118255e+00   5.6618024847262403e+00   3.0000000000000000e+00
   1.5625602446690146e+00   4.5846549909435899e+00   3.0000000000000000e+00
   8.8398093437451681e+00   5.0525860914002916e+00   3.0000000000000000e+00
   6.8699854179077047e+00   4.8625473067134131e+00   3.0000000000000000e+00
   5.0071884738002357e+00   9.8735945615921423e+00   3.0000000000000000e+00
   6.3505004834359937e+00   5.6143361264988814e+00   3.0000000000000000e+00
   4.6343225330977607e+00   5.1561726297125334e+00   3.0000000000000000e+00
   4.7562996215916957e+00   1.8571159839673335e+00   3.0000000000000000e+00
   5.1861161904717576e+00   7.8291614778522876e+00   3.0000000000000000e+00
   4.7485130575989949e+00   4.9210452530635429e+00   3.0000000000000000e+00
   5.1465548129947623e+00   3.9118168962732636e+00   3.0000000000000000e+00
   6.2016054549332509e+00   4.4729905499636864e+00   3.0000000000000000e+00
   4.4162768385933315e+00   4.0453547434108543e+00   3.0000000000000000e+00
   6.7340063279038231e+00   5.4709770775017788e+00   3.0000000000000000e+00
   2.2267069121664518e+00   4.8154352072724471e+00   3.0000000000000000e+00
   4.6177673763178104e+00   4.3699001174035859e+00   3.0000000000000000e+00
   3.8184739145801827e+00   4.7530312406468305e+00   3.0000000000000000e+00
   4.8489508030430395e+00   1.1945567201046203e+00   3.0000000000000000e+00
   4.9176830697645073e+00   7.2758468333858382e+00   3.0000000000000000e+00
   7.5130901213277133e+00   4.9335550302097078e+00   3.0000000000000000e+00
   5.4433175004757741e+00   5.6547038943130614e+00   3.0000000000000000e+00
   4.2844077704250862e+00   3.6510651283599795e+00   3.0000000000000000e+00
   4.2526286702903571e+00   3.7864937882401284e+00   3.0000000000000000e+00
   5.1365804757880706e+00   3.3442467130999520e+00   3.0000000000000000e+00
   4.8534584226017587e+00   1.1736302925763287e+00   3.0000000000000000e+00
   7.4845852120315328e+00   5.3395917047043877e+00   3.0000000000000000e+00
   3.9165466825094883e+00   4.2325650494366176e+00   3.0000000000000000e+00
   5.9979318028358550e+00   6.5176146564094619e+00   3.0000000000000000e+00
   7.3475528838869302e+00   5.3370085692367040e+00   3.0000000000000000e+00
   3.1611212673862399e+00   4.8583254624561070e+00   3.0000000000000000e+00
   8.0243699261262353e+00   4.8288279522259403e+00   3.0000000000000000e+00
   4.0932681152579518e+00   4.2568562816743789e+00   3.0000000000000000e+00
   1.9903482551723395e+00   5.1583146301430638e+00   3.0000000000000000e+00
   2.7897024598668052e+00   4.6936699391899905e+00   3.0000000000000000e+00
   1.9262485574604205e+00   4.9761715883752604e+00   3.0000000000000000e+00
   4.7108317276467080e+00   5.3326908363584575e+00   3.0000000000000000e+00
   5.4784639511026771e+00   7.1878816894982380e+00   3.0000000000000000e+00
   4.5204055532458280e+00   5.9589852504609917e+00   3.0000000000000000e+00
   5.9936484000046857e+00   4.1250522372202161e+00   3.0000000000000000e+00
   5.1548742736086526e+00   5.5828910499611775e+00   3.0000000000000000e+00
   6.5450598186843365e+00   5.0789257051681478e+00   3.0000000000000000e+00
   7.7283582326172287e+00   4.6723212892209620e+00   3.0000000000000000e+00
   2.5659827163867064e+00   4.4642732689828541e+00   3.0000000000000000e+00
   4.1260945662300097e+00   4.4025575477344692e+00   3.0000000000000000e+00
   5.4749173276048824e+00   6.4876704072428435e+00   3.0000000000000000e+00
   4.5232206366635763e+00   2.4512279356848454e+00   3.0000000000000000e+00
   4.7560214616752896e+00   3.1141168956281851e+00   3.0000000000000000e+00
   4.7748252212463118e+00   4.7172120035717358e-01   3.0000000000000000e+00
   5.0106028713785893e+00   2.4538710485278892e-01   3.0000000000000000e+00
   4.5549550349246006e+00   3.7967753458484110e+00   3.0000000000000000e+00
   4.8259401651654388e+00   8.7423190527909256e+00   3.0000000000000000e+00
   2.2230774845869128e+00   4.5363202957483022e+00   3.0000000000000000e+00
   3.0440164090948860e+00   5.1822160179399370e+00   3.0000000000000000e+00
   6.5688864740936488e+00   5.8811036407868134e+00   3.0000000000000000e+00
   1.4872163810936256e+00   4.6972670595400414e+00   3.0000000000000000e+00
   6.0312158919011907e+00   4.4763539274854844e+00   3.0000000000000000e+00
   9.1808983797506745e+00   4.9862371990859291e+00   3.0000000000000000e+00
   1.2821596455102058e+00   5.1492577804126416e+00   3.0000000000000000e+00
   6.0152969176240170e+00   4.7943396401239653e+00   3.0000000000000000e+00
   1.1222980621503831e+00   5.1682256817582353e+00   3.0000000000000000e+00
   5.1928296276631052e+00   9.6100174064658468e+00   3.0000000000000000e+00
   3.1405734633962146e+00   4.7388318048962619e+00   3.0000000000000000e+00
   7.0842927793519301e+00   4.9858466776053314e+00   3.0000000000000000e+00
   4.5424058753443832e+00   5.7522560733102459e+00   3.0000000000000000e+00
   6.2767409779274974e+00   5.7275338899132944e+00   3.0000000000000000e+00
   5.6178690233136965e+00   6.2688453147565788e+00   3.0000000000000000e+00
   4.8568094934246533e+00   7.2623017666517331e+00   3.0000000000000000e+00
   4.3609177122345599e+00   5.6611771136433164e+00   3.0000000000000000e+00
   3.7855464221525725e+00   5.1930538288422081e+00   3.0000000000000000e+00
   4.0966474513456808e-01   4.9690346081681902e+00   3.0000000000000000e+00
   5.9670773981081631e+00   9.4810354050513919e+00   4.0000000000000000e+00
   6.3391586325701610e+00   6.7727727477751278e+00   4.0000000000000000e+00
   7.6292732833836929e+00   5.9677151007579843e+00   4.0000000000000000e+00
   2.0775758491896665e+00   3.7578618846892642e+00   4.0000000000000000e+00
   3.4054368567996738e+00   2.4668889933100058e+00   4.0000000000000000e+00
   6.9740210047448867e+00   5.8769565815120037e+00   4.0000000000000000e+00
   5.6889403526423692e+00   7.1781411018476344e+00   4.0000000000000000e+00
   9.0657339584719647e+00   5.6322931575827191e+00   4.0000000000000000e+00
   6.6637609364295001e+00   7.5063312772171296e+00   4.0000000000000000e+00
   2.6872724001647628e+00   2.6037097708374626e+00   4.0000000000000000e+00
   7.2008087497752076e+00   7.6760171303559517e+00   4.0000000000000000e+00
   6.1190043030347301e+00   9.9737996434787739e+00   4.0000000000000000e+00
   2.2137427966465859e+00   3.8185718962340029e+00   4.0000000000000000e+00
   3.7929997801626025e+00   2.5340897964253828e+00   4.0000000000000000e+00
   6.4339419897848602e+00   8.2356015097008921e+00   4.0000000000000000e+00
   2.6803584883758678e+00   3.7028240458883879e+00   4.0000000000000000e+00
   7.9539332147452377e+00   6.2399485547728819e+00   4.0000000000000000e+00
   3.6052836095547871e+00   3.7069654094374327e+00   4.0000000000000000e+00
   1.7223499173921986e+00   3.2489221138216005e+00   4.0000000000000000e+00
   5.6733278102680114e+00   7.8256532549590609e+00   4.0000000000000000e+00
   2.6028033245509175e+00   2.7597419077006444e+00   4.0000000000000000e+00
   9.1439763793565554e+00   5.4272992989278688e+00   4.0000000000000000e+00
   2.1688545055676589e+00   3.2714691637531823e+00   4.0000000000000000e+00
   6.2976731822523844e+00   7.3213782363450317e+00   4.0000000000000000e+00
   1.0071824003469332e+00   3.7128992391647153e+00   4.0000000000000000e+00
   2.1715716387505446e+00   3.9029505470737424e+00   4.0000000000000000e+00
   3.1477724099760107e+00   2.4882151979489899e+00   4.0000000000000000e+00
   7.9915662600144177e+00   6.2695748932855384e+00   4.0000000000000000e+00
   2.1977252383331045e+00   4.1623499394960692e+00   4.0000000000000000e+00
   6.0929436677042395e+00   9.6333145852299431e+00   4.0000000000000000e+00
   6.0231791516259197e+00   9.7168656558893289e+00   4.0000000000000000e+00
   2.9268747739796588e+00   3.6319752331514610e+00   4.0000000000000000e+00
   7.0071541593436661e+00   6.0525193235742512e+00   4.0000000000000000e+00
   8.8054855929524933e+00   6.0778986346099426e+00   4.0000000000000000e+00
   5.6819330153469902e+00   7.9270307586587059e+00   4.0000000000000000e+00
   6.0784445452562679e+00   9.1377444471355869e+00   4.0000000000000000e+00
   7.0615403618513373e+00   6.9038169273827030e+00   4.0000000000000000e+00
   7.7944829453544173e+00   6.8006437578623169e+00   4.0000000000000000e+00
   5.7584698141950010e+00   9.1953874100939483e+00   4.0000000000000000e+00
   4.2169937442905594e+00   7.3153278666872046e-01   4.0000000000000000e+00
   9.3722051276855129e+00   5.9210529229297260e+00   4.0000000000000000e+00
   5.6645776482434282e+00   8.2013027947500188e+00   4.0000000000000000e+00
   1.7656567233718190e+00   3.1624056728076799e+00   4.0000000000000000e+00
   6.7232478814275556e+00   8.2423493793916727e+00   4.0000000000000000e+00
   3.1231993755591017e+00   3.3363175355724528e+00   4.0000000000000000e+00
   2.4443460410661833e+00   3.1973569040314742e+00   4.0000000000000000e+00
   7.0138451758409239e+00   6.2713073235758863e+00   4.0000000000000000e+00
   5.6244890387795632e+00   9.2470280625432331e+00   4.0000000000000000e+00
   3.6300477960957442e+00   1.9618085800067075e+00   4.0000000000000000e+00
   6.3001926259727323e+00   9.0611978298259857e+00   4.0000000000000000e+00
   8.7631091861251811e+00   5.9839769344419587e+00   4.0000000000000000e+00
   3.5112206245084998e+00   2.8600685493580755e+00   4.0000000000000000e+00
   3.9445131021724311e-01   4.3834594234158111e+00   4.0000000000000000e+00
   6.5131280052260996e+00   7.2429671167730056e+00   4.0000000000000000e+00
   3.6533514189401628e+00   8.6761520285996929e-01   4.0000000000000000e+00
   4.2428286316714683e+00   2.9111522275876300e+00   4.0000000000000000e+00
   5.5815602212549003e+00   8.4539600451875270e+00   4.0000000000000000e+00
   5.4642751323667915e-01   4.5247237896709382e+00   4.0000000000000000e+00
   6.1452110113078140e+00   8.2080488669528275e+00   4.0000000000000000e+00
   5.8558799521297553e+00   9.2326550303781580e+00   4.0000000000000000e+00
   8.0788390929806688e+00   6.5450700714329457e+00   4.0000000000000000e+00
   4.4522831134243983e+00   1.3713718025026411e-01   4.0000000000000000e+00
   1.7168760851694509e+00   3.4009335821524154e+00   4.0000000000000000e+00
   3.2183320140343339e+00   3.8230567539768079e+00   4.0000000000000000e+00
   2.2752805917779231e+00   4.1504906425607473e+00   4.0000000000000000e+00
   8.9052865168337849e+00   6.4104611148533239e+00   4.0000000000000000e+00
   3.4313222614719949e+00   1.4790585535332801e+00   4.0000000000000000e+00
   2.2023060071467739e+00   3.8187378629983160e+00   4.0000000000000000e+00
   7.5245526503965876e-01   4.4603384354495201e+00   4.0000000000000000e+00
   1.2509762339232333e+00   4.5263949213196408e+00   4.0000000000000000e+00
   5.6615856349338074e+00   8.0210184332834782e+00   4.0000000000000000e+00
   2.9453707929676289e+00   2.6484804888657667e+00   4.0000000000000000e+00
   3.6950021111318057e+00   2.6868167845655599e+00   4.0000000000000000e+00
   7.7478270016183579e+00   6.9823994895564736e+00   4.0000000000000000e+00
   5.6250537739024615e+00   8.6407561864374234e+00   4.0000000000000000e+00
   4.3277472608406846e+00   3.0867781511395576e-01   4.0000000000000000e+00
   6.9418734196763374e+00   7.4211767120568952e+00   4.0000000000000000e+00
   4.1222603255669199e+00   3.3022005717324676e+00   4.0000000000000000e+00
   6.1677761554238035e+00   9.1798463174222107e+00   4.0000000000000000e+00
   7.7139212298616933e+00   6.6000779804302292e+00   4.0000000000000000e+00
   7.1945329380781908e-01   4.3726694033494260e+00   4.0000000000000000e+00
   3.5096151136378850e+00   1.9233687274215394e+00   4.0000000000000000e+00
   7.1960484528427600e+00   6.0345735015018978e+00   4.0000000000000000e+00
   5.4900054853888767e+00   9.7137845668793901e+00   4.0000000000000000e+00
   3.7150524194762022e+00   3.7766147091091606e-01   4.0000000000000000e+00
   4.5596298112362152e+00   3.4768739516204183e-01   4.0000000000000000e+00
   6.9364244619727158e+00   6.2451009446896135e+00   4.0000000000000000e+00
   6.3082338733040144e+00   9.4561686963221288e+00   4.0000000000000000e+00
   2.7926289588462616e+00   4.1564387523482695e+00   4.0000000000000000e+00
   3.4399285335364551e+00   3.7056515257238845e+00   4.0000000000000000e+00
   2.2196452677385459e-02   4.1672097369457184e+00   4.0000000000000000e+00
   5.9143270307500426e+00   7.8884866209263738e+00   4.0000000000000000e+00
   7.2895303317043396e+00   5.9665566778153432e+00   4.0000000000000000e+00
   8.1094923484333901e+00   6.4933276430896036e+00   4.0000000000000000e+00
   6.1197932464482836e+00   6.4860580578705465e+00   4.0000000000000000e+00
   6.7997968077406279e+00   6.3332745750925143e+00   4.0000000000000000e+00
   5.8423060977123615e+00   7.8493284947407922e+00   4.0000000000000000e+00
   8.5643713380819797e+00   6.2957693781511770e+00   4.0000000000000000e+00
   4.0500610166952331e+00   3.1495421397682466e-01   4.0000000000000000e+00
   7.5096505624887033e+00   6.4316760960605768e+00   4.0000000000000000e+00
   2.9242995171182606e+00   4.1958126044731099e+00   4.0000000000000000e+00
   7.5549849830550091e+00   5.9865103306434531e+00   4.0000000000000000e+00
   3.8838928825483809e+00   1.7713394805531635e+00   4.0000000000000000e+00
   6.1260721751333165e+00   8.9403584791582240e+00   4.0000000000000000e+00
   9.6328220695370366e+00   5.4079776881788097e+00   4.0000000000000000e+00
   5.3985520800558060e+00   9.0216352658253776e+00   4.0000000000000000e+00
   8.1656124545894944e+00   5.4851959404044131e+00   4.0000000000000000e+00
   5.4937413858806377e+00   8.2956758289114969e+00   4.0000000000000000e+00
   7.9653521091618238e+00   6.8284081637708951e+00   4.0000000000000000e+00
   8.8681847602415971e+00   5.8523620343209162e+00   4.0000000000000000e+00
   3.2223638569336988e+00   3.9597639821576958e+00   4.0000000000000000e+00
   6.4081563518657356e+00   8.2509442624851346e+00   4.0000000000000000e+00
   3.2500946507882711e+00   4.0210515967393503e+00   4.0000000000000000e+00
   1.5600555458881904e+00   3.3641398758249186e+00   4.0000000000000000e+00
   9.2266121202592828e+00   5.3923250290726639e+00   4.0000000000000000e+00
   2.3865643686829130e+00   3.2937077852821286e+00   4.0000000000000000e+00
   5.6550917536410150e+00   9.2151166526413615e+00   4.0000000000000000e+00
   3.3337179126945049e+00   3.8872423114258514e+00   4.0000000000000000e+00
   2.6313058625755947e+00   3.8778023376688333e+00   4.0000000000000000e+00
   8.2158988969262623e+00   5.9137439760001467e+00   4.0000000000000000e+00
   6.1728800791266032e+00   7.4874675231429100e+00   4.0000000000000000e+00
   7.6499832803703383e+00   5.7419549194133959e+00   4.0000000000000000e+00
   5.7417865087633775e+00   7.9794338687226718e+00   4.0000000000000000e+00
   7.2390527314088633e+00   7.4677895010034376e+00   4.0000000000000000e+00
   1.8459176747869377e+00   4.2000936041109602e+00   4.0000000000000000e+00
   6.3658211967314120e+00   7.8751655511085961e+00   4.0000000000000000e+00
   2.4357183345520017e+00   3.5653233376628126e+00   4.0000000000000000e+00
   5.9095793247629738e+00   8.9372694272480775e+00   4.0000000000000000e+00
   8.2109322674478395e+00   6.4324091000405881e+00   4.0000000000000000e+00
   8.2185502101526637e+00   6.8372178833820278e+00   4.0000000000000000e+00
   2.8956922909873861e+00   3.2366442733508407e+00   4.0000000000000000e+00
   6.1268120069767171e+00   7.4521806968473907e+00   4.0000000000000000e+00
   2.0004960187320298e+00   4.1889924752352572e+00   4.0000000000000000e+00
   1.4050610679226760e+00   3.4524035776519191e+00   4.0000000000000000e+00
   9.0717086608262609e-01   3.7936826866804338e+00   4.0000000000000000e+00
   3.5964259225284314e+00   3.1832429579646959e+00   4.0000000000000000e+00
   6.1396091686103631e+00   8.8284655250676121e+00   4.0000000000000000e+00
   3.0237782151994699e+00   3.1789843691691235e+00   4.0000000000000000e+00
   3.9704931506380738e+00   3.0590764657767275e+00   4.0000000000000000e+00
   6.2174957018646291e+00   9.6435498626629652e+00   4.0000000000000000e+00
   6.4566245552585277e+00   7.3374160431840361e+00   4.0000000000000000e+00
   6.5359838677032123e+00   8.6381580794915998e+00   4.0000000000000000e+00
   1.9131515887606387e+00   3.1809407322768957e+00   4.0000000000000000e+00
   8.6000315207939799e+00   5.9537984377859559e+00   4.0000000000000000e+00
   8.4439636341556383e+00   6.5263499870473032e+00   4.0000000000000000e+00
   1.3962837953256169e+00   4.3440239482967868e+00   4.0000000000000000e+00
   3.4473326956127215e+00   2.3353447128169802e+00   4.0000000000000000e+00
   7.8625769648820585e+00   6.8379706886769664e+00   4.0000000000000000e+00
   2.2396464940895058e+00   4.3401048396336090e+00   4.0000000000000000e+00
   9.7578275339798459e-01   3.8348342205520036e+00   4.0000000000000000e+00
   6.0548857027983445e+00   8.1573001081257939e+00   4.0000000000000000e+00
   3.3951771426832442e+00   3.4865952402118427e+00   4.0000000000000000e+00
   5.6365853641988934e+00   7.9197674054394254e+00   4.0000000000000000e+00
   4.1997664604397613e+00   1.7168924017835907e+00   4.0000000000000000e+00
   5.8679804651944112e+00   9.2545353041952794e+00   4.0000000000000000e+00
   1.5843508145512586e+00   4.0789596462444777e+00   4.0000000000000000e+00
   6.1963182963207384e+00   7.1261184044100299e+00   4.0000000000000000e+00
   6.7419181812053930e+00   7.1222357584227316e+00   4.0000000000000000e+00
   3.2594662941627730e+00   2.4551038983528297e+00   4.0000000000000000e+00
   8.6086878527295490e+00   5.9589987523355790e+00   4.0000000000000000e+00
   1.5354919898709884e+00   3.6423283480409729e+00   4.0000000000000000e+00
   9.1410693121710587e+00   6.3724482506099775e+00   4.0000000000000000e+00
   7.4869873610277224e+00   6.9180039093753862e+00   4.0000000000000000e+00
   9.6808559993450043e+00   5.4934441439491488e+00   4.0000000000000000e+00
   1.1698565263572369e+00   3.9610746969357660e+00   4.0000000000000000e+00
   2.2887240735639081e+00   2.8841659479257107e+00   4.0000000000000000e+00
   6.5518504521152359e+00   7.2163947907813970e+00   4.0000000000000000e+00
   4.0236901841719384e+00   1.5959798714307794e+00   4.0000000000000000e+00
   1.8865333582157806e+00   4.0114174693785509e+00   4.0000000000000000e+00
   6.9618786491825464e+00   7.8635175465112290e+00   4.0000000000000000e+00
   5.8650893598617104e+00   9.8090771623887996e+00   4.0000000000000000e+00
   6.1317973570728759e+00   9.0197390683718162e+00   4.0000000000000000e+00
   1.4157023306181316e+00   4.3021173007105427e+00   4.0000000000000000e+00
   4.1363064969720851e+00   2.3370773446895021e+00   4.0000000000000000e+00
   2.6606654056553012e+00   4.1705122440594753e+00   4.0000000000000000e+00
   6.5027921211749087e+00   7.4898140399656024e+00   4.0000000000000000e+00
   4.4621472865379133e+00   1.2674250983215418e+00   4.0000000000000000e+00
   5.9720573794513134e+00   7.8022526694223924e+00   4.0000000000000000e+00
   5.9140817865669701e+00   6.6916674709452320e+00   4.0000000000000000e+00
   6.3260784447805731e+00   8.3604658945051273e+00   4.0000000000000000e+00
   2.7294137906525551e+00   2.7388594166840594e+00   4.0000000000000000e+00
   4.2610192989770521e+00   1.3043708077317917e+00   4.0000000000000000e+00
   7.3390693818625827e+00   7.2245143765243691e+00   4.0000000000000000e+00
   8.1119342103913326e+00   6.5156535024677256e+00   4.0000000000000000e+00
   6.8773478813773936e-01   8.8471845564917828e-01   5.0000000000000000e+00
   8.2926167697215050e+00   9.6111407987052129e+00   5.0000000000000000e+00
   5.8635525183962200e-01   2.4623439899554853e+00   5.0000000000000000e+00
   4.6394579901583022e-02   9.3345644508717962e-01   5.0000000000000000e+00
   6.5036803472299676e-01   3.5481872881548835e+00   5.0000000000000000e+00
   8.1199142515752136e+00   7.6609446332007822e+00   5.0000000000000000e+00
   4.6048999890797804e-01   1.6370937867434332e+00   5.0000000000000000e+00
   1.3228867576098768e+00   2.4006218938045776e+00   5.0000000000000000e+00
   9.3470931499452590e+00   8.7996639678209618e+00   5.0000000000000000e+00
   7.3870844447498527e+00   7.6651903327865787e+00   5.0000000000000000e+00
   1.2272392335727078e+00   3.3451053095402306e+00   5.0000000000000000e+00
   4.4165342043145150e-01   1.8807392753230612e+00   5.0000000000000000e+00
   9.9619750495153134e+00   8.5867537425836122e+00   5.0000000000000000e+00
   8.7668100018464390e+00   8.1261749115202999e+00   5.0000000000000000e+00
   8.7866713341027225e+00   7.4035741824232311e+00   5.0000000000000000e+00
   7.3368609654429076e+00   9.1255376697805985e+00   5.0000000000000000e+00
   1.1549306734523390e+00   2.4296452526962664e-01   5.0000000000000000e+00
   3.2190866669474296e+00   4.4473375697093753e-01   5.0000000000000000e+00
   7.4576257482142374e+00   7.6157871252261558e+00   5.0000000000000000e+00
   9.8869469753008463e+00   7.1062205399059417e+00   5.0000000000000000e+00
   2.5931077080302511e-01   2.8006812917634640e+00   5.0000000000000000e+00
   7.0293085069437788e+00   9.2483019693135056e+00   5.0000000000000000e+00
   5.2789930764388204e-01   1.3710167746340107e+00   5.0000000000000000e+00
   9.0203229557256694e+00   8.4615288400118942e+00   5.0000000000000000e+00
   2.5242093037485214e+00   3.1705547454578653e-01   5.0000000000000000e+00
   7.5633351395280872e+00   9.7540331595491310e+00   5.0000000000000000e+00
   5.3516598352577049e-01   2.8726034142789736e+00   5.0000000000000000e+00
   2.1025488009683846e+00   2.4320957659611353e+00   5.0000000000000000e+00
   8.5150243473830827e+00   9.5025221558908708e+00   5.0000000000000000e+00
   2.7103378498888109e-01   2.1064589288157300e+00   5.0000000000000000e+00
   8.8078759279185128e+00   9.2887059924090529e+00   5.0000000000000000e+00
   8.3089798068309850e+00   8.5063318218495194e+00   5.0000000000000000e+00
   7.5541097855680803e+00   7.5427138630625645e+00   5.0000000000000000e+00
   7.1002867826726925e+00   8.8502164030353097e+00   5.0000000000000000e+00
   1.1493560899322719e+00   2.2064989539894775e-01   5.0000000000000000e+00
   3.3398815583071908e+00   1.6722705767317825e-01   5.0000000000000000e+00
   3.8457283565019762e-01   2.2966437542629636e+00   5.0000000000000000e+00
   7.6083652806862334e+00   9.4420988900543605e+00   5.0000000000000000e+00
   8.3152875646136923e+00   7.5521927711983654e+00   5.0000000000000000e+00
   9.6238566010578879e+00   8.6467042530610279e+00   5.0000000000000000e+00
   9.2331298235185617e+00   8.0037259295855705e+00   5.0000000000000000e+00
   2.1991058610180159e+00   2.5811647976958785e-01   5.0000000000000000e+00
   9.9962116326107093e+00   7.9215685309517889e+00   5.0000000000000000e+00
   9.5793150109174405e+00   7.8934317415542523e+00   5.0000000000000000e+00
   7.0464845345319715e-01   1.9090783256681676e-01   5.0000000000000000e+00
   9.7979405326134419e+00   9.3329825446732357e+00   5.0000000000000000e+00
   1.1621368607894844e+00   6.9217927805748092e-02   5.0000000000000000e+00
   9.3079756415300512e+00   8.6550235148551877e+00   5.0000000000000000e+00
   8.2611243793349658e+00   8.5835987133947285e+00   5.0000000000000000e+00
   9.4748597032972164e+00   7.6619527555938909e+00   5.0000000000000000e+00
   1.9362641154426696e+00   1.2613758618723803e+00   5.0000000000000000e+00
   9.9002969034183455e+00   9.9229085438384583e+00   5.0000000000000000e+00
   9.2822807777773750e+00   8.2595259054384780e+00   5.0000000000000000e+00
   2.0222438653787824e+00   2.1821394400776506e+00   5.0000000000000000e+00
   8.0867359402919909e+00   9.0565132879833303e+00   5.0000000000000000e+00
   1.5748083734183027e+00   1.6488938038248246e+00   5.0000000000000000e+00
   1.5389548338856096e+00   6.1125456320381133e-02   5.0000000000000000e+00
   9.7896779619687013e-01   2.7720156588689004e+00   5.0000000000000000e+00
   5.9335367315377807e-01   8.4693796491541851e-01   5.0000000000000000e+00
   2.1006304995595282e+00   1.2583851700866733e+00   5.0000000000000000e+00
   1.6270287267450523e+00   1.0603799952543680e-01   5.0000000000000000e+00
   3.7320734344240325e-01   2.5859240755393973e+00   5.0000000000000000e+00
   3.0894105020546556e+00   8.7100380565300561e-01   5.0000000000000000e+00
   8.0740293242543064e+00   8.1123875416439724e+00   5.0000000000000000e+00
   3.0826575380214050e+00   7.7326555232187566e-01   5.0000000000000000e+00
   1.6097086262774196e+00   1.0789810821779378e+00   5.0000000000000000e+00
   8.4895087792244492e+00   7.8957137153100891e+00   5.0000000000000000e+00
   8.2886747278593660e+00   7.4531628559272232e+00   5.0000000000000000e+00
   7.1602774184489171e+00   9.4026447552840544e+00   5.0000000000000000e+00
   8.5350235176420863e+00   9.7380918273718677e+00   5.0000000000000000e+00
   3.0977727086239861e+00   9.3627461444648064e-01   5.0000000000000000e+00
   9.2155632568771679e+00   6.5629014102618530e+00   5.0000000000000000e+00
   8.1552161475463052e+00   8.9344871633093845e+00   5.0000000000000000e+00
   1.5140074641284951e+00   2.6398503525167483e-01   5.0000000000000000e+00
   5.9624345099893006e-01   1.3872433626940783e+00   5.0000000000000000e+00
   9.0234235528853510e+00   6.6676322215864623e+00   5.0000000000000000e+00
   3.4296484630140345e+00   6.6109772035123471e-01   5.0000000000000000e+00
   9.1782279603859092e+00   9.7521950555832575e+00   5.0000000000000000e+00
   7.1639500940702971e+00   8.3938544214776947e+00   5.0000000000000000e+00
   8.0183330975264315e+00   7.8571899427108258e+00   5.0000000000000000e+00
   1.6566319753156977e+00   4.8404195516988158e-01   5.0000000000000000e+00
   8.9935946618396549e+00   7.9942662887063962e+00   5.0000000000000000e+00
   1.3176544961043934e+00   2.3578624783244551e+00   5.0000000000000000e+00
   7.1346432477565545e+00   9.6396359915555720e+00   5.0000000000000000e+00
   9.4018171489901032e+00   7.3421289038945687e+00   5.0000000000000000e+00
   8.4688699004214278e+00   8.9606652276588061e+00   5.0000000000000000e+00
   3.3466324434776107e+00   5.7710410769284626e-01   5.0000000000000000e+00
   7.8398801346080536e+00   7.3983052224164467e+00   5.0000000000000000e+00
   7.1965519611999529e+00   8.9601473849302344e+00   5.0000000000000000e+00
   2.3038600635931883e-01   3.6112384356842018e+00   5.0000000000000000e+00
   9.2983977868390415e+00   7.4213616872945956e+00   5.0000000000000000e+00
   7.6789830357469890e-02   1.0976969852357843e+00   5.0000000000000000e+00
   1.8724268698270163e+00   2.2602540763907575e+00   5.0000000000000000e+00
   7.3257475016289337e+00   8.5976918210336155e+00   5.0000000000000000e+00
   9.4792131175726855e+00   6.8599749267417787e+00   5.0000000000000000e+00
   9.2147497860638357e+00   7.1914053566084952e+00   5.0000000000000000e+00
   9.5338138824033649e+00   7.6775517621940237e+00   5.0000000000000000e+00
   2.6187134381566168e+00   2.3714132555873713e+00   5.0000000000000000e+00
   9.1461944848212102e+00   8.3372571454527993e+00   5.0000000000000000e+00
   2.0407063340626461e+00   2.7222685715019779e+00   5.0000000000000000e+00
   1.1712801879182166e+00   2.6497077158785576e-01   5.0000000000000000e+00
   8.6505211071127626e+00   9.7198862626790756e+00   5.0000000000000000e+00
   9.9912338706692942e+00   8.7890166646950281e+00   5.0000000000000000e+00
   7.8727811212290435e+00   9.3794507840706753e+00   5.0000000000000000e+00
   2.6966631762402402e+00   1.3955392659594823e+00   5.0000000000000000e+00
   9.6704132831626755e+00   9.1012222535661618e+00   5.0000000000000000e+00
   9.7400130186223812e+00   7.9653414540508347e+00   5.0000000000000000e+00
   2.0131288190156873e+00   1.7337197670435123e+00   5.0000000000000000e+00
   9.3685287734776850e+00   6.5317160601213669e+00   5.0000000000000000e+00
   9.2927020617163762e+00   6.5253374570471525e+00   5.0000000000000000e+00
   4.6875328088784585e-02   3.6570249075135530e+00   5.0000000000000000e+00
   1.6277568912578944e+00   2.7025820046003437e+00   5.0000000000000000e+00
   3.2307439422856508e+00   1.0906735357152364e+00   5.0000000000000000e+00
   2.2091719197177029e+00   1.1223080032590271e+00   5.0000000000000000e+00
   7.9315033993628585e+00   7.5551843838057380e+00   5.0000000000000000e+00
   1.9427817434683692e-01   2.7758426728337469e+00   5.0000000000000000e+00
   2.1962791873321752e+00   6.0441774360782463e-01   5.0000000000000000e+00
   8.9201906035779324e+00   7.6874070094292213e+00   5.0000000000000000e+00
   8.1943183432355298e+00   9.7105845631306629e+00   5.0000000000000000e+00
   9.3302074882965371e+00   8.8491735928873201e+00   5.0000000000000000e+00
   9.9943390833673043e+00   8.5511548019007275e+00   5.0000000000000000e+00
   8.5315532357007271e+00   9.1847657332345829e+00   5.0000000000000000e+00
   9.6746868589113744e-02   1.6116109609826190e+00   5.0000000000000000e+00
   7.2802681703808192e+00   9.5837440795908204e+00   5.0000000000000000e+00
   3.2642545336347162e+00   2.8021421264103119e-01   5.0000000000000000e+00
   6.5114719559400855e+00   9.5927923253766707e+00   5.0000000000000000e+00
   1.7480839365150824e+00   1.7315129698416731e+00   5.0000000000000000e+00
   4.7585975129154856e-01   3.5266758710513688e+00   5.0000000000000000e+00
   2.1210477071709013e+00   2.6668015368104694e+00   5.0000000000000000e+00
   1.9075673160881490e+00   9.0124689205452246e-01   5.0000000000000000e+00
   9.2248419587893355e+00   8.4874950592948792e+00   5.0000000000000000e+00
   8.9841866746275176e+00   8.5317684497386548e+00   5.0000000000000000e+00
   3.0607364800663950e+00   1.6568202496434759e-01   5.0000000000000000e+00
   6.9640755258573828e-01   3.4945897148372262e+00   5.0000000000000000e+00
   1.5753425328858628e+00   8.0071285949416482e-01   5.0000000000000000e+00
   9.6522270247653257e+00   7.8176247816924089e+00   5.0000000000000000e+00
   8.5467519849772540e+00   8.6656040068477562e+00   5.0000000000000000e+00
   4.1555943696973574e-01   1.5049756873889353e+00   5.0000000000000000e+00
   6.8498862444750408e+00   8.4808900164822685e+00   5.0000000000000000e+00
   3.3804667744265293e+00   3.3305112575276907e-01   5.0000000000000000e+00
   1.1802787650803037e+00   2.8519332506313022e+00   5.0000000000000000e+00
   7.7284618785369830e+00   9.3493299264445255e+00   5.0000000000000000e+00
   3.3705243331283952e+00   5.0191022394806217e-01   5.0000000000000000e+00
   7.8865743920205365e+00   7.3645664273234974e+00   5.0000000000000000e+00
   6.6580976472868389e+00   9.6920433970945634e+00   5.0000000000000000e+00
   3.2779251343826035e+00   4.0924361402873144e-01   5.0000000000000000e+00
   9.7361617104504417e-02   4.5548267586628222e-01   5.0000000000000000e+00
   7.6766041911562120e+00   8.3950297225281751e+00   5.0000000000000000e+00
   9.9617189804657027e+00   8.4739077235745199e+00   5.0000000000000000e+00
   2.8000417670665301e-01   7.1492839298589184e-02   5.0000000000000000e+00
   9.8464495634046241e+00   7.2187984079900698e+00   5.0000000000000000e+00
   8.4688587182315622e+00   7.6556792539978886e+00   5.0000000000000000e+00
   9.0856009115127137e+00   7.7458346000679521e+00   5.0000000000000000e+00
   8.7827968338671125e-01   2.8843361621788342e+00   5.0000000000000000e+00
   8.0415259675605792e+00   7.4383119382437908e+00   5.0000000000000000e+00
   6.3569659446216509e-01   5.4379949697838104e-02   5.0000000000000000e+00
   7.0193137836246580e+00   8.0562749246350531e+00   5.0000000000000000e+00
   2.7451842352594289e+00   1.3308369498139738e-01   5.0000000000000000e+00
   5.8238319247867931e-01   1.9843696014073009e+00   5.0000000000000000e+00
   8.7602692742016042e-01   3.2795504735521206e+00   5.0000000000000000e+00
   8.4409450682353726e-01   1.9189969926522599e+00   5.0000000000000000e+00
   7.1646075247058914e+00   8.5904392411995882e+00   5.0000000000000000e+00
   9.4391237986305772e+00   9.3577853646812184e+00   5.0000000000000000e+00
   8.3215426643930321e+00   8.7438536740115484e+00   5.0000000000000000e+00
   9.4242817851189304e+00   7.4487996412606341e+00   5.0000000000000000e+00
   8.0117586421329658e+00   7.2828036386739781e+00   5.0000000000000000e+00
   2.2156173425838643e+00   1.7393698157243043e+00   5.0000000000000000e+00
   7.8845971934409631e+00   8.1947927190801888e+00   5.0000000000000000e+00
   5.4885760084123492e-01   2.2418505674788580e+00   5.0000000000000000e+00
   4.1353049020771637e-01   2.6068834317971055e+00   5.0000000000000000e+00
   6.4375040240166435e+00   9.9464170044465430e+00   5.0000000000000000e+00
   8.8245082533124215e+00   9.3040698491108333e+00   5.0000000000000000e+00
   9.7589650532669374e+00   7.1253326869674547e+00   5.0000000000000000e+00
   8.2509996013428246e+00   7.9908840831366854e+00   5.0000000000000000e+00
   9.9318990925790125e+00   8.2546260812738907e+00   5.0000000000000000e+00
   6.5873222449944624e+00   9.2910962593907485e+00   5.0000000000000000e+00
   1.4475090073233454e+00   1.2101654547983942e+00   5.0000000000000000e+00
   7.7697784581951783e+00   8.1128315575121164e+00   5.0000000000000000e+00
   4.4977106283295876e-01   3.5180825055439877e+00   5.0000000000000000e+00
   7.8223093883079207e+00   7.3926890542210035e+00   5.0000000000000000e+00
   1.8211712539780767e+00   2.1604404083983320e+00   5.0000000000000000e+00
   7.4713823496880138e+00   9.0675930409568970e+00   5.0000000000000000e+00
   7.5011844913804082e-01   1.0332300479570045e+00   5.0000000000000000e+00
   2.3826470941051916e+00   1.5606179427342759e+00   5.0000000000000000e+00
   2.9196942021657235e+00   2.3806971261466470e-01   5.0000000000000000e+00
   9.3485877215477231e+00   9.5888010053733037e+00   5.0000000000000000e+00
   7.1505776630837552e+00   9.9470602605202476e+00   5.0000000000000000e+00
   1.2809049434059050e+00   1.2439459934634689e-01   5.0000000000000000e+00
   8.6574483370402184e+00   8.1363695778808740e+00   5.0000000000000000e+00
   7.9102985568359738e+00   9.9151496148035640e+00   5.0000000000000000e+00
   8.0043034547268519e+00   9.9920433159808866e+00   5.0000000000000000e+00
   7.0433018345871465e+00   9.5551106747668406e+00   5.0000000000000000e+00
   8.2103200980632742e+00   8.3190008251081391e+00   5.0000000000000000e+00
   1.6131666254411214e+00   7.5544848136171239e-01   5.0000000000000000e+00
   1.2081042423485655e+00   4.8673027337611252e-01   5.0000000000000000e+00
   8.4551452088989176e-01   2.3373850565834386e+00   5.0000000000000000e+00
   7.0504616369150783e+00   8.5455527149262220e+00   5.0000000000000000e+00
   8.0961730765096096e+00   9.6372743310446971e+00   5.0000000000000000e+00
   9.9162988556540608e+00   8.4369062944258495e+00   5.0000000000000000e+00
   2.3343672122297763e+00   2.2381671101803735e+00   5.0000000000000000e+00
   7.7090736803996238e+00   7.4292674048297762e+00   5.0000000000000000e+00
   9.8345564666482268e+00   8.2910956737463302e+00   5.0000000000000000e+00
   1.3872240455341145e+00   6.8522265364698409e-01   5.0000000000000000e+00
   9.4338263027780496e+00   7.8169708420406252e+00   5.0000000000000000e+00
   1.1165556701095369e+00   3.0114223132915785e+00   5.0000000000000000e+00
   8.7563339906421178e-01   3.0972039214799962e+00   5.0000000000000000e+00
   7.4514565168245781e+00   7.6061751627390191e+00   5.0000000000000000e+00
   6.3332556093072423e-01   2.0301291449400694e+00   5.0000000000000000e+00
   3.5969587637798917e+00   4.7282077611619844e-01   5.0000000000000000e+00
   8.7551584001928973e+00   8.3996607320367449e+00   5.0000000000000000e+00
   7.8547793760757454e+00   9.4415753025584728e+00   5.0000000000000000e+00
   9.7594475267936631e-01   1.6567075476606019e+00   5.0000000000000000e+00
   7.5639346444077393e+00   8.0008470327981520e+00   5.0000000000000000e+00
   8.6718655115782823e+00   9.5288941183855798e+00   5.0000000000000000e+00
   9.5010340237915063e+00   9.3830727200619375e+00   5.0000000000000000e+00
   3.3301833864610786e+00   2.4446818881240784e-03   5.0000000000000000e+00
   1.4104084372503867e+00   2.2426292439178255e+00   5.0000000000000000e+00
   7.6017183033888935e+00   8.1562954233318123e+00   5.0000000000000000e+00
   9.5740397766641898e+00   7.9910491913186892e+00   5.0000000000000000e+00
   2.1890314346793236e+00   1.9252563707346626e-01   5.0000000000000000e+00
   3.0799047717063543e+00   1.3539095154733172e-02   5.0000000000000000e+00
