   7.3567179470095168e+00   1.6430213594586274e+00   1.0000000000000000e+00
   1.7689531335719355e+00   8.9172491017968714e+00   1.0000000000000000e+00
   3.2098805609883438e+00   8.9381485349028580e+00   1.0000000000000000e+00
   2.2671061490288147e+00   9.2548100191582598e+00   1.0000000000000000e+00
   8.9162637651200587e+00   3.3911153245952184e+00   1.0000000000000000e+00
   6.9864913127060335e-01   7.5909314732647681e+00   1.0000000000000000e+00
   2.9133849045290230e+00   9.3839489785999035e+00   1.0000000000000000e+00
   9.5765582042913149e+00   2.7733991775547029e-01   1.0000000000000000e+00
   3.0142764914838116e+00   9.5869991496954867e+00   1.0000000000000000e+00
   1.1902663610467212e-01   8.3834854428063501e+00   1.0000000000000000e+00
   6.9013123836676069e+00   1.8691974889757879e+00   1.0000000000000000e+00
   9.4037324738210359e-01   8.0061968425770385e+00   1.0000000000000000e+00
   9.0991163768806373e+00   1.0690736136288070e+00   1.0000000000000000e+00
   8.6386146097214223e+00   3.3214513544302084e+00   1.0000000000000000e+00
   9.0228204490912289e-01   8.1458695721451111e+00   1.0000000000000000e+00
   9.5329672880329710e+00   2.1517495664248907e+00   1.0000000000000000e+00
   6.6994971184936905e+00   1.5770269627037758e-01   1.0000000000000000e+00
   8.8661026631333524e+00   2.5045458743530959e+00   1.0000000000000000e+00
   8.2748839968879544e+00   3.7149775732567614e-01   1.0000000000000000e+00
   8.4456730673000120e+00   1.3560799204293428e+00   1.0000000000000000e+00
   1.0439184649591104e+00   7.6176832450353231e+00   1.0000000000000000e+00
   3.3880101310953314e+00   9.2763364746814485e+00   1.0000000000000000e+00
   8.1663246902907165e+00   1.5159214683741540e+00   1.0000000000000000e+00
   7.5909770912576500e+00   1.1815228250802190e+00   1.0000000000000000e+00
   1.0022239999284033e+00   7.3787352294582496e+00   1.0000000000000000e+00
   9.2112764820048998e+00   1.3441178766255590e+00   1.0000000000000000e+00
   9.7437643925096378e+00   4.7646206955148540e-01   1.0000000000000000e+00
   9.0883856891544017e+00   2.3148438057066203e+00   1.0000000000000000e+00
   1.9611366965760690e+00   9.1716194353795242e+00   1.0000000000000000e+00
   9.4825068558921206e+00   1.6529633291599544e+00   1.0000000000000000e+00
   8.6745658220925144e+00   1.0624409851330663e+00   1.0000000000000000e+00
   3.5281568132466736e+00   9.2228715759039464e+00   1.0000000000000000e+00
   2.5852341756488242e+00   8.3030425713494651e+00   1.0000000000000000e+00
   1.3402017012984613e+00   8.3118929612280468e+00   1.0000000000000000e+00
   3.2430980595755510e+00   9.8889111225868493e+00   1.0000000000000000e+00
   1.2266084771120345e-01   6.7201526612819844e+00   1.0000000000000000e+00
   8.5947337136714790e+00   6.4544041431939703e-01   1.0000000000000000e+00
   6.9651459830224187e+00   2.6693039276891040e-01   1.0000000000000000e+00
   9.5644831036138758e+00   3.5858401116937277e+00   1.0000000000000000e+00
   6.9147934943890306e+00   1.0803116197137419e+00   1.0000000000000000e+00
   9.0124681292551081e+00   2.6939136862258337e+00   1.0000000000000000e+00
   7.3641471196976642e+00   1.2235966846464297e+00   1.0000000000000000e+00
   2.0520407771142093e+00   7.5308188442774862e+00   1.0000000000000000e+00
   7.8214359415880317e+00   2.1136919341300722e+00   1.0000000000000000e+00
   5.7607088084418834e-01   6.7672203461049900e+00   1.0000000000000000e+00
   8.4046479287510927e+00   2.5258962490074555e+00   1.0000000000000000e+00
   9.6942987523239825e+00   2.3787602434740762e-01   1.0000000000000000e+00
   6.9648231978450088e+00   2.0217755269429039e-01   1.0000000000000000e+00
   1.5525831373924992e+00   9.8529929825179519e+00   1.0000000000000000e+00
   8.7952020645968823e+00   1.9850861605633430e+00   1.0000000000000000e+00
   8.5854314786545705e-01   7.5702052776054654e+00   1.0000000000000000e+00
   3.2148575925077694e-01   7.5187860413147334e+00   1.0000000000000000e+00
   8.6517625375154061e+00   6.1219166785665857e-01   1.0000000000000000e+00
   2.3767367314438603e+00   9.0981900236536735e+00   1.0000000000000000e+00
   7.7693980955444317e+00   2.3973433954423831e+00   1.0000000000000000e+00
   8.9217706060110107e+00   2.1259014361371040e+00   1.0000000000000000e+00
   7.6625936172451690e+00   2.0261055966830641e+00   1.0000000000000000e+00
   8.7626353208280996e+00   1.3307341046612176e+00   1.0000000000000000e+00
   6.5230526747353093e+00   7.5686618716878429e-01   1.0000000000000000e+00
   9.4032697520525339e+00   3.5251230267567291e+00   1.0000000000000000e+00
   8.5073880869955829e+00   1.2222166760859943e+00   1.0000000000000000e+00
   9.7835328612946189e+00   6.7667497662978748e-01   1.0000000000000000e+00
   8.4042204241295977e+00   2.3840253546529224e+00   1.0000000000000000e+00
   2.4676213788193979e+00   8.0880084757153892e+00   1.0000000000000000e+00
   9.1361545033876155e+00   2.7325276760679884e+00   1.0000000000000000e+00
   7.9310797741444494e+00   2.2052977977022636e+00   1.0000000000000000e+00
   2.3801876101564892e+00   8.2954103156650039e+00   1.0000000000000000e+00
   7.6048840373420434e+00   2.9263543201412556e-01   1.0000000000000000e+00
   2.6023016680364530e+00   8.1578913767884771e+00   1.0000000000000000e+00
   1.7585886419056229e+00   8.7023755091893857e+00   1.0000000000000000e+00
   9.9394640033213104e+00   1.1262432186261295e+00   1.0000000000000000e+00
   8.4186191975420641e+00   3.1504016036468085e+00   1.0000000000000000e+00
   9.0602272006326210e+00   2.3191992283625584e+00   1.0000000000000000e+00
   7.3714017183941731e+00   2.2429195516521228e-02   1.0000000000000000e+00
   1.4709278856502139e+00   7.6749424641244870e+00   1.0000000000000000e+00
   2.2642836348297379e+00   7.4465331270895243e+00   1.0000000000000000e+00
   9.2508359594470981e+00   2.7245364973689457e+00   1.0000000000000000e+00
   9.7652012385202251e+00   2.0239029307225973e+00   1.0000000000000000e+00
   9.2001926677162835e+00   8.0484807158120564e-01   1.0000000000000000e+00
   9.9641168826910960e+00   1.6721846666334250e+00   1.0000000000000000e+00
   3.8837659388037959e-02   7.1162622643945559e+00   1.0000000000000000e+00
   7.6575874606477576e+00   2.2355867934758757e+00   1.0000000000000000e+00
   7.7182571627284369e-01   9.9911034108283268e+00   1.0000000000000000e+00
   8.3411317241565701e+00   2.1198429732176391e+00   1.0000000000000000e+00
   6.4614829178415989e-01   7.5159027151057618e+00   1.0000000000000000e+00
   8.3406124829010664e-01   7.0951243688929013e+00   1.0000000000000000e+00
   1.7887965219114166e+00   7.1627257870430636e+00   1.0000000000000000e+00
   7.9360006785879680e+00   1.3560847645276952e+00   1.0000000000000000e+00
   3.8524592126707113e-01   7.2182632335237162e+00   1.0000000000000000e+00
   9.8398238202542565e+00   3.4685576880103950e+00   1.0000000000000000e+00
   1.0019295286968499e+00   8.2760302867330200e+00   1.0000000000000000e+00
   3.2368367077039961e+00   9.4693603537950306e+00   1.0000000000000000e+00
   7.5923146799187009e+00   1.8335280731037140e+00   1.0000000000000000e+00
   9.7724363194523489e-01   7.2641648691660601e+00   1.0000000000000000e+00
   2.3833240694117008e+00   7.7435661261934872e+00   1.0000000000000000e+00
   6.5270892562303562e-02   8.7886354353550402e+00   1.0000000000000000e+00
   3.0633373097655237e+00   8.6243712957225132e+00   1.0000000000000000e+00
   6.7015610577413556e+00   7.5592251119947274e-01   1.0000000000000000e+00
   6.1572236878397191e-01   6.9903291355936439e+00   1.0000000000000000e+00
   1.6046057007894565e+00   9.9420299818195517e+00   1.0000000000000000e+00
   9.7419083260986934e+00   2.0105892902081122e+00   1.0000000000000000e+00
   9.3603891447742509e+00   7.6832429243957612e-01   1.0000000000000000e+00
   1.3649282612873603e+00   8.0456138966852855e+00   1.0000000000000000e+00
   8.4654255440894026e+00   5.0628557589282752e-01   1.0000000000000000e+00
   8.5492841747515094e+00   2.0824419897988458e+00   1.0000000000000000e+00
   6.9197468342721535e+00   1.6399570940607888e+00   1.0000000000000000e+00
   8.1963414435370048e+00   2.1394484403453360e+00   1.0000000000000000e+00
   9.5520880245873467e+00   3.4297514993187486e+00   1.0000000000000000e+00
   3.4543115576720340e+00   9.4653073612040757e+00   1.0000000000000000e+00
   9.2124703765036635e+00   3.5032451499139317e+00   1.0000000000000000e+00
   2.1560944725734990e+00   7.9155871377178189e+00   1.0000000000000000e+00
   2.9630249866921412e+00   9.5206572295761873e+00   1.0000000000000000e+00
   7.8141147923705816e+00   2.2563911907380207e+00   1.0000000000000000e+00
   1.1350173937602948e+00   9.6052857287995401e+00   1.0000000000000000e+00
   9.5293119847206587e+00   1.3248153185995826e+00   1.0000000000000000e+00
   1.4101855196347468e+00   9.3729309684048943e+00   1.0000000000000000e+00
   3.4686812404346403e+00   9.5730374432619243e+00   1.0000000000000000e+00
   9.4393990601055791e+00   1.2302597733509479e+00   1.0000000000000000e+00
   7.7924903644461416e+00   9.0720685334394036e-01   1.0000000000000000e+00
   7.6429580339268757e+00   1.4479798073082939e+00   1.0000000000000000e+00
   3.3254385000761699e+00   9.8854042929552008e+00   1.0000000000000000e+00
   2.6857576067475031e+00   9.5295265160635019e+00   1.0000000000000000e+00
   9.7583098891390687e+00   1.8048887740886388e+00   1.0000000000000000e+00
   8.0189161113526310e+00   2.0492737113409931e-01   1.0000000000000000e+00
   9.3594049735905198e+00   1.6597254121403204e+00   1.0000000000000000e+00
   1.2158118474777291e+00   8.6544818967633965e+00   1.0000000000000000e+00
   7.4767890314411609e+00   2.8302565805644608e-02   1.0000000000000000e+00
   1.5062319260522317e+00   8.2216043809150712e+00   1.0000000000000000e+00
   2.5474699055453378e+00   7.8474452449108592e+00   1.0000000000000000e+00
   7.4329771130414501e+00   1.5873124197341248e+00   1.0000000000000000e+00
   8.1813137339296773e+00   1.7866268824039311e+00   1.0000000000000000e+00
   7.9494548146741240e+00   1.8470777610845701e-01   1.0000000000000000e+00
   2.6223891591623416e-01   9.7777605845597986e+00   1.0000000000000000e+00
   3.0343915174113292e+00   9.6775246617367046e+00   1.0000000000000000e+00
   8.1993046534021570e+00   5.6356586060759217e-01   1.0000000000000000e+00
   1.5287462055864287e-01   6.9741911315798806e+00   1.0000000000000000e+00
   2.6559651127225914e-02   8.0175529605250535e+00   1.0000000000000000e+00
   8.4348262450481215e+00   1.2317132977844858e+00   1.0000000000000000e+00
   6.8760233237011317e+00   7.6507272236138069e-01   1.0000000000000000e+00
   5.2766820342192267e-01   6.6000354140245481e+00   1.0000000000000000e+00
   9.8393074736967616e+00   2.7920217021090021e+00   1.0000000000000000e+00
   1.6201337531155557e+00   7.4115709358825841e+00   1.0000000000000000e+00
   7.5294831679968333e+00   2.0174267864768360e+00   1.0000000000000000e+00
   6.3639844654647226e-01   7.5935579718195543e+00   1.0000000000000000e+00
   8.7758862317081174e+00   9.4646970638509242e-01   1.0000000000000000e+00
   4.4415118908721962e-01   8.0219841570158650e+00   1.0000000000000000e+00
   8.7633886641356611e+00   3.0385790227099587e+00   1.0000000000000000e+00
   9.8705666498993985e+00   2.7148530944680695e+00   1.0000000000000000e+00
   1.6922737112967345e+00   9.8930938608047043e+00   1.0000000000000000e+00
   9.3700953688887392e+00   1.7820520961885800e+00   1.0000000000000000e+00
   1.6202253226700980e+00   7.6476136935547494e+00   1.0000000000000000e+00
   1.5382678785790060e+00   7.3679539171239927e+00   1.0000000000000000e+00
   6.2596031200825020e-01   7.6502677381374369e+00   1.0000000000000000e+00
   8.7541331300020779e+00   2.8795145628582688e+00   1.0000000000000000e+00
   3.1772839529877315e+00   9.4307638298381100e+00   1.0000000000000000e+00
   1.5373220659298492e+00   7.1210101344485119e+00   1.0000000000000000e+00
   9.4128825136751182e+00   2.7915871407303685e+00   1.0000000000000000e+00
   7.3810162861017279e+00   1.0776393789465433e+00   1.0000000000000000e+00
   7.2360289645477476e+00   9.6151077649223926e-01   1.0000000000000000e+00
   8.2989740118210236e+00   1.7683174272786872e-01   1.0000000000000000e+00
   8.1575409787747528e+00   1.5233117041881761e+00   1.0000000000000000e+00
   2.0128250939835288e+00   8.8380340358989216e+00   1.0000000000000000e+00
   1.1747524183840885e+00   9.9224786085360535e+00   1.0000000000000000e+00
   2.5558032354559055e+00   8.4194687663207830e+00   1.0000000000000000e+00
   8.5136821349986871e+00   1.3716018966175691e+00   1.0000000000000000e+00
   7.3065947934656816e-01   9.1726391567464525e+00   1.0000000000000000e+00
   7.9796401548264182e+00   5.2748975080891047e-01   1.0000000000000000e+00
   1.4349380687829183e+00   7.7044929577844901e+00   1.0000000000000000e+00
   1.8090451796467033e+00   8.4256310495256379e+00   1.0000000000000000e+00
   3.5699081073565564e+00   9.9863925758865353e+00   1.0000000000000000e+00
   7.9037428870402495e+00   1.9965849066088093e+00   1.0000000000000000e+00
   1.7109282943368498e+00   9.1422992375724217e+00   1.0000000000000000e+00
   9.4748624412909539e+00   6.4782125965146875e-01   1.0000000000000000e+00
   6.0911084250463987e-01   7.3118097620990969e+00   1.0000000000000000e+00
   1.8531036406596202e+00   8.0409376875456289e+00   1.0000000000000000e+00
   7.8058658280167048e+00   7.0855976050728686e-01   1.0000000000000000e+00
   7.1425145083050374e+00   6.0333516867447923e-02   1.0000000000000000e+00
   1.7606765595977358e+00   8.5849793482419443e+00   1.0000000000000000e+00
   9.0364304858418727e+00   1.4605624920530236e+00   1.0000000000000000e+00
   2.1018750516507358e+00   9.3243751262241794e+00   1.0000000000000000e+00
   9.3713579511825387e+00   2.5179459327253784e+00   1.0000000000000000e+00
   7.4387195266123198e+00   1.3040594665392835e+00   1.0000000000000000e+00
   3.8965076155758060e-02   6.5803800459599406e+00   1.0000000000000000e+00
   9.7012955435445907e+00   2.6194635821834087e+00   1.0000000000000000e+00
   9.0463693559668261e+00   3.2680254426943001e-01   1.0000000000000000e+00
   7.3038900444810082e+00   2.2806157085033920e+00   1.0000000000000000e+00
   3.0588227163312576e+00   8.2350660930290527e+00   1.0000000000000000e+00
   1.6005726006989318e+00   9.7789366914216540e+00   1.0000000000000000e+00
   1.9598523465537143e-01   7.1420572856532862e+00   1.0000000000000000e+00
   7.2333620577725668e+00   1.2633508652033265e+00   1.0000000000000000e+00
   8.8161216893826406e+00   1.2401680244998603e+00   1.0000000000000000e+00
   3.0920022044311102e+00   9.4359355488815702e+00   1.0000000000000000e+00
   7.7099242255710916e+00   4.5699782023024715e-01   1.0000000000000000e+00
   2.7306990008587051e-01   7.5929839741761986e+00   1.0000000000000000e+00
   3.4370849781613977e-01   9.3721534266032052e+00   1.0000000000000000e+00
   1.6575959226383463e+00   8.3491007362896994e+00   1.0000000000000000e+00
   2.8524874496554653e+00   9.7724521438303764e+00   1.0000000000000000e+00
   7.8778763260130109e+00   6.1860455451611340e-01   1.0000000000000000e+00
   2.3192852039373157e-01   8.8919789058518450e+00   1.0000000000000000e+00
   8.7829990991293112e+00   2.7507871022129304e+00   1.0000000000000000e+00
   8.3720656217186633e+00   2.0955777946009735e+00   1.0000000000000000e+00
   7.9460775884745125e+00   2.3293653205900600e-01   1.0000000000000000e+00
   1.8042207715055159e-01   9.2508153963153887e+00   1.0000000000000000e+00
   1.1112668532894820e+00   6.8541226479187278e+00   1.0000000000000000e+00
   1.9096709734683104e+00   9.9430502565365604e+00   1.0000000000000000e+00
   8.4996502698683560e+00   4.1824833030918773e-01   1.0000000000000000e+00
   9.3549805202627656e+00   7.4746386181861801e-01   1.0000000000000000e+00
   9.9862855954216521e+00   3.6302805256563686e+00   1.0000000000000000e+00
   8.8919856568908937e+00   3.1473002986024712e+00   1.0000000000000000e+00
   9.3167118134667319e+00   3.1876209044090533e+00   1.0000000000000000e+00
   9.0179374301633981e+00   3.4088143238810567e+00   1.0000000000000000e+00
   9.3935107512627667e+00   1.6558053005776108e+00   1.0000000000000000e+00
   2.0458967224849420e+00   8.5253329002765330e+00   1.0000000000000000e+00
   3.7274390965445492e-01   7.8185075390385990e+00   1.0000000000000000e+00
   7.7706972584292657e+00   2.8850607272988449e+00   2.0000000000000000e+00
   5.7855426515128938e+00   3.0550790836132888e+00   2.0000000000000000e+00
   3.1004401797622161e+00   7.1332917563283926e+00   2.0000000000000000e+00
   3.8963722601795459e+00   9.3422130168534174e+00   2.0000000000000000e+00
   6.5957299929168487e+00   2.9057299313919183e+00   2.0000000000000000e+00
   6.3526098294009836e+00   2.9023672629950426e+00   2.0000000000000000e+00
   6.8901590970194180e+00   3.9158379619963446e+00   2.0000000000000000e+00
   4.4229296979921244e+00   7.4180929574131387e+00   2.0000000000000000e+00
   6.4636060629431613e+00   4.0278876610861678e+00   2.0000000000000000e+00
   6.9010079875627302e+00   3.9041035138975291e+00   2.0000000000000000e+00
   5.9174622283538438e+00   3.3005128684969698e+00   2.0000000000000000e+00
   3.1431714158669610e+00   6.7414519675057036e+00   2.0000000000000000e+00
   9.9264989538587187e+00   4.6893617383385235e+00   2.0000000000000000e+00
   7.4201391740507452e+00   3.7386306884215026e+00   2.0000000000000000e+00
   1.2987054191572900e+00   6.1426665952824413e+00   2.0000000000000000e+00
   5.5914492287082478e+00   1.9605815212856648e+00   2.0000000000000000e+00
   6.6830794284361943e+00   2.4040953720557310e+00   2.0000000000000000e+00
   4.5140695248610925e+00   8.2573675166110814e+00   2.0000000000000000e+00
   6.0503571836538574e+00   1.9958922116283739e+00   2.0000000000000000e+00
   4.0688056043781282e+00   8.5041333595000559e+00   2.0000000000000000e+00
   3.4646396859754249e+00   7.0747859758302098e+00   2.0000000000000000e+00
   4.4801203364068263e+00   8.0228488429911273e+00   2.0000000000000000e+00
   6.6596892198214741e+00   3.2323693606515125e+00   2.0000000000000000e+00
   5.8256149081185251e+00   2.7997739456746871e+00   2.0000000000000000e+00
   9.7285483911053849e-01   5.4996772700325183e+00   2.0000000000000000e+00
   5.7383827426014253e+00   3.3004067466440610e+00   2.0000000000000000e+00
   7.2653482622592254e+00   3.2912360692079967e+00   2.0000000000000000e+00
   8.6978835280385081e+00   4.2297713918906821e+00   2.0000000000000000e+00
   6.9314926715629070e+00   2.5043704490478058e+00   2.0000000000000000e+00
   3.8273977610996104e+00   5.9320015973374671e+00   2.0000000000000000e+00
   8.2494801446434192e+00   4.4198335567403166e+00   2.0000000000000000e+00
   3.3603531363477801e+00   6.7807124466720996e+00   2.0000000000000000e+00
   7.2378850044562695e+00   4.4995575702561039e+00   2.0000000000000000e+00
   2.8195839697876490e+00   7.3752687357574240e+00   2.0000000000000000e+00
   8.1466721798930593e+00   3.6221037156833455e+00   2.0000000000000000e+00
   6.8416846665866480e+00   3.3874586256577608e+00   2.0000000000000000e+00
   3.8876832794270677e+00   8.0437585684781610e+00   2.0000000000000000e+00
   9.0367625943239265e+00   3.8668568319816199e+00   2.0000000000000000e+00
   5.6459824722313723e+00   3.6034195030131357e+00   2.0000000000000000e+00
   4.6343675892256346e+00   9.3933246843291371e+00   2.0000000000000000e+00
   6.4279391517885029e+00   3.1861724880557132e+00   2.0000000000000000e+00
   4.1116905377920556e+00   8.7240795077968496e+00   2.0000000000000000e+00
   7.7521361386717560e+00   3.6451036837967967e+00   2.0000000000000000e+00
   6.4891753587235570e+00   1.4491014910721345e+00   2.0000000000000000e+00
   2.8190836400055872e+00   5.6203432187349156e+00   2.0000000000000000e+00
   2.7980084034741735e+00   6.3362581690100068e+00   2.0000000000000000e+00
   4.4847651221264258e+00   9.4885450239379061e+00   2.0000000000000000e+00
   1.7611140260699953e+00   5.5457905894256196e+00   2.0000000000000000e+00
   6.5531153643952109e+00   3.2295393627024547e+00   2.0000000000000000e+00
   3.6423077403915229e+00   6.6861843287952061e+00   2.0000000000000000e+00
   1.4466137304428883e+00   5.2820770907118355e+00   2.0000000000000000e+00
   1.3049245566474243e-01   5.7838324778416457e+00   2.0000000000000000e+00
   7.3340371795277584e+00   3.0204751769650171e+00   2.0000000000000000e+00
   3.4326405491198031e+00   5.7003008591857096e+00   2.0000000000000000e+00
   1.5673196843918236e+00   6.1726709577032279e+00   2.0000000000000000e+00
   3.9455761830733760e+00   6.3102452743153581e+00   2.0000000000000000e+00
   7.1554630726887858e+00   3.9325971476116073e+00   2.0000000000000000e+00
   9.2133744944262315e+00   3.6690818608359876e+00   2.0000000000000000e+00
   8.7698258984812156e+00   4.0848106324551194e+00   2.0000000000000000e+00
   2.7139759721026802e+00   6.7459595202303397e+00   2.0000000000000000e+00
   8.4869856973645668e+00   4.1653988544036444e+00   2.0000000000000000e+00
   3.8665669826187221e+00   8.9137930193059294e+00   2.0000000000000000e+00
   2.9319186435828550e+00   6.0412372815829212e+00   2.0000000000000000e+00
   7.5827626902197185e+00   4.2435244966886430e+00   2.0000000000000000e+00
   9.5896164909355193e+00   4.1005550667076545e+00   2.0000000000000000e+00
   5.2834721534423403e+00   4.7909425256953408e-02   2.0000000000000000e+00
   3.7396866231456194e+00   6.0881785376675062e+00   2.0000000000000000e+00
   6.2342902030836802e+00   3.0513063498501927e+00   2.0000000000000000e+00
   4.4021043125024235e+00   9.3184768920606960e+00   2.0000000000000000e+00
   8.0298705399406423e-01   6.0468716981668056e+00   2.0000000000000000e+00
   5.6627967780998789e+00   2.8258928174584375e+00   2.0000000000000000e+00
   2.7415002329805196e+00   5.6845093782205769e+00   2.0000000000000000e+00
   4.3671159935943304e+00   7.2316751049829016e+00   2.0000000000000000e+00
   4.3236870882995575e+00   7.8092348481771836e+00   2.0000000000000000e+00
   3.9321177006090013e+00   9.7636140278047137e+00   2.0000000000000000e+00
   2.8017744901907560e+00   5.9016079986949697e+00   2.0000000000000000e+00
   3.9512953461872113e+00   8.7013961066947836e+00   2.0000000000000000e+00
   1.9488133867833646e+00   6.8916891460094831e+00   2.0000000000000000e+00
   2.7489445986501568e+00   6.7210747568106255e+00   2.0000000000000000e+00
   2.9207134644553792e+00   6.9676845412962169e+00   2.0000000000000000e+00
   2.8860229826723582e+00   7.8013523576852801e+00   2.0000000000000000e+00
   3.8952780515439311e+00   7.1355887651825887e+00   2.0000000000000000e+00
   6.0844558337929016e+00   8.7513896449361583e-01   2.0000000000000000e+00
   4.0509382710451867e+00   7.0821755003619025e+00   2.0000000000000000e+00
   8.2644492986484970e+00   4.1105092048731118e+00   2.0000000000000000e+00
   5.9357109037376521e+00   1.7562528639302077e-01   2.0000000000000000e+00
   1.0743195732926236e+00   5.6816850962902441e+00   2.0000000000000000e+00
   6.6014182156677705e+00   3.2100156323550131e+00   2.0000000000000000e+00
   5.3276855048469729e+00   1.2727518025218842e+00   2.0000000000000000e+00
   1.6399015581277343e+00   6.5078812556831256e+00   2.0000000000000000e+00
   1.7867276491869188e+00   5.8380742272830553e+00   2.0000000000000000e+00
   3.6151916189417035e+00   7.2423399969633699e+00   2.0000000000000000e+00
   3.4765068468875295e+00   7.1484665772108009e+00   2.0000000000000000e+00
   5.6845270899995581e+00   2.9608398922219892e+00   2.0000000000000000e+00
   9.8085772950936363e+00   3.7578498434271665e+00   2.0000000000000000e+00
   1.5296754394959178e+00   5.5859546100135198e+00   2.0000000000000000e+00
   6.9664181787238793e+00   4.3933610097979772e+00   2.0000000000000000e+00
   7.3679684904391536e+00   2.6989241838416769e+00   2.0000000000000000e+00
   7.9880460451893418e+00   4.1905582188308959e+00   2.0000000000000000e+00
   3.6480343857016360e+00   9.4042439631241894e+00   2.0000000000000000e+00
   4.0933673695032819e+00   8.5621437323493303e+00   2.0000000000000000e+00
   2.8933144489542109e+00   7.3106875976373500e+00   2.0000000000000000e+00
   1.4411255653243693e+00   5.4872056684984045e+00   2.0000000000000000e+00
   7.4018714003928086e+00   4.6476776378124951e+00   2.0000000000000000e+00
   8.6128558104835822e+00   3.8138417747073339e+00   2.0000000000000000e+00
   3.6630160953457578e+00   7.6480179965452120e+00   2.0000000000000000e+00
   3.6861389344978024e+00   6.4339204286048615e+00   2.0000000000000000e+00
   3.4473981324006231e+00   6.4025998259492329e+00   2.0000000000000000e+00
   1.8013804278437773e+00   5.8487413476067918e+00   2.0000000000000000e+00
   5.6848891339260206e+00   3.2264439193887142e+00   2.0000000000000000e+00
   7.8379300621451726e+00   3.0321131766413600e+00   2.0000000000000000e+00
   5.8477401689225905e+00   1.1589108577899010e+00   2.0000000000000000e+00
   5.7698280433241402e+00   1.5296510352167181e+00   2.0000000000000000e+00
   4.5950940250642702e+00   9.5528420830745162e+00   2.0000000000000000e+00
   3.9683531510295444e+00   6.9332469065370308e+00   2.0000000000000000e+00
   3.5683678754781170e+00   7.5875336851578883e+00   2.0000000000000000e+00
   8.1602222074629456e+00   3.4855502850373545e+00   2.0000000000000000e+00
   6.7104183942518238e+00   2.2200128451196455e+00   2.0000000000000000e+00
   5.6197055762922439e+00   3.1849719913231911e+00   2.0000000000000000e+00
   2.6033376326306934e+00   6.1130608993709128e+00   2.0000000000000000e+00
   8.2251252563221513e+00   4.4855234329839790e+00   2.0000000000000000e+00
   5.9096981737598862e+00   1.9122732523312802e+00   2.0000000000000000e+00
   3.4104229770458847e+00   7.1130684876308425e+00   2.0000000000000000e+00
   1.8443272473715189e+00   6.8675175045684806e+00   2.0000000000000000e+00
   6.8973915912901340e+00   4.2259617900332778e+00   2.0000000000000000e+00
   8.7454582359059678e+00   3.5788415944515570e+00   2.0000000000000000e+00
   1.7436589475396347e+00   6.1382374879978876e+00   2.0000000000000000e+00
   3.0733396026268425e+00   7.1285788047244836e+00   2.0000000000000000e+00
   7.7303106663757171e-01   6.2537135745246779e+00   2.0000000000000000e+00
   6.3890581543257499e+00   1.8033041092606561e+00   2.0000000000000000e+00
   1.2121256660207591e+00   6.0078788603812328e+00   2.0000000000000000e+00
   3.3619145943719198e+00   6.3765295276818303e+00   2.0000000000000000e+00
   2.9871211252345353e+00   6.7563321928537174e+00   2.0000000000000000e+00
   8.2833156405718373e+00   4.3150834077808211e+00   2.0000000000000000e+00
   7.4308757973322015e+00   4.0912723520065875e+00   2.0000000000000000e+00
   5.4846719928117258e+00   1.6577125245168667e+00   2.0000000000000000e+00
   8.4033123330595174e+00   3.4057122817158270e+00   2.0000000000000000e+00
   3.0293587626772767e+00   6.9956888301847684e+00   2.0000000000000000e+00
   6.7540573193182682e+00   4.4597772143571168e+00   2.0000000000000000e+00
   3.2003195365072337e+00   5.6204500288490458e+00   2.0000000000000000e+00
   2.8728111479639162e-01   5.9717346133089588e+00   2.0000000000000000e+00
   7.9835844026184546e+00   3.1057847237752600e+00   2.0000000000000000e+00
   4.6918073694408005e+00   9.4535458444558991e+00   2.0000000000000000e+00
   5.3480512196657468e+00   2.3983106444700031e-01   2.0000000000000000e+00
   3.8696433296810220e+00   6.8126930319111452e+00   2.0000000000000000e+00
   6.3245141402075502e+00   3.6636978614538860e+00   2.0000000000000000e+00
   7.7895377926194795e+00   4.0709020737175718e+00   2.0000000000000000e+00
   6.7317766448469865e+00   4.0305222142990846e+00   2.0000000000000000e+00
   4.6239238329541799e+00   8.5142240635347157e+00   2.0000000000000000e+00
   9.6232351232008391e+00   3.7603969700119166e+00   2.0000000000000000e+00
   1.0807295717787924e+00   6.4454908555019275e+00   2.0000000000000000e+00
   3.9510204294301410e+00   7.8812204910889863e+00   2.0000000000000000e+00
   2.9825599082914911e+00   6.8319718077186433e+00   2.0000000000000000e+00
   2.1872618761754725e-01   5.9664795995602482e+00   2.0000000000000000e+00
   5.3886627564858589e+00   2.3937480681813694e+00   2.0000000000000000e+00
   7.6033282146472025e+00   3.4918136539823608e+00   2.0000000000000000e+00
   9.5209759891826788e+00   4.7784240027470029e+00   2.0000000000000000e+00
   4.1313918887561316e+00   7.2921462650456137e+00   2.0000000000000000e+00
   7.7953537563195869e+00   3.6529439450563284e+00   2.0000000000000000e+00
   6.2060402003100936e+00   4.1523391841963333e+00   2.0000000000000000e+00
   6.1205345903507400e+00   2.7152455322554836e-01   2.0000000000000000e+00
   6.6652797533067609e+00   2.9439534882954401e+00   2.0000000000000000e+00
   6.9945993908083750e+00   3.6831169703307864e+00   2.0000000000000000e+00
   2.9219658147445324e+00   7.0099314446274708e+00   2.0000000000000000e+00
   5.5098040370346455e+00   1.1908891861879767e+00   2.0000000000000000e+00
   2.1798594466611254e-01   6.2441598724542882e+00   2.0000000000000000e+00
   6.5388489224836164e+00   1.4817635178492361e+00   2.0000000000000000e+00
   6.1199613238659998e+00   3.8164512792582741e+00   2.0000000000000000e+00
   2.7842292944124800e+00   7.3364817598349834e+00   2.0000000000000000e+00
   2.3321703195655950e+00   5.8541025018481543e+00   2.0000000000000000e+00
   7.2198021654453637e+00   3.1395814702646687e+00   2.0000000000000000e+00
   6.3813798884112662e+00   2.5179497148980090e+00   2.0000000000000000e+00
   8.9936099973458710e+00   3.5308368784827726e+00   2.0000000000000000e+00
   2.1098355431824589e-01   6.0929326474141812e+00   2.0000000000000000e+00
   7.0210929170495806e+00   2.0436081850731833e+00   2.0000000000000000e+00
   9.4721250439791067e+00   4.5891145620063236e+00   2.0000000000000000e+00
   6.4769844954897060e+00   2.5120682532290104e+00   2.0000000000000000e+00
   3.6759050391949319e+00   8.6255161829284397e+00   2.0000000000000000e+00
   1.4266098457875753e+00   6.5140796818430822e+00   2.0000000000000000e+00
   4.4192278735274093e-01   5.9158190261127821e+00   2.0000000000000000e+00
   6.8339351712967513e+00   2.7230347968939439e+00   2.0000000000000000e+00
   7.0398645632321237e+00   2.7883432349808226e+00   2.0000000000000000e+00
   8.6582053164134987e+00   3.6982272627163084e+00   2.0000000000000000e+00
   8.0885245816851388e+00   3.4616102555745929e+00   2.0000000000000000e+00
   5.9230084492057378e+00   1.9663665460187008e+00   2.0000000000000000e+00
   2.4633910088992703e+00   5.8280978218386759e+00   2.0000000000000000e+00
   6.2213909455645258e+00   3.1410128132796746e+00   2.0000000000000000e+00
   3.1651840254815387e+00   8.0692437605115934e+00   2.0000000000000000e+00
   6.1255245195948174e+00   3.6344685206584026e+00   2.0000000000000000e+00
   1.5914675874092488e+00   6.1076449958437387e+00   2.0000000000000000e+00
   5.7881114270409109e+00   1.7489756428099912e+00   2.0000000000000000e+00
   9.6127447632215564e+00   4.0244249067521496e+00   2.0000000000000000e+00
   9.4361430082177158e+00   4.4754202346683067e+00   2.0000000000000000e+00
   6.3930404214365257e+00   3.1434694273147343e+00   2.0000000000000000e+00
   6.4349778960041979e+00   3.9343621541936011e+00   2.0000000000000000e+00
   4.1188403879854674e-01   5.5774245514057332e+00   2.0000000000000000e+00
   3.1516023525149404e+00   6.6311942880653421e+00   2.0000000000000000e+00
   4.2727738315718309e+00   9.1874910655812450e+00   2.0000000000000000e+00
   3.1333597817725489e+00   6.6423584526873345e+00   2.0000000000000000e+00
   4.4958862539596778e+00   6.4704777459934002e+00   3.0000000000000000e+00
   7.2894574830867906e+00   4.7558659927697500e+00   3.0000000000000000e+00
   8.0651150497278259e+00   4.7642303645392969e+00   3.0000000000000000e+00
   3.4885564794171922e+00   4.1511721916604483e+00   3.0000000000000000e+00
   4.6281951006669919e+00   1.7967501166947564e+00   3.0000000000000000e+00
   4.8658189739374382e+00   8.8558135649981242e+00   3.0000000000000000e+00
   6.5476071175179760e+00   5.0785975253685898e+00   3.0000000000000000e+00
   3.9444865044641277e+00   4.5050365400499714e+00   3.0000000000000000e+00
   5.5670258162912090e+00   6.3804050929067895e+00   3.0000000000000000e+00
   5.2967107480192173e+00   2.5753020340302921e+00   3.0000000000000000e+00
   6.2858823281287615e+00   5.9827721380263776e+00   3.0000000000000000e+00
   6.6194417366837026e+00   5.8319818564751822e+00   3.0000000000000000e+00
   3.7838076974958468e+00   5.0012214896530516e+00   3.0000000000000000e+00
   6.7276736601857792e+00   4.7301982508155866e+00   3.0000000000000000e+00
   4.5367567579968586e+00   6.8167406906687731e+00   3.0000000000000000e+00
   6.4941823169918163e+00   4.9343233893321354e+00   3.0000000000000000e+00
   5.6959110392837600e+00   4.2148531336074573e+00   3.0000000000000000e+00
   5.2229365551025033e+00   7.7476600506731845e+00   3.0000000000000000e+00
   7.0842927793519301e+00   4.9858466776053314e+00   3.0000000000000000e+00
   4.7421261794707350e+00   1.5107161781278577e-01   3.0000000000000000e+00
   4.9838259167564338e+00   1.6128408629170476e+00   3.0000000000000000e+00
   4.9355138148333193e+00   6.9077904977924725e+00   3.0000000000000000e+00
   2.3909110061436865e+00   4.4660195505616525e+00   3.0000000000000000e+00
   5.8312822791419352e+00   5.0338914385725095e+00   3.0000000000000000e+00
   5.6996195963428975e-01   5.1252447505063170e+00   3.0000000000000000e+00
   5.3427032910290704e+00   6.3661241735392835e+00   3.0000000000000000e+00
   9.3640622927601114e-01   4.7343484296071718e+00   3.0000000000000000e+00
   5.4000092636814676e+00   4.0381092828452356e+00   3.0000000000000000e+00
   6.2350268399051889e-01   4.6869046161496097e+00   3.0000000000000000e+00
   5.3879599334097890e+00   8.4472759444429837e+00   3.0000000000000000e+00
   5.1276098353451864e+00   1.1605577962856706e+00   3.0000000000000000e+00
   4.5790803275842373e+00   4.0703804759224083e+00   3.0000000000000000e+00
   5.0347855081301809e+00   3.1447154705130731e+00   3.0000000000000000e+00
   1.7958370134924395e+00   5.0958632813343963e+00   3.0000000000000000e+00
   4.4692113660129866e+00   4.3327239407816132e+00   3.0000000000000000e+00
   2.2684218487732668e+00   4.7386477881148812e+00   3.0000000000000000e+00
   7.3799057364827032e+00   5.1548186595026113e+00   3.0000000000000000e+00
   4.8926837037646358e+00   4.8879187628996901e-01   3.0000000000000000e+00
   4.3542301201673164e+00   4.7768528865636926e+00   3.0000000000000000e+00
   4.5435554640576825e+00   5.5295024375550073e+00   3.0000000000000000e+00
   1.0824015318271984e+00   4.7027271402766901e+00   3.0000000000000000e+00
   5.2252038377655010e+00   2.1454453449384889e+00   3.0000000000000000e+00
   4.8956321151491435e+00   8.1511347285598426e+00   3.0000000000000000e+00
   5.0823273130356004e+00   5.2023030673070760e+00   3.0000000000000000e+00
   1.5718355915887561e+00   4.7454964165828128e+00   3.0000000000000000e+00
   4.8443772130873617e+00   6.6822683202845727e+00   3.0000000000000000e+00
   5.1666511227289522e+00   5.2488041835758761e+00   3.0000000000000000e+00
   4.7930020093103689e+00   1.0524091941827241e-01   3.0000000000000000e+00
   4.9318645197648916e+00   2.5226883586953641e+00   3.0000000000000000e+00
   5.1538835982207241e+00   1.6423020051835591e+00   3.0000000000000000e+00
   5.1328173191404307e+00   6.0793035479459387e+00   3.0000000000000000e+00
   4.9452143380342131e+00   2.8410005291032627e+00   3.0000000000000000e+00
   4.4722301026879174e+00   5.4279646843508793e+00   3.0000000000000000e+00
   8.9878005987961789e+00   5.0201491967747085e+00   3.0000000000000000e+00
   4.9341546146093771e+00   7.0243626074784657e+00   3.0000000000000000e+00
   2.5642302066097900e+00   4.7128188125210366e+00   3.0000000000000000e+00
   4.5376144419838491e+00   4.8435399972195370e+00   3.0000000000000000e+00
   4.9176830697645073e+00   7.2758468333858382e+00   3.0000000000000000e+00
   5.3348286604923070e+00   7.8059793753105673e+00   3.0000000000000000e+00
   5.3102562590608091e+00   6.5460983039194023e+00   3.0000000000000000e+00
   4.4303624260022456e+00   4.3272504361258548e+00   3.0000000000000000e+00
   4.6965113674464458e+00   1.5953389294150322e+00   3.0000000000000000e+00
   4.7534931657766135e+00   7.1345477751441022e+00   3.0000000000000000e+00
   5.3880227559816110e+00   3.7316557165619768e+00   3.0000000000000000e+00
   4.6736245706045922e+00   3.8423758626203117e+00   3.0000000000000000e+00
   1.2821596455102058e+00   5.1492577804126416e+00   3.0000000000000000e+00
   5.2807955126349260e+00   7.8293645815765203e+00   3.0000000000000000e+00
   3.9517174471923147e+00   3.7264874420802938e+00   3.0000000000000000e+00
   9.7157154240657562e+00   4.8729354744594104e+00   3.0000000000000000e+00
   4.5810885078968946e+00   2.9601129910763890e+00   3.0000000000000000e+00
   4.7338086278555958e+00   8.6332254294882915e+00   3.0000000000000000e+00
   4.8540059386726000e+00   3.2231136581694897e+00   3.0000000000000000e+00
   4.2863325251676878e+00   4.8006712496458706e+00   3.0000000000000000e+00
   5.6171121019213901e+00   4.0564686758527841e+00   3.0000000000000000e+00
   4.8000761643658070e+00   1.9925930764682476e+00   3.0000000000000000e+00
   4.5990173419237372e+00   1.2587920708659106e+00   3.0000000000000000e+00
   4.0972459553936034e+00   5.3534263248096341e+00   3.0000000000000000e+00
   7.9742591639116034e+00   5.1244513175571065e+00   3.0000000000000000e+00
   5.0179682116826649e+00   3.7097282243167085e+00   3.0000000000000000e+00
   3.7489195143865217e+00   5.2017923488014253e+00   3.0000000000000000e+00
   7.4506436286172395e+00   4.6627136075617779e+00   3.0000000000000000e+00
   3.4132088624140255e+00   5.4363822061013618e+00   3.0000000000000000e+00
   5.4849903308404322e+00   5.4317361868035015e+00   3.0000000000000000e+00
   7.7089047047824373e+00   5.0410364667110166e+00   3.0000000000000000e+00
   9.2657172166996453e+00   4.9520868103225082e+00   3.0000000000000000e+00
   1.2075593747723090e+00   5.0783913371285392e+00   3.0000000000000000e+00
   5.1169340714426568e+00   3.8806662982618922e-01   3.0000000000000000e+00
   3.2613635278833595e+00   5.4912012048548542e+00   3.0000000000000000e+00
   6.6898487473980461e+00   4.8141444597072400e+00   3.0000000000000000e+00
   4.7563999701842548e+00   2.2556925483468659e+00   3.0000000000000000e+00
   5.7362384291282664e+00   5.6614938614254040e+00   3.0000000000000000e+00
   4.8099203278505298e+00   1.6638039970428009e+00   3.0000000000000000e+00
   4.3843270962052747e+00   2.9423063076409961e+00   3.0000000000000000e+00
   4.0923122452875198e+00   4.1428208631711607e+00   3.0000000000000000e+00
   1.6899527808177950e+00   4.5738944905523091e+00   3.0000000000000000e+00
   7.2104545135459830e-01   5.0158894093533490e+00   3.0000000000000000e+00
   3.8660051938844839e+00   4.6841384211275212e+00   3.0000000000000000e+00
   1.9632773645869472e+00   4.6576712720486393e+00   3.0000000000000000e+00
   9.1451043868854676e+00   4.9018141943670006e+00   3.0000000000000000e+00
   4.4879006446574010e+00   5.2801807072725584e+00   3.0000000000000000e+00
   8.3089344544076233e+00   5.3103958616891758e+00   3.0000000000000000e+00
   2.7301918521162061e+00   4.6033362261552933e+00   3.0000000000000000e+00
   5.0426065921195198e+00   9.2594712462295998e+00   3.0000000000000000e+00
   5.6387686105251404e+00   6.3425819375932191e+00   3.0000000000000000e+00
   3.8485118346727951e+00   4.6538916483704167e+00   3.0000000000000000e+00
   9.0676678786092921e+00   5.2418986077239609e+00   3.0000000000000000e+00
   5.2779990222218487e+00   8.5021597919012066e+00   3.0000000000000000e+00
   7.8768758432066130e+00   4.9089993052781233e+00   3.0000000000000000e+00
   6.3528755102468724e+00   4.7428974218738871e+00   3.0000000000000000e+00
   3.3425033587666588e+00   4.3123376937059819e+00   3.0000000000000000e+00
   6.8449393373030230e+00   5.0607839278291067e+00   3.0000000000000000e+00
   6.0581563445076458e+00   4.2867614999816990e+00   3.0000000000000000e+00
   2.9543187519188265e+00   4.4079318550028157e+00   3.0000000000000000e+00
   4.7023112564564755e+00   6.8021288783281477e+00   3.0000000000000000e+00
   4.9375124753491475e+00   2.3771976437392062e+00   3.0000000000000000e+00
   1.1152274994984879e+00   5.2015386362868723e+00   3.0000000000000000e+00
   5.1721899195666019e+00   4.4422104270962750e+00   3.0000000000000000e+00
   4.0764883751830521e+00   4.4975246846049890e+00   3.0000000000000000e+00
   8.1369685739134656e+00   5.3142267541641690e+00   3.0000000000000000e+00
   1.6817578714711834e+00   4.5966071054974567e+00   3.0000000000000000e+00
   4.8649267933215503e+00   3.9248590721548835e+00   3.0000000000000000e+00
   1.7148202646611987e+00   5.0717453453683659e+00   3.0000000000000000e+00
   4.3759146281489159e+00   5.8919060373406005e+00   3.0000000000000000e+00
   5.0948719637461295e+00   2.8653017848290965e+00   3.0000000000000000e+00
   7.0049727889432880e+00   5.2667728015524435e+00   3.0000000000000000e+00
   4.7778349926233101e+00   1.7240189369817971e+00   3.0000000000000000e+00
   4.9980632373497125e+00   3.9744986869336261e+00   3.0000000000000000e+00
   4.8508823899351192e+00   2.2560410743778614e+00   3.0000000000000000e+00
   3.7674680088639558e+00   4.0023517606550927e+00   3.0000000000000000e+00
   4.6568502428195604e+00   2.0237411186714684e+00   3.0000000000000000e+00
   1.4996900317430817e+00   5.1934714866569482e+00   3.0000000000000000e+00
   5.2488972284782349e+00   5.1271218318605607e+00   3.0000000000000000e+00
   4.8290725507821026e+00   5.6067052153181143e+00   3.0000000000000000e+00
   1.3276805492248644e+00   4.6306218286833012e+00   3.0000000000000000e+00
   4.8321104536079007e+00   6.6579086008114103e+00   3.0000000000000000e+00
   6.6509167066511594e+00   5.2337426280227657e+00   3.0000000000000000e+00
   4.8951595737050866e+00   4.4921897700849787e+00   3.0000000000000000e+00
   7.5814693969829028e+00   5.0880124651550176e+00   3.0000000000000000e+00
   4.9312007151063195e+00   9.2339121935891129e+00   3.0000000000000000e+00
   4.7628123921768868e+00   4.5221621185163672e+00   3.0000000000000000e+00
   4.6955070197257820e+00   2.1183318407673446e+00   3.0000000000000000e+00
   4.9866791621086826e+00   9.2233161751349630e+00   3.0000000000000000e+00
   2.1484667579492145e+00   4.6235032243824472e+00   3.0000000000000000e+00
   2.2267069121664518e+00   4.8154352072724471e+00   3.0000000000000000e+00
   7.4845852120315328e+00   5.3395917047043877e+00   3.0000000000000000e+00
   2.8553955822850288e+00   5.3388773623797334e+00   3.0000000000000000e+00
   4.5546138737639996e+00   4.6565863193491808e+00   3.0000000000000000e+00
   5.4364131165542284e+00   5.2432943017532017e+00   3.0000000000000000e+00
   5.1395624503877286e+00   2.4539085145267938e+00   3.0000000000000000e+00
   5.3907084769253908e+00   8.3993162988923569e+00   3.0000000000000000e+00
   2.7071259687935867e+00   4.9863174135152475e+00   3.0000000000000000e+00
   9.7176887907559362e+00   4.8095359690487696e+00   3.0000000000000000e+00
   4.7676853816969800e+00   7.6754950523710832e+00   3.0000000000000000e+00
   5.1640626156800167e+00   6.5900709554440464e+00   3.0000000000000000e+00
   2.2339799476823377e+00   4.7392031567257309e+00   3.0000000000000000e+00
   3.0444045814362442e+00   5.0925764122591852e+00   3.0000000000000000e+00
   6.6954140402299411e-01   4.7866070132833833e+00   3.0000000000000000e+00
   6.2426601274515754e+00   5.3037870140446230e+00   3.0000000000000000e+00
   3.0559077128484482e+00   4.6076327076439103e+00   3.0000000000000000e+00
   3.9613038848031010e+00   3.6905801623772163e+00   3.0000000000000000e+00
   5.0219178903111548e+00   6.9281916207881347e+00   3.0000000000000000e+00
   6.2728005822262620e+00   4.8322382481063730e+00   3.0000000000000000e+00
   6.8728989592566752e+00   5.4879953317717076e+00   3.0000000000000000e+00
   5.5260264649015811e+00   4.5352355655491152e+00   3.0000000000000000e+00
   1.7017428926584377e+00   5.1072177548813436e+00   3.0000000000000000e+00
   5.0757599811162102e+00   2.3209974559817192e+00   3.0000000000000000e+00
   8.3469893802631052e+00   4.8875528821150871e+00   3.0000000000000000e+00
   7.8228255411078020e+00   5.1181640981105652e+00   3.0000000000000000e+00
   5.2654682004610258e+00   6.3674853509240474e+00   3.0000000000000000e+00
   3.3864092065404714e+00   5.4957387895841716e+00   3.0000000000000000e+00
   3.1700428025419281e+00   4.8397092776888231e+00   3.0000000000000000e+00
   8.0691020921568750e+00   4.9316348135275243e+00   3.0000000000000000e+00
   4.6060988417947595e+00   5.6712061401516358e+00   3.0000000000000000e+00
   6.0808601699532101e+00   5.7557579151727767e+00   3.0000000000000000e+00
   9.5471311203768838e+00   4.9493852479202074e+00   3.0000000000000000e+00
   8.5279301430873584e+00   5.2825632604855999e+00   3.0000000000000000e+00
   5.9843777187388643e+00   5.3965704781889539e+00   3.0000000000000000e+00
   2.5494532923149982e+00   5.1085684676817547e+00   3.0000000000000000e+00
   6.8806457483440262e+00   5.4979153264444705e+00   3.0000000000000000e+00
   8.5458417403673241e+00   4.9101441963877832e+00   3.0000000000000000e+00
   4.0949004985454422e+00   5.4073389969800276e+00   3.0000000000000000e+00
   6.1891709521780678e+00   5.4274404187513205e+00   3.0000000000000000e+00
   5.3393909123877359e+00   9.3931174116378671e+00   3.0000000000000000e+00
   1.6954525721969016e+00   5.1481946610899403e+00   3.0000000000000000e+00
   6.0139916758778424e+00   5.0589872846830790e+00   3.0000000000000000e+00
   4.5981401723507496e+00   4.7242860896468910e+00   3.0000000000000000e+00
   6.0614801167958712e+00   6.1199226879409689e+00   3.0000000000000000e+00
   8.0243699261262353e+00   4.8288279522259403e+00   3.0000000000000000e+00
   6.5218222210320160e+00   5.4487709487052864e+00   3.0000000000000000e+00
   4.8320255510843921e+00   4.3132491464155196e+00   3.0000000000000000e+00
   5.3893794281783372e+00   5.5064273027733570e+00   3.0000000000000000e+00
   5.0696985778743953e+00   9.2884058624442396e+00   3.0000000000000000e+00
   3.9942003425127193e+00   4.9613302145038762e+00   3.0000000000000000e+00
   3.4771616246585388e+00   3.8370034792779295e+00   4.0000000000000000e+00
   9.0298609654517232e+00   6.0390844486434272e+00   4.0000000000000000e+00
   8.6357518915199485e+00   6.0082207566581030e+00   4.0000000000000000e+00
   4.8830467925783383e-02   4.6615576019108795e+00   4.0000000000000000e+00
   4.3575566210185626e+00   6.7298222111249251e-01   4.0000000000000000e+00
   9.7578275339798459e-01   3.8348342205520036e+00   4.0000000000000000e+00
   6.8109499062286583e+00   6.9773490221255070e+00   4.0000000000000000e+00
   6.8768418970822429e+00   7.5955991193710934e+00   4.0000000000000000e+00
   6.0904913807005236e+00   7.2273194054674708e+00   4.0000000000000000e+00
   6.5607895919531023e+00   6.9150976186669775e+00   4.0000000000000000e+00
   5.5607512201009310e+00   8.8701478101667437e+00   4.0000000000000000e+00
   4.1997664604397613e+00   1.7168924017835907e+00   4.0000000000000000e+00
   7.3047768546129044e-01   4.4777163774052653e+00   4.0000000000000000e+00
   2.7356069125804017e+00   3.3770635731418217e+00   4.0000000000000000e+00
   5.6700885376393266e+00   7.9088904343500745e+00   4.0000000000000000e+00
   6.4855171352912695e+00   6.7886537637797764e+00   4.0000000000000000e+00
   3.0144312919324481e+00   2.5107809288466845e+00   4.0000000000000000e+00
   7.5918337101350764e+00   7.2484926471406776e+00   4.0000000000000000e+00
   9.0092670774782171e+00   5.5044178979437053e+00   4.0000000000000000e+00
   9.1170294815936845e+00   6.4137689311333714e+00   4.0000000000000000e+00
   7.9539332147452377e+00   6.2399485547728819e+00   4.0000000000000000e+00
   2.4891663471698280e+00   2.6203121436571406e+00   4.0000000000000000e+00
   1.3894602808097900e+00   3.7978278178756986e+00   4.0000000000000000e+00
   2.4576902322963754e+00   4.3301909722168554e+00   4.0000000000000000e+00
   7.7475613087238604e-01   3.5657580186660320e+00   4.0000000000000000e+00
   7.4330877695831195e+00   6.9892767964023070e+00   4.0000000000000000e+00
   3.1173694484073367e-01   4.1073635457207498e+00   4.0000000000000000e+00
   2.6425903962801267e+00   4.2435614023685639e+00   4.0000000000000000e+00
   8.4863430571195959e+00   5.4369354627114017e+00   4.0000000000000000e+00
   4.4969890689958572e+00   1.1029508043079250e+00   4.0000000000000000e+00
   4.0157356265330302e+00   3.0216657820224588e+00   4.0000000000000000e+00
   4.3875693727843910e+00   1.2212799067242042e+00   4.0000000000000000e+00
   2.3465301486483958e+00   3.4811557101212931e+00   4.0000000000000000e+00
   2.1682245334965944e+00   3.1443363735492005e+00   4.0000000000000000e+00
   6.8146617118710253e+00   7.6185613415210982e+00   4.0000000000000000e+00
   8.0399874138360659e+00   5.5958221722978365e+00   4.0000000000000000e+00
   7.5992052806141528e+00   6.4355220194490936e+00   4.0000000000000000e+00
   2.4934028116130591e+00   3.6065182996996992e+00   4.0000000000000000e+00
   6.0647711488297222e+00   7.6923502123038308e+00   4.0000000000000000e+00
   1.0406107601977810e+00   3.6656790871805587e+00   4.0000000000000000e+00
   1.9952283539401938e+00   4.3638199103586111e+00   4.0000000000000000e+00
   9.3233593870332836e+00   5.9000809919231214e+00   4.0000000000000000e+00
   7.0102056795971706e+00   6.3550110209367485e+00   4.0000000000000000e+00
   1.2129794364599145e+00   3.8773968799935146e+00   4.0000000000000000e+00
   4.6054481922662927e+00   8.7724861102952412e-02   4.0000000000000000e+00
   9.5585380428636473e+00   5.7027370092791250e+00   4.0000000000000000e+00
   3.9633560991451033e+00   1.1223716287232988e+00   4.0000000000000000e+00
   9.4887569138429946e+00   6.2854601822081770e+00   4.0000000000000000e+00
   8.7631091861251811e+00   5.9839769344419587e+00   4.0000000000000000e+00
   6.2046221817177871e+00   7.2399967800546339e+00   4.0000000000000000e+00
   7.9691813125570743e+00   5.6720507830145515e+00   4.0000000000000000e+00
   3.7579595553807743e+00   3.4368502413221478e+00   4.0000000000000000e+00
   5.8672322313040981e+00   7.8789779963441084e+00   4.0000000000000000e+00
   3.9366116490705894e+00   1.8175818691568546e+00   4.0000000000000000e+00
   9.0631095676021509e+00   5.7582535788396267e+00   4.0000000000000000e+00
   2.3606485132547297e+00   4.2586362452217275e+00   4.0000000000000000e+00
   3.4560895056931642e+00   1.3221688412894406e+00   4.0000000000000000e+00
   7.5245526503965876e-01   4.4603384354495201e+00   4.0000000000000000e+00
   3.7595336394260914e+00   2.9508622643825957e+00   4.0000000000000000e+00
   8.0693461268988353e-01   3.6196265970005328e+00   4.0000000000000000e+00
   7.3777666125911683e+00   6.5113736107082438e+00   4.0000000000000000e+00
   1.8303496383684248e+00   4.2961915121022622e+00   4.0000000000000000e+00
   3.9089954340530597e+00   2.9524847853525591e+00   4.0000000000000000e+00
   6.1728800791266032e+00   7.4874675231429100e+00   4.0000000000000000e+00
   6.0972287255389910e+00   7.4791299474115567e+00   4.0000000000000000e+00
   3.6337649505527625e+00   1.8014287709626042e+00   4.0000000000000000e+00
   8.4573367676018734e+00   5.8808777212921202e+00   4.0000000000000000e+00
   1.7627211901794071e+00   4.0805893454264677e+00   4.0000000000000000e+00
   5.5056815898188969e+00   9.9113205310374255e+00   4.0000000000000000e+00
   6.2998440530477753e+00   6.2699560557967509e+00   4.0000000000000000e+00
   8.9004240084298729e+00   5.6934621624995705e+00   4.0000000000000000e+00
   7.2858716163344575e+00   5.7830167763227642e+00   4.0000000000000000e+00
   7.0493484407951135e+00   5.7892925356660907e+00   4.0000000000000000e+00
   7.8056217513425841e-01   4.6241862779054994e+00   4.0000000000000000e+00
   9.9442735822109842e+00   6.1061202976527351e+00   4.0000000000000000e+00
   4.2735804800745854e+00   1.5892113290161269e-01   4.0000000000000000e+00
   2.8785558474885162e+00   3.3711436064811604e+00   4.0000000000000000e+00
   3.1912346521091406e+00   2.1772335492936490e+00   4.0000000000000000e+00
   8.0865716544501023e+00   6.6754773434836974e+00   4.0000000000000000e+00
   2.9198884281559803e+00   3.6493408514078709e+00   4.0000000000000000e+00
   3.3606881823269408e+00   2.8333547580322538e+00   4.0000000000000000e+00
   4.0516787643089582e+00   4.0841595639813155e-01   4.0000000000000000e+00
   3.6204567114107489e+00   2.2242903732857289e+00   4.0000000000000000e+00
   2.5774914053173403e+00   3.8918076695680561e+00   4.0000000000000000e+00
   6.0966521994006593e+00   9.0600520898265451e+00   4.0000000000000000e+00
   3.1212859514449418e+00   1.8321649783757421e+00   4.0000000000000000e+00
   6.5113659200232963e+00   8.2800957749120734e+00   4.0000000000000000e+00
   4.8778095270391231e-01   3.8452835894994983e+00   4.0000000000000000e+00
   6.5761203960356474e+00   6.9450929886054897e+00   4.0000000000000000e+00
   2.3159015958994900e+00   2.8441419312686911e+00   4.0000000000000000e+00
   2.7801318999480209e+00   3.8253836946379027e+00   4.0000000000000000e+00
   5.9730649092470713e+00   6.6121706758908827e+00   4.0000000000000000e+00
   5.6550917536410150e+00   9.2151166526413615e+00   4.0000000000000000e+00
   6.1664908132072940e+00   6.6976264111390424e+00   4.0000000000000000e+00
   6.2313454531631871e+00   8.5104032301730239e+00   4.0000000000000000e+00
   2.7645688318898607e+00   2.3407769664238787e+00   4.0000000000000000e+00
   6.4072783398847459e+00   8.7378000832985734e+00   4.0000000000000000e+00
   4.1152710207928900e+00   2.5265856939142237e+00   4.0000000000000000e+00
   7.1327294678291242e+00   7.3181446141609365e+00   4.0000000000000000e+00
   1.1295637606393183e-01   4.3843200700935281e+00   4.0000000000000000e+00
   6.1611743309720080e+00   7.9642229340768402e+00   4.0000000000000000e+00
   3.6355432307154514e+00   1.3760998487994347e+00   4.0000000000000000e+00
   3.4354236657991546e+00   3.9226080595873505e+00   4.0000000000000000e+00
   3.6469271177951237e+00   9.0778459914342524e-01   4.0000000000000000e+00
   9.6521280012894395e-01   3.8784806905608447e+00   4.0000000000000000e+00
   6.6264553065200165e+00   6.6011530282703967e+00   4.0000000000000000e+00
   8.8085261081782757e+00   6.5290523134235521e+00   4.0000000000000000e+00
   1.7323307902269991e+00   3.6100752938625833e+00   4.0000000000000000e+00
   7.0500351932379246e+00   7.1720730597027185e+00   4.0000000000000000e+00
   3.7663345277822460e+00   1.1620385664663091e+00   4.0000000000000000e+00
   9.5860413077018549e+00   5.5500854444348091e+00   4.0000000000000000e+00
   6.2050062634138463e+00   8.6738018812842093e+00   4.0000000000000000e+00
   4.4371172397961534e+00   1.5475648952237853e-02   4.0000000000000000e+00
   8.8005610480479106e+00   6.2754896923902290e+00   4.0000000000000000e+00
   4.2569106182962262e+00   1.6085297508599405e+00   4.0000000000000000e+00
   2.6209471916857510e+00   2.6162697270326438e+00   4.0000000000000000e+00
   2.1742118383599807e+00   3.4206460777427186e+00   4.0000000000000000e+00
   6.3260784447805731e+00   8.3604658945051273e+00   4.0000000000000000e+00
   6.8273759009611821e+00   5.9902465198888519e+00   4.0000000000000000e+00
   2.4496646762942218e+00   3.0228444477293417e+00   4.0000000000000000e+00
   3.8185658077727447e+00   2.1069055543163828e+00   4.0000000000000000e+00
   6.2034652641704868e+00   7.3110932294745536e+00   4.0000000000000000e+00
   7.9285869461445015e+00   5.8305076300861804e+00   4.0000000000000000e+00
   6.2055212356597886e+00   8.9633436508604820e+00   4.0000000000000000e+00
   8.4616380627347194e+00   5.5246111553330612e+00   4.0000000000000000e+00
   4.7012272265834709e-01   3.7731381490566052e+00   4.0000000000000000e+00
   2.9047350390524116e+00   4.1318397039900967e+00   4.0000000000000000e+00
   8.4762926957428864e+00   6.1277456950663893e+00   4.0000000000000000e+00
   1.7302800840831989e+00   4.5408266402697484e+00   4.0000000000000000e+00
   8.3103195115263180e+00   5.8124195186960907e+00   4.0000000000000000e+00
   7.0839598082559885e+00   7.5965083647328058e+00   4.0000000000000000e+00
   1.9012877646441451e+00   4.3936417897506841e+00   4.0000000000000000e+00
   3.3723747104685908e+00   3.4329658601076951e+00   4.0000000000000000e+00
   8.5977752558367744e+00   6.0979907471856265e+00   4.0000000000000000e+00
   6.3527060755788964e+00   7.0577563991024359e+00   4.0000000000000000e+00
   2.0437463528595377e+00   3.3179029910040079e+00   4.0000000000000000e+00
   5.5193816535229026e+00   9.7114644724572159e+00   4.0000000000000000e+00
   2.3494150869762143e+00   3.5685272652559941e+00   4.0000000000000000e+00
   4.2035781702122010e+00   1.0501089774625294e+00   4.0000000000000000e+00
   9.6033813083151323e+00   5.5826491864806567e+00   4.0000000000000000e+00
   1.5463629506686893e+00   4.4808561788169303e+00   4.0000000000000000e+00
   2.2887240735639081e+00   2.8841659479257107e+00   4.0000000000000000e+00
   3.5774099541243798e+00   2.2548468602954630e+00   4.0000000000000000e+00
   6.6750591180987300e+00   7.8942470010884254e+00   4.0000000000000000e+00
   5.8752493210743753e+00   8.1856547320563582e+00   4.0000000000000000e+00
   4.4052346168312493e+00   8.1560806052609736e-01   4.0000000000000000e+00
   4.6251431238476970e+00   9.0134777544136679e-01   4.0000000000000000e+00
   6.2698495038183788e+00   9.1244044238835773e+00   4.0000000000000000e+00
   4.0798197447392903e+00   1.2585729961485059e+00   4.0000000000000000e+00
   2.8517984576787625e+00   2.6143236903131917e+00   4.0000000000000000e+00
   9.0138844358097643e+00   6.4237719395755013e+00   4.0000000000000000e+00
   5.8673398235140866e+00   9.2379551665562047e+00   4.0000000000000000e+00
   7.6163839896073160e+00   7.2101507180751643e+00   4.0000000000000000e+00
   5.8294907584023843e+00   7.5944377738662174e+00   4.0000000000000000e+00
   7.6601046629856615e+00   6.3421853312998859e+00   4.0000000000000000e+00
   6.9544392342120034e+00   6.2904589790230965e+00   4.0000000000000000e+00
   8.7964300434251079e+00   6.0334474029794807e+00   4.0000000000000000e+00
   2.5573089670815219e+00   3.1787774372822417e+00   4.0000000000000000e+00
   3.6330537821113862e+00   8.5577776619262913e-01   4.0000000000000000e+00
   5.8971735991202294e+00   7.5964461843151643e+00   4.0000000000000000e+00
   6.1455223768076230e+00   6.7831195426341164e+00   4.0000000000000000e+00
   3.0679677000291541e+00   2.5454940325233233e+00   4.0000000000000000e+00
   6.0089215050061204e+00   9.9416007682289411e+00   4.0000000000000000e+00
   8.8627473105243872e+00   5.4592399654663728e+00   4.0000000000000000e+00
   5.9662924486978319e+00   7.8800097538440914e+00   4.0000000000000000e+00
   3.5508319054274819e+00   3.3298996220062369e+00   4.0000000000000000e+00
   6.9766260487800134e+00   7.1994228115225471e+00   4.0000000000000000e+00
   3.6188237405661039e+00   2.7802181273646598e+00   4.0000000000000000e+00
   9.3362723626739399e+00   6.0898029941357148e+00   4.0000000000000000e+00
   1.0276859817270922e+00   4.1579332834148373e+00   4.0000000000000000e+00
   6.4317206461012235e+00   8.3927048600946463e+00   4.0000000000000000e+00
   9.6328220695370366e+00   5.4079776881788097e+00   4.0000000000000000e+00
   3.1329821233942412e+00   1.9411891078359078e+00   4.0000000000000000e+00
   3.4177039893171668e+00   3.0552176939926712e+00   4.0000000000000000e+00
   8.5684640719817136e+00   6.0907170297713584e+00   4.0000000000000000e+00
   4.0426624003924285e+00   1.1673669509224160e+00   4.0000000000000000e+00
   7.0331312989008063e+00   6.7928076796561099e+00   4.0000000000000000e+00
   1.5933885892205346e-02   2.3840113104243810e+00   5.0000000000000000e+00
   8.8774782016058502e+00   9.0497040817314183e+00   5.0000000000000000e+00
   7.7176327221903751e+00   9.7903829969460965e+00   5.0000000000000000e+00
   2.2471070319225928e+00   1.5823370535326675e-01   5.0000000000000000e+00
   1.8017129392879894e+00   1.8659068276871338e+00   5.0000000000000000e+00
   9.7657031145425455e-01   2.3287805931310812e+00   5.0000000000000000e+00
   4.5730391405270576e-01   4.2154626649639648e-01   5.0000000000000000e+00
   2.1072482778652466e+00   1.9108809367890078e+00   5.0000000000000000e+00
   7.3546302019758647e-01   2.3145861646966992e+00   5.0000000000000000e+00
   5.6829240919944901e-01   1.5886576708676137e+00   5.0000000000000000e+00
   8.2378934917343400e+00   9.8778765982435317e+00   5.0000000000000000e+00
   8.7965102161033819e+00   9.6808800532534036e+00   5.0000000000000000e+00
   1.7142142806054173e+00   5.4016742937627038e-01   5.0000000000000000e+00
   1.9662751805580125e+00   2.4440411264353634e+00   5.0000000000000000e+00
   1.4684521901387926e+00   8.8928583321408849e-01   5.0000000000000000e+00
   7.6620641756791343e+00   7.8985838037416229e+00   5.0000000000000000e+00
   2.7995796168058296e+00   7.3526729832592563e-01   5.0000000000000000e+00
   2.9889434916748225e+00   1.3200208827255611e+00   5.0000000000000000e+00
   9.0143463514339994e-01   1.7243691363200087e+00   5.0000000000000000e+00
   9.2147497860638357e+00   7.1914053566084952e+00   5.0000000000000000e+00
   7.9738364494582488e+00   7.5589742569573781e+00   5.0000000000000000e+00
   6.1252618286702143e-01   1.5573993750681048e+00   5.0000000000000000e+00
   8.9314010524119798e+00   8.9080026102286620e+00   5.0000000000000000e+00
   9.9407541035602787e-01   3.9015371417293832e-01   5.0000000000000000e+00
   9.4745985955489260e+00   6.4621635809153801e+00   5.0000000000000000e+00
   9.1510469487888226e+00   9.0979688733962405e+00   5.0000000000000000e+00
   1.0700980494632617e+00   3.0868949303928717e+00   5.0000000000000000e+00
   9.9884211662645246e+00   9.5270349495633599e+00   5.0000000000000000e+00
   9.7395733778096822e+00   7.1809083065123360e+00   5.0000000000000000e+00
   8.1966429810178738e+00   8.6508992104691060e+00   5.0000000000000000e+00
   1.7012600415559376e+00   1.3092332484347358e+00   5.0000000000000000e+00
   8.0702214784240027e+00   9.5108546810706311e+00   5.0000000000000000e+00
   2.9311218198259068e+00   1.8672825141237837e+00   5.0000000000000000e+00
   9.6855823132873340e+00   6.6420333165324497e+00   5.0000000000000000e+00
   7.7835817885656047e+00   8.2961551326188054e+00   5.0000000000000000e+00
   6.0751227679574193e-01   3.1562460398768688e+00   5.0000000000000000e+00
   1.4915919704585812e+00   2.2615754378769726e-02   5.0000000000000000e+00
   7.1505776630837552e+00   9.9470602605202476e+00   5.0000000000000000e+00
   8.3215426643930321e+00   8.7438536740115484e+00   5.0000000000000000e+00
   9.0116192379590565e+00   9.8461628350956474e+00   5.0000000000000000e+00
   7.6230181079900605e+00   8.8527292763670182e+00   5.0000000000000000e+00
   1.6797343098474082e+00   8.2111850984656232e-01   5.0000000000000000e+00
   7.2231542781937730e+00   9.7798552135420085e+00   5.0000000000000000e+00
   9.6396213375455471e+00   7.2554110705934018e+00   5.0000000000000000e+00
   9.9943390833673043e+00   8.5511548019007275e+00   5.0000000000000000e+00
   8.4409450682353726e-01   1.9189969926522599e+00   5.0000000000000000e+00
   2.8864259354731683e+00   1.9225978654275222e-01   5.0000000000000000e+00
   6.5114719559400855e+00   9.5927923253766707e+00   5.0000000000000000e+00
   8.7746031275215390e+00   7.5028399136963202e+00   5.0000000000000000e+00
   5.7514583872465219e-01   5.2703577194245566e-01   5.0000000000000000e+00
   1.5140074641284951e+00   2.6398503525167483e-01   5.0000000000000000e+00
   9.3850862523101934e+00   6.5890134034515180e+00   5.0000000000000000e+00
   3.6546209981000457e+00   3.1881727266921178e-01   5.0000000000000000e+00
   1.5403863462690071e-01   4.4534603054075528e-01   5.0000000000000000e+00
   8.7701820133824757e+00   6.6898136626508649e+00   5.0000000000000000e+00
   7.9627510409499811e+00   8.6012808628520165e+00   5.0000000000000000e+00
   2.1638093892937982e+00   9.4823733755813322e-02   5.0000000000000000e+00
   8.3861335757046902e+00   7.0344111025379208e+00   5.0000000000000000e+00
   9.9084076397782290e+00   9.7230122532302943e+00   5.0000000000000000e+00
   2.6384449630854157e+00   4.0360796387080566e-01   5.0000000000000000e+00
   8.8184233037082844e+00   9.6643370613802375e+00   5.0000000000000000e+00
   7.8284611140266422e+00   7.4073124204604870e+00   5.0000000000000000e+00
   8.8176870683868707e+00   7.0384996703744633e+00   5.0000000000000000e+00
   9.6670445558866831e+00   7.3087278546289358e+00   5.0000000000000000e+00
   6.9740288576566432e+00   9.9422370584554915e+00   5.0000000000000000e+00
   2.0531368056796797e+00   7.0550148929481860e-01   5.0000000000000000e+00
   7.8218176292882635e+00   7.2639384269506557e+00   5.0000000000000000e+00
   2.3815443033044872e+00   2.1626431807070312e+00   5.0000000000000000e+00
   9.9721515513029200e+00   6.6852117853338040e+00   5.0000000000000000e+00
   2.2133249079902741e+00   2.6934939712747497e+00   5.0000000000000000e+00
   7.8223093883079207e+00   7.3926890542210035e+00   5.0000000000000000e+00
   4.6929408897300906e-01   4.1880686288156332e-01   5.0000000000000000e+00
   7.2763786510640616e+00   8.9199034996689015e+00   5.0000000000000000e+00
   7.8023501787493421e+00   7.5822643298681864e+00   5.0000000000000000e+00
   1.5103996273683884e+00   1.9855396221548360e+00   5.0000000000000000e+00
   2.8976387540698898e+00   3.4476001323691552e-01   5.0000000000000000e+00
   1.0741155807389113e+00   9.5039587962770011e-01   5.0000000000000000e+00
   1.8816560503918978e+00   2.3442793542071261e+00   5.0000000000000000e+00
   9.1332864788001622e-01   2.3114892898518322e+00   5.0000000000000000e+00
   7.9208917176287947e+00   7.4887707783411885e+00   5.0000000000000000e+00
   7.4832707994355596e+00   9.8125585875157189e+00   5.0000000000000000e+00
   7.8594346562389372e+00   8.3088111138295897e+00   5.0000000000000000e+00
   2.5155867236487217e+00   1.3727126219176333e+00   5.0000000000000000e+00
   5.6232866795893677e-01   4.1769137420264002e-01   5.0000000000000000e+00
   7.1965519611999529e+00   8.9601473849302344e+00   5.0000000000000000e+00
   6.2544787551008083e+00   9.9946234278851396e+00   5.0000000000000000e+00
   8.3336987567720335e+00   8.4129722992585840e+00   5.0000000000000000e+00
   9.9550945757470490e+00   9.3712095947977474e+00   5.0000000000000000e+00
   9.5691957262101948e+00   7.0053984141653212e+00   5.0000000000000000e+00
   8.0933517494153051e+00   9.8353332981973356e+00   5.0000000000000000e+00
   9.8334755092290109e+00   7.5363593417882226e+00   5.0000000000000000e+00
   1.1078590029930580e+00   2.4365822243962998e-01   5.0000000000000000e+00
   7.2507425329488671e+00   8.4889589651362733e+00   5.0000000000000000e+00
   3.1535454621384962e-01   1.1291091894092387e-01   5.0000000000000000e+00
   7.9794016234431906e+00   8.2079122961465458e+00   5.0000000000000000e+00
   9.9270300463580750e+00   7.2399326095440921e+00   5.0000000000000000e+00
   8.9934888754050597e+00   9.3896639702541655e+00   5.0000000000000000e+00
   3.3398815583071908e+00   1.6722705767317825e-01   5.0000000000000000e+00
   2.3593575633558741e+00   6.2309616184988093e-01   5.0000000000000000e+00
   9.9537791139820513e+00   6.5424755142631135e+00   5.0000000000000000e+00
   2.5314339343135375e+00   1.9260273234239733e+00   5.0000000000000000e+00
   7.1809602630365212e+00   8.5226236177983345e+00   5.0000000000000000e+00
   9.2019492328750889e+00   8.0500147670845195e+00   5.0000000000000000e+00
   3.1820989749542949e+00   4.2981538967090227e-01   5.0000000000000000e+00
   8.9874579908389727e+00   6.6536415611364887e+00   5.0000000000000000e+00
   7.0730780419095449e+00   9.5609264465779713e+00   5.0000000000000000e+00
   1.0692487186485955e+00   2.3937785881924323e+00   5.0000000000000000e+00
   7.7794806423651490e+00   7.3050806496599661e+00   5.0000000000000000e+00
   9.2822807777773750e+00   8.2595259054384780e+00   5.0000000000000000e+00
   1.0431649057322656e+00   3.3296266881199865e+00   5.0000000000000000e+00
   4.2608270891073552e-02   3.4269828348827858e-01   5.0000000000000000e+00
   9.7145611674060977e+00   8.8263048073193708e+00   5.0000000000000000e+00
   8.2384944440352932e+00   8.8104746738242916e+00   5.0000000000000000e+00
   7.6411051055213717e+00   7.3788444496131582e+00   5.0000000000000000e+00
   2.3983708372650159e+00   2.0520698949552276e+00   5.0000000000000000e+00
   2.7310568564619775e-01   3.2261380020412700e+00   5.0000000000000000e+00
   2.4278637870932709e+00   2.6546540609636415e+00   5.0000000000000000e+00
   1.2836449568625719e+00   2.1066714788035092e+00   5.0000000000000000e+00
   9.5627837263317392e+00   8.7355837183371747e+00   5.0000000000000000e+00
   7.4105450686815990e+00   7.9163445565627857e+00   5.0000000000000000e+00
   2.2783109998675166e-01   9.9583464995801396e-01   5.0000000000000000e+00
   9.1782279603859092e+00   9.7521950555832575e+00   5.0000000000000000e+00
   3.2072718845100945e+00   3.1083710633774131e-01   5.0000000000000000e+00
   9.0382940449324387e+00   8.6249367612632550e+00   5.0000000000000000e+00
   1.8460543627037829e+00   2.0325394610700300e+00   5.0000000000000000e+00
   3.7341999507744927e+00   2.7624868091846611e-01   5.0000000000000000e+00
   8.2240157215159981e-01   2.6172045128130108e+00   5.0000000000000000e+00
   4.6408360204923338e-01   3.4367540317535861e-01   5.0000000000000000e+00
   1.6870829099838414e+00   2.2030912019970152e+00   5.0000000000000000e+00
   6.9275109726143489e+00   8.9282395043996949e+00   5.0000000000000000e+00
   1.4475090073233454e+00   1.2101654547983942e+00   5.0000000000000000e+00
   2.2602451714366789e+00   4.7512206486440833e-02   5.0000000000000000e+00
   2.1826146680839509e+00   2.4835552392310500e-02   5.0000000000000000e+00
   4.6048999890797804e-01   1.6370937867434332e+00   5.0000000000000000e+00
   2.6164644533887227e-01   2.7272914262661030e+00   5.0000000000000000e+00
   7.6503455963982150e+00   9.3812745664511752e+00   5.0000000000000000e+00
   9.7528741545643882e+00   9.6213681027676863e+00   5.0000000000000000e+00
   2.8677914082999290e+00   1.7363156683201497e+00   5.0000000000000000e+00
   3.3454270600009375e+00   5.0755481071333430e-01   5.0000000000000000e+00
   6.9410869609946024e-02   1.7901380142744583e+00   5.0000000000000000e+00
   7.1002867826726925e+00   8.8502164030353097e+00   5.0000000000000000e+00
   8.9895787478107785e+00   7.7803233607193398e+00   5.0000000000000000e+00
   8.8157009481580051e+00   8.7068015526551861e+00   5.0000000000000000e+00
   9.3431303478218961e+00   9.0022108242292234e+00   5.0000000000000000e+00
   1.9649420047305410e-01   4.2093738058282648e-01   5.0000000000000000e+00
   1.5085755505245779e+00   3.2390394243913234e+00   5.0000000000000000e+00
   1.5226943300453510e+00   2.5411534697270453e+00   5.0000000000000000e+00
   3.8170583815359427e-01   2.3628922171672473e+00   5.0000000000000000e+00
   8.3939876057415201e+00   9.1709051156608421e+00   5.0000000000000000e+00
   8.3758066119133883e+00   9.7276309975239528e+00   5.0000000000000000e+00
   2.3888421790593064e+00   2.5364772480777797e+00   5.0000000000000000e+00
   8.0867359402919909e+00   9.0565132879833303e+00   5.0000000000000000e+00
   7.0779991544161147e-01   3.1609982193582544e+00   5.0000000000000000e+00
   1.9934078032303881e+00   8.8850351100003611e-01   5.0000000000000000e+00
   9.9364822794518481e+00   8.8900253714968631e+00   5.0000000000000000e+00
   3.4166769102204730e-01   3.4302687139657873e+00   5.0000000000000000e+00
   9.5916554007527370e+00   9.9785279975065837e+00   5.0000000000000000e+00
   9.2762373909088272e+00   7.1301166849539914e+00   5.0000000000000000e+00
   1.5710254854703865e+00   3.1677084835540281e+00   5.0000000000000000e+00
   8.2388163783920092e+00   9.2194593324727467e+00   5.0000000000000000e+00
   1.5476220068299729e+00   2.2337783921477747e+00   5.0000000000000000e+00
   2.1084217404274574e-01   2.1303232767274638e-02   5.0000000000000000e+00
   2.0634480919980200e+00   9.1453501950410465e-01   5.0000000000000000e+00
   9.8717234640413598e-01   2.4452960879981491e+00   5.0000000000000000e+00
   1.5779994949335130e-01   9.5046320239009496e-02   5.0000000000000000e+00
   2.3565458953819194e+00   1.7401046290537292e-01   5.0000000000000000e+00
   7.4822816466840187e+00   9.7380432352974218e+00   5.0000000000000000e+00
   2.2442293453707354e+00   1.8055731113176432e+00   5.0000000000000000e+00
   7.3208355450452345e+00   8.3129397656447477e+00   5.0000000000000000e+00
   8.6032390296311405e+00   9.8604396018572178e+00   5.0000000000000000e+00
   9.4102708258480501e+00   8.6744341069130666e+00   5.0000000000000000e+00
   9.7805437470128176e+00   7.0495151184928844e+00   5.0000000000000000e+00
   8.8368981753395506e+00   7.1005470408996629e+00   5.0000000000000000e+00
   8.5206397232643525e+00   7.6333972309054667e+00   5.0000000000000000e+00
   9.7980274499135174e+00   9.3823728724982463e+00   5.0000000000000000e+00
   8.9698267383118271e+00   7.2869710381595159e+00   5.0000000000000000e+00
   9.4004671027835602e+00   6.5951798457007342e+00   5.0000000000000000e+00
   2.7874785718609854e+00   9.6968913154376946e-01   5.0000000000000000e+00
   6.6684249228851229e+00   9.9834279989428172e+00   5.0000000000000000e+00
   7.5761821924902328e-01   1.2742094437255413e+00   5.0000000000000000e+00
   9.3418024479915491e+00   7.0903347565649995e+00   5.0000000000000000e+00
   8.9184554829842551e+00   7.7545486123513552e+00   5.0000000000000000e+00
   5.9690602225266232e-01   3.4929884448236246e+00   5.0000000000000000e+00
   8.3425679293279185e+00   6.9465261771990727e+00   5.0000000000000000e+00
   9.6372890612988655e+00   7.7103771123156566e+00   5.0000000000000000e+00
   2.5443515953762166e+00   2.0519945235310777e+00   5.0000000000000000e+00
   2.1979935231146621e+00   1.4258332391686723e-02   5.0000000000000000e+00
   9.1805145015501282e+00   8.7171342514236407e+00   5.0000000000000000e+00
   1.7295968580997367e+00   1.1679069838741152e+00   5.0000000000000000e+00
   2.2350878723669454e+00   2.3244143234262813e+00   5.0000000000000000e+00
   1.2272392335727078e+00   3.3451053095402306e+00   5.0000000000000000e+00
   6.0888778578002012e-01   2.6494857668829761e+00   5.0000000000000000e+00
   8.4491189990380740e+00   9.7619798805938238e+00   5.0000000000000000e+00
   1.9365491687359404e+00   1.3710084121195243e+00   5.0000000000000000e+00
   9.0794356675205421e+00   8.7815693433461366e+00   5.0000000000000000e+00
   2.9274733635685379e+00   8.8862827216638296e-01   5.0000000000000000e+00
   1.1373204469726272e+00   9.5932746792895651e-01   5.0000000000000000e+00
   9.4852576492977914e+00   9.9965198640081088e+00   5.0000000000000000e+00
   8.9425839187205796e+00   6.7111634547868846e+00   5.0000000000000000e+00
   6.8357884811216536e+00   8.6364354245297896e+00   5.0000000000000000e+00
   9.7612303037943811e+00   9.0223061589077620e+00   5.0000000000000000e+00
   7.4051751975505109e+00   7.7082039608816544e+00   5.0000000000000000e+00
   9.6031479230276382e+00   6.7965255962491806e+00   5.0000000000000000e+00
   7.1602774184489171e+00   9.4026447552840544e+00   5.0000000000000000e+00
   9.3491880253427473e-01   1.8480544516072517e+00   5.0000000000000000e+00
   2.2379614245054968e-02   7.8232136318121093e-01   5.0000000000000000e+00
   7.5183771296544855e+00   8.1464091971228836e+00   5.0000000000000000e+00
   1.1402061049909706e-01   3.5694807573072138e+00   5.0000000000000000e+00
   9.3302074882965371e+00   8.8491735928873201e+00   5.0000000000000000e+00
   7.9410126194476360e+00   8.8755081129610467e+00   5.0000000000000000e+00
   9.5974121520498841e+00   7.2359922206453096e+00   5.0000000000000000e+00
   2.8875394418215530e+00   1.6892408686308280e+00   5.0000000000000000e+00
   1.5958951066817162e+00   2.8176282801614905e+00   5.0000000000000000e+00
   7.3489529025318854e+00   8.8860080214254751e+00   5.0000000000000000e+00
   2.0407063340626461e+00   2.7222685715019779e+00   5.0000000000000000e+00
   3.0227248412218186e+00   1.7158022752098512e+00   5.0000000000000000e+00
   3.3593868827718198e-01   2.2075027743226894e-02   5.0000000000000000e+00
